0 0.08338111057692309 0.17123179567307692 0.09357362259615386 0.16370685817307692 0.10185503605769232 0.1490153076923077 0.08592923798076924 0.14041537740384616 0.06490718509615384 0.14041537740384616 0.047707322115384615 0.13969871634615386 0.02795933173076923 0.14471534134615385 0.03178152403846154 0.15689857932692305 0.036240747596153845 0.17123179567307692 0.050892480769230766 0.17015680528846153 0.07000343990384615 0.17015680528846153 0.08338111057692309 0.17123179567307692
7 0.14708430528846156 0.08989078125 0.14135101682692308 0.10064069471153846 0.15090649759615385 0.10243234615384617 0.16109900721153847 0.10314900721153847 0.16938042307692308 0.10565732211538462 0.1789359014423077 0.10064069471153846 0.18912841346153847 0.09562406730769231 0.18912841346153847 0.08989078125 0.19358763701923076 0.08379916346153847 0.19549873317307692 0.0723325889423077 0.18212106249999999 0.06731596153846155 0.1738396466346154 0.07018260576923077 0.16683229567307695 0.07412424038461539 0.1623730721153846 0.07734921394230769 0.15663978365384615 0.08738246875 0.14708430528846156 0.08989078125
13 0.2082393701923077 0.06516597836538461 0.21460968990384616 0.0723325889423077 0.22416517067307692 0.0755575625 0.2356317451923077 0.07161592788461538 0.2451872235576923 0.06444931730769231 0.2502834783653846 0.046532793269230766 0.24709831971153845 0.03936618509615385 0.2394539375 0.034707889423076926 0.22416517067307692 0.036499540865384615 0.2158837548076923 0.04474114182692308 0.21015046634615386 0.05549105528846154 0.2082393701923077 0.06516597836538461
13 0.28468320432692307 0.10028236538461538 0.3018830673076923 0.09634072836538461 0.31271261057692307 0.08415749278846155 0.3158977692307693 0.07125759615384616 0.3050682259615385 0.06301599519230769 0.2923275865384615 0.05835769951923077 0.27703881971153843 0.05943269230769231 0.2611130216346154 0.06946594471153845 0.2585648942307692 0.08057418990384616 0.2585648942307692 0.08989078125 0.27066850240384616 0.09741572115384615 0.28468320432692307 0.10028236538461538
0 0.3381938870192308 0.046532793269230766 0.3624011009615385 0.04223282932692308 0.3776898677884616 0.0006664951923076924 0.2738536610576923 0.00138315625 0.2604759903846154 0.03757453365384615 0.28914242788461536 0.04294949038461538 0.30697932211538465 0.04438281249999999 0.3158977692307693 0.03972451442307692 0.3286384086538462 0.04079950721153846 0.3381938870192308 0.046532793269230766
7 0.3050682259615385 0.062299334134615386 0.3146237043269231 0.07161592788461538 0.31844589663461537 0.0755575625 0.3318235673076923 0.07054093509615385 0.3292754399038461 0.05979102163461539 0.32545324759615385 0.05441606490384616 0.3305495048076923 0.05011609855769231 0.3286384086538462 0.045457802884615386 0.31844589663461537 0.041157836538461536 0.3076163533653846 0.04438281249999999 0.30570525721153846 0.05047443028846154 0.29614977884615384 0.05513272596153846 0.2967868100961538 0.05943269230769231 0.3050682259615385 0.062299334134615386
7 0.2534686394230769 0.1966732596153846 0.26684631009615384 0.1920149639423077 0.27066850240384616 0.18449002403846154 0.26875740625 0.17768174519230767 0.2598389591346154 0.17159012740384616 0.25283160576923075 0.1665735 0.23817987259615384 0.16836515384615386 0.2260762644230769 0.17983172836538464 0.2248022019230769 0.192731625 0.23754284134615386 0.1973899206730769 0.2534686394230769 0.1966732596153846
4 0.3165348004807692 0.13468208894230768 0.32991247115384614 0.13396542788461538 0.34902343028846156 0.12715714903846154 0.3547567163461538 0.11569057451923077 0.3598529735576923 0.10888229567307692 0.35666781249999996 0.10207401682692309 0.3362827908653846 0.10458232932692307 0.31526073798076926 0.11533224278846153 0.3018830673076923 0.11640723557692308 0.3076163533653846 0.13038212259615384 0.3165348004807692 0.13468208894230768
4 0.3764158028846154 0.2937808173076923 0.3713195480769231 0.2876891995192308 0.34392717548076923 0.2826725721153846 0.32800137500000004 0.2790892668269231 0.3222680889423077 0.2959307980769231 0.3458382692307692 0.29987243509615386 0.3725936105769231 0.30345573798076925 0.3764158028846154 0.2937808173076923
6 0.33437169471153844 0.3457387331730769 0.3381938870192308 0.33140551442307686 0.34201607932692313 0.3210139326923077 0.34010498317307697 0.30023076442307695 0.32609028125 0.2995141033653846 0.33373466346153846 0.31492231490384615 0.3305495048076923 0.3371388028846154 0.3292754399038461 0.3475303870192308 0.33437169471153844 0.3457387331730769
13 0.20186905048076922 0.2479145168269231 0.20887640384615386 0.24898950721153845 0.2216170408653846 0.2414645673076923 0.2311725216346154 0.23358129807692307 0.22926142548076925 0.22103973076923078 0.22225407451923077 0.2077815048076923 0.20505421153846154 0.20957315625 0.19677279567307693 0.21960641105769232 0.19422466826923077 0.22963966346153847 0.19677279567307693 0.24182289903846155 0.20186905048076922 0.2479145168269231
2 0.21460968990384616 0.1504486298076923 0.21142453125000002 0.14113203846153846 0.20250608413461538 0.13898205528846155 0.18466918990384615 0.13826539423076922 0.16874339182692305 0.13647374278846153 0.1636471346153846 0.14149036778846155 0.1706544855769231 0.14937363942307694 0.18148402884615383 0.15403193509615384 0.1929506057692308 0.15618191826923075 0.2120615625 0.15797356971153848 0.21460968990384616 0.1504486298076923
0 0.12415115384615386 0.22784800961538462 0.11905489903846153 0.22677301923076923 0.08656626923076922 0.22713134855769232 0.0674553125 0.22820634134615383 0.06427015144230769 0.23823959374999998 0.06490718509615384 0.25221448317307693 0.12160302644230768 0.25364780528846154 0.12351412259615385 0.23823959374999998 0.12415115384615386 0.22784800961538462
0 0.44011899759615386 0.0010248245192307692 0.3799959230769231 0 0.37960096394230775 0.0010248245192307692 0.3713195480769231 0.022166322115384614 0.39488973076923073 0.01858301923076923 0.3974378581730769 0.013566391826923077 0.41527475240384615 0.007474774038461539 0.4407560288461539 0.003174807692307692 0.44011899759615386 0.0010248245192307692
2 0.47005949759615384 0.00138315625 0.4394819663461539 0.007116442307692308 0.40571927403846153 0.013924721153846156 0.4012600480769231 0.0182246875 0.42992648557692303 0.013208060096153846 0.4694224663461538 0.005683120192307692 0.5 0.00030816346153846155 0.47005949759615384 0.00138315625
2 0.4038081778846154 0.02109133173076923 0.4624151153846154 0.013208060096153846 0.4949037451923077 0.007116442307692308 0.5242072139423077 0.003174807692307692 0.5184739254807693 0.00030816346153846155 0.5038221923076923 0.0010248245192307692 0.47451872115384613 0.0049664615384615385 0.4312005504807692 0.012491399038461538 0.3694084519230769 0.022524653846153844 0.37323064423076924 0.02610795673076923 0.4038081778846154 0.02109133173076923
2 0.5050962548076924 0.05907436057692307 0.5089184471153846 0.05549105528846154 0.4751557548076923 0.04581613221153846 0.4216450721153846 0.03148291586538461 0.3923416009615384 0.023957975961538463 0.38851941105769233 0.027899610576923077 0.4050822403846154 0.03255790625 0.4522226033653846 0.04474114182692308 0.4859852980769231 0.05549105528846154 0.5050962548076924 0.05907436057692307
8 0.4343857091346154 0.2658310408653846 0.42992648557692303 0.25687277884615384 0.4190969423076923 0.24397288221153846 0.40571927403846153 0.2461228653846154 0.41081552884615385 0.25973942307692305 0.41718584855769236 0.2715643269230769 0.4229191346153846 0.2751476322115385 0.43374867788461535 0.2726393197115385 0.4343857091346154 0.2658310408653846
10 0.4280153918269231 0.2758642932692308 0.41845991105769226 0.2798059278846154 0.43502274278846154 0.2909141730769231 0.4458522860576923 0.2884058605769231 0.4458522860576923 0.2848225552884615 0.43884493269230773 0.2744309711538462 0.4280153918269231 0.2758642932692308
7 0.37577877163461537 0.3460970649038462 0.3904305072115385 0.3468137259615384 0.4012600480769231 0.3460970649038462 0.40826740144230766 0.3396471153846154 0.4165488149038462 0.3328388365384616 0.4216450721153846 0.3271055504807692 0.4044452091346154 0.32208892307692305 0.3891564423076923 0.3181472884615385 0.38278612259615385 0.30990568749999997 0.37068251682692305 0.31528064423076924 0.36176406971153846 0.3224472548076923 0.36303813221153847 0.3306888533653846 0.37068251682692305 0.3410804375 0.37577877163461537 0.3460970649038462
0 0.4190969423076923 0.29700579086538464 0.3993489543269231 0.31205567067307693 0.41718584855769236 0.31886394951923075 0.43629680528846154 0.30524739182692306 0.4190969423076923 0.29700579086538464
8 0.4063563052884615 0.36580524038461537 0.4229191346153846 0.3597136225961538 0.43502274278846154 0.3518303509615385 0.44330415624999997 0.3450220721153846 0.4509485408653846 0.3364221418269231 0.43502274278846154 0.3374971322115385 0.4190969423076923 0.3457387331730769 0.41081552884615385 0.3532636730769231 0.4006230168269231 0.35899696153846156 0.4063563052884615 0.36580524038461537
6 0.38023799519230767 0.3955466682692308 0.39106753846153847 0.395905 0.3993489543269231 0.3890967211538462 0.41718584855769236 0.38694673798076923 0.4292894543269231 0.38981338221153844 0.4464893173076923 0.3876633990384616 0.4509485408653846 0.3837217644230769 0.45731886057692306 0.37798847596153845 0.45731886057692306 0.37548016346153845 0.4343857091346154 0.37655515384615384 0.4356597740384615 0.36938854567307694 0.4089044326923077 0.3701052067307692 0.39488973076923073 0.3686718846153846 0.3789639302884616 0.37727181490384615 0.37450470673076924 0.3873050673076923 0.38023799519230767 0.3955466682692308
6 0.3434512211538462 0.4600621923076923 0.3470610673076923 0.4339552596153846 0.34963953124999997 0.41945140625 0.34654537500000004 0.41045901682692304 0.31250966826923077 0.40842847836538465 0.30993120673076924 0.43105448798076923 0.3058056658653846 0.45600111298076923 0.3058056658653846 0.47630650721153844 0.33055890625 0.48036758653846157 0.3398413725961538 0.4809477403846154 0.3434512211538462 0.4600621923076923
2 0.43679156730769225 0.19696231250000001 0.42647771634615383 0.2036340841346154 0.4259620240384615 0.21436693509615384 0.4244149471153846 0.23177155769230767 0.4249306394230769 0.2419242548076923 0.43524449038461543 0.2416341778846154 0.4532937283653846 0.23815325240384616 0.4605134230769231 0.2291608653846154 0.46102911538461544 0.21378678125 0.4625761947115385 0.20711500961538462 0.4563878822115385 0.19928293028846153 0.45123095913461536 0.19348138942307694 0.43937002884615384 0.1958020048076923 0.43679156730769225 0.19696231250000001
11 0.53580453125 0.4670240408653846 0.5167239086538461 0.4600621923076923 0.4914549759615384 0.4664438870192308 0.5079571346153846 0.4754362764423077 0.5352888389423077 0.4812378173076923 0.5543694615384616 0.4812378173076923 0.5445713052884615 0.4725355048076923 0.53580453125 0.4670240408653846
6 0.5347731466346154 0.49980274759615384 0.5363202235576924 0.4841385865384616 0.5156925240384616 0.4789171995192308 0.5172396009615384 0.4989325168269231 0.5347731466346154 0.49980274759615384
7 0.4692801971153846 0.49313097596153843 0.4672174254807692 0.4977722091346154 0.4656703485576923 0.5024134399038462 0.47701558413461537 0.5070546730769231 0.48629805048076924 0.5090852139423077 0.5043472884615384 0.5082149807692308 0.5198180625 0.5082149807692308 0.5363202235576924 0.5102455216346153 0.5456026899038462 0.5090852139423077 0.5486968461538462 0.5038638269230769 0.5388986874999999 0.5009630552884615 0.5141454471153846 0.49980274759615384 0.5105355985576924 0.47833704567307694 0.5002217475961538 0.4728255817307693 0.48939220432692304 0.4736958125 0.4847509711538462 0.47804696874999997 0.46360757932692304 0.4829782788461538 0.4501995721153846 0.4893599735576923 0.4692801971153846 0.49313097596153843
7 0.4966119014423077 0.5230089110576923 0.5125983677884615 0.5273600673076924 0.5285848365384616 0.5334516850961538 0.5373516105769232 0.532581454326923 0.5502439230769232 0.5282302980769231 0.5512753076923077 0.5180776009615384 0.5388986874999999 0.5154669086538461 0.5203337572115385 0.5105355985576924 0.4940334375 0.5096653677884615 0.48990789663461537 0.5128562139423077 0.4806254326923077 0.5198180625 0.48320389423076926 0.5244592956730769 0.4966119014423077 0.5230089110576923
4 0.6569922740384615 0.5418639182692307 0.6425528846153846 0.5476654591346154 0.6281134927884615 0.5485356923076923 0.62553503125 0.5589784639423077 0.6446156538461539 0.5618792355769231 0.662664891826923 0.5607189278846154 0.6667904326923076 0.5583983100961538 0.662664891826923 0.5502761538461539 0.6569922740384615 0.5418639182692307
8 0.6033602524038462 0.5807342427884615 0.6157368725961538 0.5714517764423077 0.6286291850961538 0.5604288509615385 0.6260507235576923 0.5485356923076923 0.6162525649038462 0.5505662307692307 0.6080014855769231 0.557528079326923 0.5914993245192307 0.5711616995192308 0.585311014423077 0.5804441658653846 0.5925307091346154 0.5833449374999999 0.6033602524038462 0.5807342427884615
7 0.5492125384615385 0.5615891586538462 0.5610734663461538 0.5647800048076923 0.5641676201923077 0.570581545673077 0.5786070120192307 0.5720319326923077 0.585311014423077 0.5627494663461539 0.5858267067307692 0.5569479254807692 0.576028548076923 0.5467952283653846 0.5631362355769232 0.5404135336538461 0.5497282307692308 0.5433143052884616 0.5466340745192307 0.5485356923076923 0.5492125384615385 0.557528079326923 0.5492125384615385 0.5615891586538462
7 0.5997504038461539 0.5525967692307693 0.6090328701923077 0.5517265384615384 0.6136741033653846 0.5488257692307692 0.61264271875 0.5407036105769231 0.6116113341346154 0.5372226875 0.5987190192307692 0.5349020697115384 0.5894365552884615 0.5375127644230769 0.58066978125 0.5349020697115384 0.579122704326923 0.5444746129807693 0.5868580913461539 0.5525967692307693 0.5997504038461539 0.5525967692307693
7 0.8545025120192308 0.4542606514423077 0.8622378990384616 0.4458484182692307 0.8555338966346154 0.4374361826923077 0.8405788125 0.42873387259615386 0.8333591177884615 0.41771094471153847 0.8220138822115385 0.41858117548076923 0.8091215697115385 0.4238025625 0.7915880240384615 0.42670333173076924 0.7812741730769232 0.4333751033653846 0.7864310985576922 0.44845911057692306 0.801901875 0.4554209591346154 0.823045266826923 0.4629629639423077 0.8395474278846154 0.46238280769230766 0.8545025120192308 0.4542606514423077
4 0.8673948245192308 0.4652835793269231 0.8746145192307692 0.4586118076923077 0.8787400600961538 0.45310034375 0.8725517500000001 0.45048964903846156 0.8586280504807693 0.4525201899038462 0.8441886610576923 0.4603522692307692 0.8426415841346154 0.4647034254807692 0.8539868197115384 0.46615381009615386 0.8617222067307692 0.4664438870192308 0.8673948245192308 0.4652835793269231
4 0.9210268461538462 0.46325304086538466 0.9184483846153846 0.45948203846153846 0.9034933004807691 0.4554209591346154 0.8916323725961538 0.4638331947115385 0.8988520697115384 0.47050496634615385 0.9091659182692309 0.4725355048076923 0.9256680793269231 0.47514619951923076 0.9297936201923077 0.47021488942307693 0.9210268461538462 0.46325304086538466
10 0.9798157956730769 0.5293906057692308 0.9648607115384615 0.5314211466346154 0.9684705600961538 0.5386730721153846 0.9813628725961538 0.5386730721153846 0.9860041057692308 0.5346119927884615 0.9798157956730769 0.5293906057692308
6 0.8354218870192308 0.36839784615384613 0.8209824975961539 0.37042838461538463 0.8184040336538462 0.38203146634615387 0.8127314182692308 0.3985658581730769 0.8385160432692308 0.3930543942307692 0.8400631201923077 0.37942077403846153 0.8354218870192308 0.36839784615384613
5 0.9406231634615385 0.32488629086538456 0.9220582307692309 0.3274969831730769 0.9318563894230769 0.33329852403846155 0.9390760841346153 0.3335886009615385 0.947842858173077 0.33039775480769235 0.9406231634615385 0.32488629086538456
7 0.8369689663461538 0.2207486298076923 0.839031735576923 0.22306924759615385 0.8245923461538461 0.23322194471153848 0.8111843389423077 0.2372830216346154 0.801901875 0.23960363942307691 0.7962292572115385 0.24743571875 0.7982920264423077 0.25497772115384615 0.81170003125 0.25468764423076923 0.8297492692307693 0.25381741346153847 0.8467671225961539 0.251786875 0.8612065144230769 0.25207695192307694 0.8699732860576923 0.2512067211538462 0.8890539110576923 0.24714564182692306 0.8978206826923076 0.23757309855769232 0.9091659182692309 0.23757309855769232 0.9174169999999999 0.24395479326923078 0.9282465432692307 0.2448250264423077 0.9390760841346153 0.24134410096153847 0.9359819302884615 0.23032117307692307 0.9127757668269231 0.22190893990384616 0.8875068341346153 0.21175624278846156 0.8617222067307692 0.20885547115384615 0.8410945048076923 0.21552724278846155 0.8369689663461538 0.2207486298076923
6 0.9493899350961539 0.10326742788461538 0.9597037860576924 0.10645827644230768 0.9499056274038461 0.11632089423076922 0.9571253245192307 0.12125220432692307 0.9658920961538461 0.12125220432692307 0.9839413341346154 0.10906896875000001 0.9978650336538462 0.08586280528846155 0.9963179543269232 0.07396964663461539 0.9803314879807693 0.06700779807692307 0.9535154759615385 0.07135895192307692 0.9323720817307692 0.09195442307692307 0.9189640769230769 0.1021071201923077 0.9303093124999999 0.10616819711538462 0.9416545480769231 0.10007657932692307 0.9493899350961539 0.10326742788461538
6 0.8983363750000001 0.06265664182692307 0.9019462235576923 0.07048872115384616 0.8998834543269231 0.07977118750000001 0.8993677620192309 0.08760326682692308 0.9122600745192307 0.09021396153846153 0.92721515625 0.08644295913461539 0.9334034663461538 0.08470249759615384 0.9339191610576923 0.08180172596153847 0.94629578125 0.08093149519230769 0.9509370144230769 0.06729787500000001 0.9504213197115384 0.06439710336538461 0.9230896177884615 0.05743525480769231 0.9096816105769231 0.05685510096153846 0.8983363750000001 0.06265664182692307
6 0.9153542283653846 0.10123688942307692 0.9261837716346153 0.09630557932692309 0.9313406971153846 0.08905365144230769 0.9199954615384616 0.09050403846153846 0.9117443822115384 0.09166434615384615 0.8952422211538462 0.08702311298076923 0.8833812932692309 0.09050403846153846 0.8813185216346154 0.09659565625000001 0.8844126778846154 0.10268727403846153 0.8942108365384616 0.10616819711538462 0.9060717644230769 0.10413765865384615 0.9153542283653846 0.10123688942307692
4 0.8906009879807691 0.1189315889423077 0.8715203653846154 0.12009189663461539 0.8735831346153845 0.12676366826923077 0.8740988269230769 0.13488582451923076 0.880802829326923 0.13401559375 0.8952422211538462 0.12937436298076924 0.8906009879807691 0.1189315889423077
6 0.8993677620192309 0.006381694711538461 0.8921480649038462 0.0020305384615384617 0.8823499086538462 0.007832079326923076 0.8720360576923076 0.013923697115384616 0.8797714447115385 0.01972523798076923 0.8875068341346153 0.021175625 0.8993677620192309 0.015084007211538462 0.8993677620192309 0.006381694711538461
6 0.9370133149038461 0.023496240384615383 0.9421702403846154 0.018564930288461536 0.9401074711538461 0.011603081730769231 0.9308250048076924 0.0075420024038461535 0.9251523870192307 0.007832079326923076 0.91432284375 0.013923697115384616 0.9132914591346153 0.01972523798076923 0.9210268461538462 0.02175577884615385 0.9370133149038461 0.023496240384615383
6 0.9669234807692307 0.029297781250000002 0.9818785649038462 0.022626009615384614 0.9839413341346154 0.0124733125 0.9648607115384615 0.004061079326923077 0.9581567091346154 0.0005801538461538461 0.9318563894230769 0.0014503846153846153 0.9297936201923077 0.00435115625 0.9174169999999999 0.009572543269230769 0.9024619158653846 0.013923697115384616 0.8885382187499999 0.022335932692307693 0.8921480649038462 0.03045808894230769 0.8988520697115384 0.03277870673076923 0.9205111538461538 0.03248862980769231 0.9375290072115384 0.03277870673076923 0.9514527067307692 0.03683978365384615 0.9669234807692307 0.029297781250000002
6 0.8828656009615384 0.06729787500000001 0.9034933004807691 0.0548245625 0.9158699206730769 0.05105356009615385 0.9308250048076924 0.03654970673076923 0.9101973052884615 0.033358860576923076 0.8983363750000001 0.03480924519230769 0.8854440625000001 0.03625962980769231 0.8849283701923076 0.05279402163461539 0.8828656009615384 0.06729787500000001
6 0.9808471802884615 0.2291608653846154 0.9927081081730769 0.22422955528846153 0.9983807259615385 0.2149470889423077 0.98497271875 0.21146616586538464 0.9813628725961538 0.21320662740384616 0.9756902548076922 0.21871809134615386 0.9648607115384615 0.22451963221153845 0.9762059471153847 0.2282906346153846 0.9808471802884615 0.2291608653846154
4 0.9395917788461539 0.8528265096153846 0.9514527067307692 0.851666201923077 0.9571253245192307 0.8577578197115384 0.9653764038461539 0.8589181298076922 0.9725960985576924 0.8676204399038461 0.9787844086538461 0.868490670673077 0.9860041057692308 0.8641395144230769 0.9978650336538462 0.8542768966346154 0.9927081081730769 0.8490555096153846 0.9798157956730769 0.843544045673077 0.9586724014423077 0.8394829663461538 0.9426859326923077 0.8447043533653846 0.9364976225961539 0.8502158173076922 0.9395917788461539 0.8528265096153846
6 0.8101529543269231 0.6993757548076923 0.7668347812499999 0.6924139062500001 0.7642563197115385 0.7106887596153846 0.7709603221153846 0.7179406850961538 0.7833369423076924 0.7260628413461538 0.7936507932692307 0.7202613004807692 0.7977763341346154 0.7321544591346154 0.81170003125 0.7289636129807692 0.823045266826923 0.7254826875 0.8354218870192308 0.7266429951923077 0.8539868197115384 0.737956 0.851924048076923 0.7495590841346154 0.8524397403846155 0.7521697764423076 0.8622378990384616 0.7568110096153846 0.8684262091346154 0.754490391826923 0.8648163629807691 0.7663835504807692 0.8668791322115385 0.7747957860576923 0.8844126778846154 0.7663835504807692 0.8864754471153845 0.75100946875 0.8802871370192308 0.7399865408653846 0.9019462235576923 0.7367956923076923 0.9065874567307692 0.7324445384615385 0.8885382187499999 0.7249025336538462 0.867910516826923 0.71736053125 0.8369689663461538 0.7118490673076923 0.8101529543269231 0.6993757548076923
6 0.6152211802884615 0.7005360625 0.6177996442307693 0.7115589903846153 0.6363645745192308 0.7138796057692307 0.649772579326923 0.7167803774038461 0.662664891826923 0.7162002235576923 0.6724630504807692 0.713009375 0.6858710552884616 0.7063376033653845 0.7008261394230769 0.7016963701923077 0.6951535216346154 0.6938642908653846 0.6889652115384616 0.69183375 0.6482255024038461 0.6593451225961539 0.6312076490384615 0.6677573557692308 0.6229565673076922 0.6729787427884616 0.6100642548076923 0.6700779735576923 0.604907329326923 0.6819711322115385 0.6028445600961538 0.6927039831730769 0.6152211802884615 0.7005360625
8 0.21040255048076922 0.8191775745192308 0.21607516826923076 0.8159867259615384 0.20988685817307692 0.804673721153846 0.2042142403846154 0.792490485576923 0.19905731490384618 0.7861087908653845 0.18668069471153848 0.7861087908653845 0.18307084615384614 0.7898797908653846 0.18255515384615384 0.7936507932692307 0.19235331009615386 0.8055439519230769 0.1975102355769231 0.8151164951923077 0.2042142403846154 0.8197577283653845 0.21040255048076922 0.8191775745192308
4 0.18925915625 0.8348417331730769 0.19338469711538464 0.8394829663461538 0.2062770096153846 0.8357119639423077 0.2042142403846154 0.8316508870192307 0.18925915625 0.8275898076923076 0.18100807451923076 0.8275898076923076 0.1773982283653846 0.8374524278846154 0.18925915625 0.8348417331730769
6 0.25268933653846154 0.8177271875 0.2428911778846154 0.8122157235576922 0.23567148317307693 0.8156966490384616 0.23824994471153846 0.826719576923077 0.24598533413461537 0.8333913485576924 0.25526779807692307 0.8342615793269231 0.25836195432692305 0.8249791153846153 0.25268933653846154 0.8177271875
8 0.12376620673076923 0.6454214230769231 0.11345235576923077 0.6349786514423077 0.09849727163461539 0.6390397283653846 0.11448374038461538 0.65876496875 0.12325051201923078 0.6619558149038463 0.1320172860576923 0.6619558149038463 0.12943882211538463 0.6561542740384615 0.12376620673076923 0.6454214230769231
9 0.033004322115384614 0.6361389591346154 0.03506709134615385 0.6268564927884616 0.025784625000000002 0.6201847211538462 0.013923697115384616 0.6193144903846155 0.004641233173076923 0.6268564927884616 0.005156925480769231 0.6317878028846154 0.01082954326923077 0.63758934375 0.022174778846153844 0.6370091899038461 0.033004322115384614 0.6361389591346154
9 0.15109790865384615 0.6262763389423077 0.14594098317307694 0.6236656466346153 0.1402683653846154 0.62511603125 0.12995451682692308 0.6230854927884616 0.12170343509615383 0.6277267235576923 0.12221912740384615 0.63758934375 0.1320172860576923 0.6428107307692308 0.1449095985576923 0.6407801923076922 0.15625483413461538 0.6341084182692308 0.15109790865384615 0.6262763389423077
7 0.18255515384615384 0.6596351995192309 0.19699454326923077 0.6628260456730769 0.21194962740384618 0.6628260456730769 0.22742040384615383 0.6645665096153847 0.2428911778846154 0.6593451225961539 0.25526779807692307 0.6428107307692308 0.2547521057692308 0.6280168004807692 0.25372072115384614 0.6201847211538462 0.24082840865384617 0.6140931033653846 0.22484193990384613 0.6169938725961538 0.21607516826923076 0.6106121778846154 0.1928690048076923 0.6100320240384616 0.18100807451923076 0.6201847211538462 0.1727569951923077 0.6320778798076923 0.16656868509615386 0.6486122716346153 0.16863145432692306 0.6549939663461538 0.18255515384615384 0.6596351995192309
1 0.3862536995192307 0.5676807764423077 0.3939890889423077 0.6024900216346154 0.3981146274038462 0.6184442596153846 0.40842847836538465 0.6193144903846155 0.43524449038461543 0.62511603125 0.4569035745192308 0.6326580336538462 0.4801097403846154 0.6361389591346154 0.48836081971153844 0.62888703125 0.4935177451923077 0.6021999447115385 0.5007374399038461 0.5859556298076923 0.51001990625 0.5856655528846153 0.5265220673076922 0.5850853990384615 0.5234279110576924 0.5665204687500001 0.5146611394230769 0.5479555360576923 0.5002217475961538 0.5444746129807693 0.47649989182692304 0.5418639182692307 0.45123095913461536 0.5392532259615385 0.43679156730769225 0.5412837644230769 0.4254463317307692 0.5525967692307693 0.4130697115384615 0.566230391826923 0.39863031971153845 0.5668105456730769 0.3862536995192307 0.5676807764423077
8 0.30735274278846153 0.5641998509615385 0.30064874038461536 0.5641998509615385 0.3001330480769231 0.5688410841346154 0.30786843750000004 0.57029146875 0.3150881322115385 0.5740624711538461 0.3315902932692308 0.5734823173076923 0.3444826057692308 0.5758029326923076 0.3604690745192308 0.5731922403846154 0.3630475360576923 0.5668105456730769 0.35685922596153846 0.5633296201923077 0.3527336850961538 0.5612990817307693 0.3398413725961538 0.5627494663461539 0.32746475240384615 0.5627494663461539 0.3140567475961538 0.5615891586538462 0.30735274278846153 0.5641998509615385
8 0.2336087139423077 0.5627494663461539 0.24907948798076923 0.5583983100961538 0.26094041586538463 0.553757076923077 0.27022288221153845 0.5488257692307692 0.2619718028846154 0.5427341490384616 0.24082840865384617 0.5502761538461539 0.22381055528846155 0.5581082331730769 0.22071639903846155 0.5612990817307693 0.22535763221153846 0.5647800048076923 0.2336087139423077 0.5627494663461539
4 0.20730839423076922 0.5865357836538462 0.2031828533653846 0.57899378125 0.18822777163461538 0.5792838581730769 0.17481976442307692 0.57899378125 0.1722413028846154 0.5862457067307693 0.17120991826923077 0.5969785576923077 0.1846179230769231 0.5963984038461538 0.20988685817307692 0.5969785576923077 0.20730839423076922 0.5865357836538462
7 0.12118774278846155 0.5781235504807692 0.1149994326923077 0.5897266322115384 0.1160308173076923 0.6053907908653846 0.12067205048076923 0.6097419471153847 0.14078405769230767 0.6091617932692308 0.15212929326923078 0.60394040625 0.16089606730769232 0.591757170673077 0.1639902235576923 0.582474704326923 0.15780191346153846 0.5723220096153846 0.15161360096153847 0.5656502355769231 0.13614282692307692 0.5665204687500001 0.12479759134615385 0.5697113149038462 0.12118774278846155 0.5781235504807692
8 0.14748806250000002 0.5421539951923077 0.13665851923076924 0.5343219158653846 0.13768990384615384 0.5415738413461538 0.13923698076923077 0.5514364615384616 0.1469723701923077 0.5583983100961538 0.15573914182692306 0.5566578485576923 0.15212929326923078 0.5488257692307692 0.14748806250000002 0.5421539951923077
8 0.11242097115384617 0.51169590625 0.1160308173076923 0.5186577548076923 0.12067205048076923 0.5198180625 0.12943882211538463 0.5189478317307692 0.13923698076923077 0.5180776009615384 0.1402683653846154 0.5082149807692308 0.13768990384615384 0.5012531322115384 0.13820559615384614 0.49052028124999997 0.13820559615384614 0.48239812499999996 0.13047020913461538 0.4768866610576923 0.12686036057692307 0.4722454278846154 0.1196406658653846 0.4736958125 0.1149994326923077 0.4786271225961538 0.11190527644230769 0.48355843269230764 0.11190527644230769 0.4890698966346154 0.11293666346153845 0.49516151442307693 0.11448374038461538 0.5027035192307692 0.11242097115384617 0.51169590625
4 0.16656868509615386 0.4838485096153846 0.17378837980769232 0.4774668149038461 0.18358653846153847 0.46586373317307694 0.18307084615384614 0.46093242307692306 0.17069422596153846 0.45629118990384615 0.15264498798076923 0.45164995913461536 0.14851944711538462 0.45629118990384615 0.13975267307692307 0.46412327163461536 0.13047020913461538 0.4713751971153846 0.1284074375 0.47485612259615384 0.14233113701923078 0.4789171995192308 0.15780191346153846 0.4809477403846154 0.16656868509615386 0.4838485096153846
2 0.20060439182692308 0.5163371394230769 0.1939003894230769 0.5093752908653847 0.17791392067307693 0.5140165240384615 0.16553730048076923 0.520688295673077 0.15470775721153848 0.5311310673076923 0.1593489903846154 0.5360623774038461 0.16708437740384616 0.5322913774038461 0.1768825360576923 0.5293906057692308 0.18616500000000002 0.5264898365384615 0.1939003894230769 0.52039821875 0.20060439182692308 0.5163371394230769
2 0.28672504326923076 0.49400120673076925 0.2898191971153846 0.4913905144230769 0.28466227403846156 0.4864592043269231 0.27898965625 0.4809477403846154 0.27125426682692305 0.47717673798076926 0.2640345721153846 0.4728255817307693 0.2578462620192308 0.4722454278846154 0.2521736442307692 0.4786271225961538 0.2619718028846154 0.48471874038461543 0.2748641153846154 0.4911004350961538 0.28672504326923076 0.49400120673076925
7 0.24340687019230767 0.29268773798076925 0.2722856514423077 0.29703889423076923 0.29136627644230767 0.2967488173076923 0.29033489182692307 0.28311519471153845 0.2934290456730769 0.26803118990384617 0.2578462620192308 0.2683212668269231 0.25423641346153847 0.2628098028846154 0.23618717548076923 0.25816856971153845 0.21349670432692308 0.2558479543269231 0.1928690048076923 0.25004641346153844 0.18100807451923076 0.25787849278846153 0.19338469711538464 0.27499303846153844 0.21194962740384618 0.28282511778846153 0.22690470913461538 0.28833658173076926 0.24340687019230767 0.29268773798076925
6 0.3419041418269231 0.19551192788461538 0.36253184374999997 0.19087069471153845 0.3537650721153846 0.1833286923076923 0.3357158317307692 0.18651953846153846 0.3419041418269231 0.19551192788461538
7 0.4099755552884616 0.17288591826923078 0.4208050985576923 0.1665042235576923 0.42647771634615383 0.1563515264423077 0.4208050985576923 0.14677898557692307 0.4120383269230769 0.1395270576923077 0.4043029375 0.13662628846153846 0.39450478125 0.13546598076923078 0.3862536995192307 0.13459574759615384 0.37387707932692305 0.13894690384615385 0.36975153846153846 0.14764921634615386 0.3769712355769231 0.15693168028846155 0.38676939182692305 0.16795460817307692 0.3950204735576923 0.1743363028846154 0.4099755552884616 0.17288591826923078
7 0.3434512211538462 0.14677898557692307 0.3434512211538462 0.16128283653846154 0.3480924543269231 0.1696950721153846 0.35685922596153846 0.1699851490384615 0.35943768990384617 0.17636684375 0.3769712355769231 0.17520653605769232 0.38470662259615385 0.16563399278846153 0.3769712355769231 0.1592522980769231 0.37181431009615384 0.15258052644230768 0.365626 0.14677898557692307 0.35221799278846155 0.1470690625 0.3434512211538462 0.14677898557692307
4 0.46360757932692304 0.13894690384615385 0.4672174254807692 0.1482293701923077 0.4728900432692308 0.15258052644230768 0.481141125 0.15025990865384614 0.48578235817307697 0.13691636538461538 0.48681374278846157 0.13227513221153847 0.46979588942307693 0.13053467067307692 0.45948203846153846 0.12908428365384614 0.45741926923076925 0.13778659615384614 0.46360757932692304 0.13894690384615385
4 0.4728900432692308 0.15577137259615384 0.4656703485576923 0.1482293701923077 0.4599977307692308 0.13923698076923077 0.4342131057692308 0.1496797548076923 0.4450426466346154 0.1621530673076923 0.4414328004807692 0.16882483894230768 0.45123095913461536 0.16737445432692308 0.4646389639423077 0.16157291346153846 0.4728900432692308 0.15577137259615384
7 0.4620605 0.1786874591346154 0.4878451274038461 0.18100807451923076 0.48836081971153844 0.17636684375 0.49093928124999997 0.16882483894230768 0.49558051442307693 0.1563515264423077 0.4904235889423077 0.1511301394230769 0.47701558413461537 0.15548129567307692 0.4718586586538462 0.15722175721153847 0.45845065384615385 0.16447368509615384 0.4579349615384615 0.16824468509615384 0.4569035745192308 0.1786874591346154 0.4620605 0.1786874591346154
9 0.623987954326923 0.07948111057692307 0.6234722620192308 0.07280933894230769 0.6177996442307693 0.06700779807692307 0.6141897956730769 0.058595562500000004 0.601297483173077 0.05946579326923077 0.5909836322115385 0.06468718028846153 0.5909836322115385 0.07309941586538461 0.5992347115384615 0.08093149519230769 0.6090328701923077 0.08035134134615385 0.623987954326923 0.07948111057692307
0 0.6265664158653846 0.1987027764423077 0.6399744206730769 0.1943516201923077 0.6451313461538462 0.1917409254807692 0.633786110576923 0.17810730528846155 0.6245036466346154 0.17201568750000001 0.6141897956730769 0.17839738221153847 0.6147054879807692 0.1833286923076923 0.6214094903846153 0.19348138942307694 0.6265664158653846 0.1987027764423077
7 0.40327155288461536 0.11138958413461539 0.40224016826923076 0.10297735096153846 0.3924420096153846 0.09688573317307693 0.4037872451923077 0.08992388461538461 0.40842847836538465 0.08180172596153847 0.39450478125 0.07367956971153847 0.3950204735576923 0.07687041586538462 0.3821281586538462 0.07832080288461539 0.3743927716346154 0.0852826514423077 0.3692358461538462 0.09282465384615385 0.3805810817307692 0.10384758173076923 0.3950204735576923 0.11196974038461538 0.40327155288461536 0.11138958413461539
6 0.3290118293269231 0.07832080288461539 0.3455139903846154 0.08673303605769231 0.35582784134615386 0.07716049278846154 0.3419041418269231 0.06845818269230769 0.3290118293269231 0.07832080288461539
7 0.28311519471153845 0.13169497836538463 0.29394473798076926 0.12357281971153845 0.30064874038461536 0.11545066346153846 0.30993120673076924 0.1067483533653846 0.30064874038461536 0.10065673557692308 0.2862093509615385 0.10007657932692307 0.2650659567307692 0.10007657932692307 0.2475324110576923 0.10703843028846155 0.23979702403846154 0.11777127884615385 0.24701671875 0.12937436298076924 0.25629918509615385 0.13517590384615386 0.27280134615384616 0.1357560576923077 0.28311519471153845 0.13169497836538463
7 0.24340687019230767 0.08818342067307693 0.23824994471153846 0.07948111057692307 0.22277917067307693 0.07542003124999999 0.2165908605769231 0.07658033894230769 0.21349670432692308 0.09079411538461539 0.21143393509615385 0.09688573317307693 0.22123209375 0.10297735096153846 0.23309302163461537 0.10123688942307692 0.2428911778846154 0.09601550240384617 0.24340687019230767 0.08818342067307693
4 0.22277917067307693 0.1256033605769231 0.23051455769230772 0.12212243509615385 0.23618717548076923 0.1160308173076923 0.24495394951923075 0.11022927644230769 0.24804810336538463 0.10558804326923078 0.23721856009615383 0.10152696634615385 0.22690470913461538 0.1021071201923077 0.22226347836538463 0.10732850721153847 0.21246531971153845 0.11109950721153847 0.2191693221153846 0.12183235817307692 0.22277917067307693 0.1256033605769231
6 0.2506265673076923 0.13923698076923077 0.2465010264423077 0.1285041298076923 0.23979702403846154 0.11951174278846154 0.2294831730769231 0.12270258894230769 0.2217477860576923 0.13082474759615387 0.22123209375 0.13749651923076922 0.2336087139423077 0.14213775240384616 0.24546964182692307 0.14242782932692308 0.2506265673076923 0.13923698076923077
7 0.2619718028846154 0.1621530673076923 0.26300318749999996 0.15519121875 0.26094041586538463 0.14271790625 0.25423641346153847 0.13807667307692306 0.2428911778846154 0.14445836778846155 0.2299988653846154 0.1537408341346154 0.23051455769230772 0.15954237500000001 0.24598533413461537 0.16244314423076922 0.2619718028846154 0.1621530673076923
4 0.13304867067307694 0.17694699759615384 0.12428189903846154 0.16302329807692306 0.12118774278846155 0.15490114182692308 0.1067483533653846 0.15867214423076922 0.10365419711538461 0.1665042235576923 0.1031385048076923 0.1743363028846154 0.10416988942307692 0.18013784375 0.1191249735576923 0.17694699759615384 0.13304867067307694 0.17694699759615384
7 0.05156925240384615 0.2903671225961538 0.06704002884615384 0.28804650480769234 0.06291448798076923 0.28166481009615385 0.06446156490384615 0.27064188221153845 0.05363202163461538 0.27238234375 0.04022401682692308 0.27354265384615384 0.03145724278846154 0.28166481009615385 0.024237548076923077 0.2871762740384615 0.02630031971153846 0.2932678918269231 0.036098475961538465 0.29384804567307693 0.05156925240384615 0.2903671225961538
8 0.08766772836538461 0.3106725144230769 0.08663634375000001 0.30661143509615385 0.08354218990384615 0.30545112740384617 0.08251080288461539 0.30168012740384614 0.07374403125000001 0.2950083533653846 0.061367411057692306 0.29355796875 0.052600637019230775 0.2993595096153846 0.06291448798076923 0.30690151201923077 0.06910279807692307 0.3092221298076923 0.07529110817307692 0.3092221298076923 0.08251080288461539 0.31241297596153844 0.08766772836538461 0.3106725144230769
4 0.09591881009615386 0.3121228990384616 0.09024619230769232 0.3092221298076923 0.08199511057692307 0.3127030528846154 0.06807141346153846 0.3100923605769231 0.05002217548076923 0.30661143509615385 0.04692801923076923 0.31647405528846156 0.07477541586538462 0.3283672139423077 0.08921480769230769 0.3318481394230769 0.0990129639423077 0.32517636778846154 0.10262281250000001 0.31763436298076925 0.09591881009615386 0.3121228990384616
6 0.14748806250000002 0.2541074903846154 0.13408005528846154 0.2604891850961538 0.10829543028846154 0.2732525769230769 0.10056004326923076 0.2851457355769231 0.1191249735576923 0.2778938076923077 0.1454252908653846 0.26484034134615386 0.15625483413461538 0.25932887740384614 0.14748806250000002 0.2541074903846154
3 0.12995451682692308 0.29094727644230767 0.11654650961538461 0.2892068125 0.09798157932692307 0.28804650480769234 0.09540311778846154 0.2932678918269231 0.09798157932692307 0.29703889423076923 0.11396804807692308 0.2961686634615385 0.13047020913461538 0.297909125 0.12995451682692308 0.29094727644230767
2 0.09798157932692307 0.34461152884615387 0.10056004326923076 0.34577183653846155 0.11396804807692308 0.35012299278846154 0.11654650961538461 0.34838253125 0.12943882211538463 0.33590921634615384 0.13614282692307692 0.3274969831730769 0.14336252163461538 0.3182145168269231 0.13872128846153847 0.3153137475961539 0.13304867067307694 0.31995498076923073 0.12479759134615385 0.32372598076923076 0.11654650961538461 0.3266267524038462 0.10726404567307692 0.3373596033653846 0.09798157932692307 0.34461152884615387
8 0.15419206490384615 0.31647405528846156 0.15831760576923076 0.3158939014423077 0.15677052644230768 0.31125266826923076 0.15419206490384615 0.3028404350961539 0.15058221634615385 0.2947182764423077 0.14851944711538462 0.2889167355769231 0.13768990384615384 0.28804650480769234 0.1309859014423077 0.2921075841346154 0.13562713461538461 0.2993595096153846 0.14181544471153845 0.30690151201923077 0.15006652403846155 0.31299313221153846 0.15419206490384615 0.31647405528846156
8 0.07580680048076924 0.5531769230769231 0.0861206514423077 0.5525967692307693 0.08663634375000001 0.5476654591346154 0.09230896153846155 0.5424440721153846 0.08921480769230769 0.5340318389423077 0.08921480769230769 0.5259096826923076 0.08818342067307693 0.5172073701923077 0.08405788221153847 0.5085050600961538 0.07632249278846154 0.5090852139423077 0.06343018028846154 0.5111157524038462 0.06343018028846154 0.5209783725961539 0.06807141346153846 0.5372226875 0.06755572115384614 0.5441845360576922 0.070649875 0.545634920673077 0.07580680048076924 0.5531769230769231
2 0.05053786778846154 0.4789171995192308 0.052600637019230775 0.4629629639423077 0.05208494471153846 0.4557110360576923 0.04847509615384615 0.4499094951923077 0.04795940384615384 0.4417873389423077 0.041255401442307695 0.44207741586538457 0.038161247596153844 0.4478789567307692 0.03248862980769231 0.4554209591346154 0.03248862980769231 0.4620927307692308 0.029910165865384617 0.47804696874999997 0.05053786778846154 0.4789171995192308
8 0.18719638701923078 0.368978 0.20060439182692308 0.37245892548076925 0.2042142403846154 0.3686879230769231 0.21194962740384618 0.3594054591346154 0.22123209375 0.35244360817307696 0.22484193990384613 0.3463519903846154 0.22123209375 0.34287106730769235 0.2165908605769231 0.34287106730769235 0.20782408653846154 0.3443214519230769 0.2026671610576923 0.3460619134615385 0.1944160817307692 0.3538939951923077 0.1902905408653846 0.35998561298076925 0.18668069471153848 0.3649169230769231 0.18719638701923078 0.368978
8 0.20112008413461538 0.39595516586538465 0.19544746634615384 0.3872528533653846 0.19338469711538464 0.3826116225961539 0.18822777163461538 0.3826116225961539 0.1851336153846154 0.38609254567307694 0.18410223076923077 0.3974055504807692 0.18410223076923077 0.40552770913461533 0.19957300721153848 0.4061078629807692 0.20112008413461538 0.39595516586538465
8 0.14955083173076925 0.36114592067307694 0.14748806250000002 0.36317645913461544 0.1454252908653846 0.36926807692307695 0.15109790865384615 0.37158869471153844 0.1645059158653846 0.3791306971153846 0.1727569951923077 0.3843520841346154 0.1856493076923077 0.3866726995192308 0.18925915625 0.3817413894230769 0.1851336153846154 0.37361923317307694 0.17842961298076923 0.3698482307692308 0.16863145432692306 0.3654970769230769 0.15831760576923076 0.3602756899038461 0.14955083173076925 0.36114592067307694
8 0.17791392067307693 0.39102385576923077 0.1743040721153846 0.3872528533653846 0.16502160817307693 0.38087115865384613 0.1593489903846154 0.3759398485576923 0.15316068028846155 0.3730390793269231 0.1464566778846154 0.3744894639423077 0.14851944711538462 0.3823215456730769 0.15728621874999998 0.3887032403846154 0.16347452884615385 0.39392462740384615 0.1691471466346154 0.3933444711538462 0.17791392067307693 0.39102385576923077
8 0.17842961298076923 0.4066880168269231 0.17946099759615386 0.4034971682692308 0.16966284134615384 0.3974055504807692 0.15780191346153846 0.39276431730769235 0.15161360096153847 0.39595516586538465 0.15573914182692306 0.40030632211538464 0.1598646826923077 0.40407732211538466 0.16966284134615384 0.4087185552884615 0.17585115144230767 0.41161932692307696 0.17842961298076923 0.4066880168269231
10 0.1768825360576923 0.4275735625 0.18100807451923076 0.4206117139423077 0.17842961298076923 0.4174208677884615 0.17327268750000002 0.4148101730769231 0.16347452884615385 0.41597048076923077 0.15625483413461538 0.41945140625 0.15677052644230768 0.42409263942307696 0.1593489903846154 0.42873387259615386 0.17069422596153846 0.4290239495192308 0.1768825360576923 0.4275735625
6 0.23670286778846156 0.37506961778846154 0.23515579086538463 0.3826116225961539 0.23309302163461537 0.3887032403846154 0.23309302163461537 0.39595516586538465 0.2320616346153846 0.402336860576923 0.23618717548076923 0.40755824759615383 0.2320616346153846 0.40929870913461536 0.22535763221153846 0.41277963461538464 0.21762224519230772 0.41684071394230765 0.22071639903846155 0.4209017908653846 0.22896748076923076 0.4211918677884615 0.2439225625 0.41423001923076924 0.25733056971153845 0.40726817067307697 0.25268933653846154 0.4017567067307692 0.2428911778846154 0.40117655288461535 0.2439225625 0.39508493509615383 0.24185979326923077 0.3913139326923077 0.24340687019230767 0.37361923317307694 0.24495394951923075 0.36288638221153846 0.24031271634615384 0.3530237620192308 0.23721856009615383 0.3350389855769231 0.22793609615384616 0.33590921634615384 0.23103025 0.34055044951923075 0.2346400985576923 0.35505430288461537 0.23567148317307693 0.368978 0.23670286778846156 0.37506961778846154
2 0.10777973798076923 0.43018425721153847 0.1149994326923077 0.4325048725961539 0.12325051201923078 0.43105448798076923 0.13304867067307694 0.42032163701923075 0.14336252163461538 0.4101689399038462 0.15109790865384615 0.40204678365384616 0.14748806250000002 0.40030632211538464 0.13614282692307692 0.3965353197115385 0.1309859014423077 0.40001624519230766 0.12273481971153846 0.40958878605769233 0.11706220192307693 0.41771094471153847 0.11242097115384617 0.4235124855769231 0.10777973798076923 0.43018425721153847
2 0.10777973798076923 0.42873387259615386 0.11396804807692308 0.4182910985576923 0.11757789423076924 0.4130697115384615 0.13150159374999998 0.39682539663461536 0.12273481971153846 0.3947948581730769 0.11138958413461539 0.4046574759615385 0.10623265865384615 0.4119094038461538 0.10365419711538461 0.4165506346153846 0.10107573557692308 0.4249628701923077 0.10777973798076923 0.42873387259615386
2 0.09849727163461539 0.41771094471153847 0.10571696634615384 0.4121994807692308 0.10777973798076923 0.4026269375 0.0861206514423077 0.41161932692307696 0.07168126201923077 0.41510025 0.061367411057692306 0.4217720216346154 0.07425972355769231 0.4290239495192308 0.08508926682692307 0.42525294711538464 0.09849727163461539 0.41771094471153847
2 0.07477541586538462 0.38116123557692305 0.06858710576923077 0.3791306971153846 0.05621048557692308 0.37971085096153845 0.03919263221153846 0.38145131250000003 0.03712986057692307 0.39102385576923077 0.046412326923076924 0.3921841634615385 0.06652433653846154 0.3913139326923077 0.07374403125000001 0.38609254567307694 0.07477541586538462 0.38116123557692305
8 0.02681601201923077 0.38928339423076924 0.03145724278846154 0.38319177644230773 0.030941550480769228 0.3779703894230769 0.0319729375 0.37042838461538463 0.027331704326923077 0.36723753846153845 0.017533545673076925 0.37826046634615385 0.00773538701923077 0.38638262259615386 0.0015470769230769232 0.3994360913461538 0.013923697115384616 0.4037872451923077 0.020627701923076926 0.3985658581730769 0.02681601201923077 0.38928339423076924
4 0.10932681490384615 0.3643367668269231 0.13150159374999998 0.37332915624999996 0.13665851923076924 0.36404668990384614 0.15058221634615385 0.35157337740384614 0.15677052644230768 0.3451916826923077 0.14181544471153845 0.33968021875 0.12943882211538463 0.3356191394230769 0.11293666346153845 0.35244360817307696 0.09540311778846154 0.34403137500000003 0.11345235576923077 0.33039775480769235 0.10416988942307692 0.32981759855769227 0.09746588701923077 0.33445883173076923 0.08405788221153847 0.34838253125 0.07786957211538462 0.3507031466346154 0.09798157932692307 0.3582451490384615 0.10932681490384615 0.3643367668269231
7 0.05621048557692308 0.3451916826923077 0.06755572115384614 0.35012299278846154 0.07735387740384615 0.35157337740384614 0.08302649759615385 0.34896268509615386 0.09179326923076923 0.3399702956730769 0.09437173076923076 0.3350389855769231 0.08251080288461539 0.3309779086538462 0.07271264663461538 0.32894736778846156 0.06704002884615384 0.3318481394230769 0.06343018028846154 0.3353290625 0.055179100961538455 0.3388099879807692 0.05621048557692308 0.3451916826923077
0 0.20730839423076922 0.08789334375 0.21040255048076922 0.08122157211538461 0.21091824278846155 0.06787802884615385 0.20472993269230771 0.06352687259615385 0.19544746634615384 0.06990856730769231 0.18719638701923078 0.09572542548076922 0.16656868509615386 0.10558804326923078 0.1454252908653846 0.12125220432692307 0.18771207932692308 0.09920634855769231 0.20730839423076922 0.08789334375
0 0.22587332451923076 0.0014503846153846153 0.20472993269230771 0.01769469951923077 0.2165908605769231 0.031038242788461536 0.22638901682692308 0.026687088942307695 0.2392813317307692 0.005221387019230769 0.24856379567307693 0.00029007692307692306 0.22587332451923076 0.0014503846153846153
10 0.22484193990384613 0.31734428605769227 0.22638901682692308 0.31444351682692306 0.2155594735576923 0.3135732860576923 0.21143393509615385 0.32285575000000005 0.21143393509615385 0.3266267524038462 0.21968501442307692 0.32807713701923075 0.22432624759615385 0.3234359038461539 0.22484193990384613 0.31734428605769227
4 0.2315459423076923 0.4647034254807692 0.24134410096153847 0.46412327163461536 0.2547521057692308 0.4649935024038462 0.26661303365384614 0.46238280769230766 0.2764111923076923 0.4583217307692308 0.2795053485576923 0.4510698052884615 0.2717699591346154 0.44207741586538457 0.24804810336538463 0.4446881081730769 0.23618717548076923 0.4470087259615385 0.22277917067307693 0.4533904206730769 0.22329486298076923 0.4589018846153846 0.2315459423076923 0.4647034254807692
10 0.2743484230769231 0.5821846274038461 0.26712872596153847 0.5905968629807693 0.2722856514423077 0.5943678629807693 0.2825995024038461 0.5940777860576923 0.29136627644230767 0.5908869399038461 0.2877564278846154 0.5804441658653846 0.2743484230769231 0.5821846274038461
2 0.18616500000000002 0.5665204687500001 0.19080623317307693 0.5682609302884616 0.1944160817307692 0.5630395432692308 0.20008869951923075 0.5476654591346154 0.2042142403846154 0.5279402211538462 0.19183761778846156 0.5267799134615385 0.18410223076923077 0.5264898365384615 0.18255515384615384 0.5395433028846154 0.18255515384615384 0.5499860769230769 0.1846179230769231 0.5604288509615385 0.18616500000000002 0.5665204687500001
7 0.024237548076923077 0.49719205528846155 0.009282466346153847 0.48442866346153846 0.002062769230769231 0.4911004350961538 0.0015470769230769232 0.4980622860576923 0.0015470769230769232 0.5058943653846154 0.01082954326923077 0.5079249038461539 0.02887878125 0.50357375 0.024237548076923077 0.49719205528846155
4 0.033004322115384614 0.5311310673076923 0.02887878125 0.52416921875 0.02165908653846154 0.5244592956730769 0.00309415625 0.5264898365384615 0.012892312500000001 0.5372226875 0.009798158653846154 0.5430242259615384 0.017533545673076925 0.5438944591346154 0.042802478365384616 0.5418639182692307 0.033004322115384614 0.5311310673076923
2 0.046412326923076924 0.4870393581730769 0.05724187019230769 0.4841385865384616 0.0732283389423077 0.48152789423076925 0.09488742548076923 0.4728255817307693 0.09695019471153846 0.4664438870192308 0.0861206514423077 0.4600621923076923 0.058273254807692305 0.46876450480769233 0.052600637019230775 0.4774668149038461 0.04795940384615384 0.4789171995192308 0.04073970913461538 0.4829782788461538 0.046412326923076924 0.4870393581730769
7 0.12531328365384614 0.14213775240384616 0.1320172860576923 0.1311148245192308 0.12170343509615383 0.1247331298076923 0.10984250721153846 0.11980181971153846 0.09437173076923076 0.11835143509615385 0.10107573557692308 0.12676366826923077 0.09746588701923077 0.13517590384615386 0.09334034615384615 0.14300798317307692 0.10571696634615384 0.14474844471153847 0.12531328365384614 0.14213775240384616
6 0.3352001394230769 0.1665042235576923 0.32746475240384615 0.1592522980769231 0.31199397596153844 0.1511301394230769 0.2934290456730769 0.1583820673076923 0.28105242548076925 0.16389353125 0.2882721201923077 0.1743363028846154 0.29961735576923076 0.1743363028846154 0.3140567475961538 0.18100807451923076 0.32643336778846155 0.17781722836538463 0.3352001394230769 0.1665042235576923
7 0.35324937740384615 0.12966443990384616 0.3419041418269231 0.1325652091346154 0.34396691346153846 0.14184767548076924 0.37078292548076924 0.14213775240384616 0.38006538942307694 0.13633621153846154 0.3821281586538462 0.13198505528846155 0.3609847668269231 0.1258934375 0.35324937740384615 0.12966443990384616
7 0.3259176754807692 0.3463519903846154 0.3150881322115385 0.35476422596153845 0.31096259134615384 0.36114592067307694 0.3300432139423077 0.36839784615384613 0.3352001394230769 0.37158869471153844 0.3372629110576923 0.3727490024038461 0.34241983653846153 0.3805810817307692 0.3254019831730769 0.3771001586538461 0.31818228605769233 0.38000092788461537 0.3259176754807692 0.38580246875 0.35428076442307693 0.3930543942307692 0.36975153846153846 0.39276431730769235 0.3769712355769231 0.3872528533653846 0.37542415625 0.3773902355769231 0.38161246634615387 0.3637566129807693 0.37748692788461535 0.35563445673076927 0.36872015384615386 0.34693214423076923 0.36253184374999997 0.3422909134615385 0.35221799278846155 0.33793975721153846 0.33674721874999997 0.34258099038461537 0.3259176754807692 0.3463519903846154