1 0.13964855048076924 0.6859432524038461 0.1382152283653846 0.6738396466346154 0.13391526201923076 0.6604619759615384 0.11277376442307692 0.6560027524038462 0.10023219711538461 0.6553657187499999 0.09270725721153845 0.6534546250000001 0.08697397115384614 0.6763877740384616 0.09951553846153846 0.6808469975961539 0.1063238173076923 0.683395125 0.11814872115384614 0.6897654447115384 0.1217320264423077 0.6935876370192309 0.12065703365384615 0.6999579567307692 0.12029870432692308 0.7069653076923077 0.13069028846153846 0.71142453125 0.13929021875 0.7165207860576923 0.1400068798076923 0.7012320192307692 0.13964855048076924 0.6859432524038461
8 0.05149925480769231 0.668106358173077 0.059740855769230765 0.6712915192307692 0.06977410817307693 0.6751137091346154 0.07264075240384615 0.6661952620192307 0.06009918509615385 0.6560027524038462 0.049707603365384614 0.6547286875 0.04433264423076923 0.6598249423076923 0.04540763701923077 0.6661952620192307 0.05149925480769231 0.668106358173077
9 0.14502350721153848 0.7394539375 0.1389318894230769 0.7439131586538461 0.14036521153846154 0.7534686394230768 0.14609849759615384 0.757290829326923 0.15362343750000002 0.7470983197115384 0.15147345432692308 0.7369058076923077 0.14502350721153848 0.7394539375
8 0.011007911057692306 0.6649211995192308 0.005632954326923077 0.6598249423076923 0.0006163293269230769 0.6591879110576924 0.0009746586538461539 0.6649211995192308 0.005632954326923077 0.668106358173077 0.011007911057692306 0.6744766778846153 0.018174521634615384 0.6763877740384616 0.022832817307692307 0.6719285504807692 0.01960784375 0.6687433918269231 0.015666209134615385 0.6655582307692308 0.011007911057692306 0.6649211995192308
8 0.08904500000000001 0.7670730504807692 0.08625731009615384 0.7698263245192307 0.08315987740384616 0.7753328701923077 0.0791332139423077 0.7824913822115385 0.08006244471153846 0.7863459663461538 0.08285013461538462 0.7868966201923077 0.08532807932692309 0.779738108173077 0.08997422836538461 0.7703769783653847 0.08904500000000001 0.7670730504807692
8 0.17639260576923077 0.7020957908653845 0.1748438894230769 0.7004438269230769 0.17360491586538462 0.7009944831730769 0.17267568749999998 0.7053997211538461 0.17515363221153846 0.710906266826923 0.17949003846153846 0.7169634687499999 0.18165824278846154 0.7213687067307692 0.1822777283653846 0.7246726346153847 0.1863043918269231 0.7213687067307692 0.1863043918269231 0.717514125 0.18475567548076924 0.7136595408653845 0.18413618750000002 0.7098049591346154 0.17949003846153846 0.7015451370192308 0.17639260576923077 0.7020957908653845
7 0.2206858966346154 0.5914141923076923 0.22409307211538462 0.6046299038461538 0.23152691105769233 0.609585798076923 0.23679254567307695 0.61509234375 0.23988997836538462 0.6123390721153846 0.24050946634615386 0.6051805600961538 0.24112895192307693 0.598572701923077 0.23493408653846154 0.5963700841346153 0.22997819471153846 0.5958194302884615 0.22409307211538462 0.5925155 0.2206858966346154 0.5914141923076923
7 0.16895876682692307 0.7048490649038462 0.16524184855769233 0.7048490649038462 0.16679056490384614 0.7131088870192308 0.1618346706730769 0.711456923076923 0.1584274951923077 0.7081529927884616 0.1544008317307692 0.717514125 0.15904698076923077 0.7241219807692307 0.16369313221153847 0.7290778725961539 0.16802953605769233 0.7296285288461538 0.1714367139423077 0.7340337668269231 0.17577312019230767 0.7362363846153847 0.17949003846153846 0.7367870384615384 0.18134849759615385 0.7274259086538462 0.17546337499999998 0.7202673990384615 0.17112697115384617 0.7158621610576923 0.16895876682692307 0.7048490649038462
7 0.1478962235576923 0.7169634687499999 0.14201110096153846 0.7197167427884616 0.1348870048076923 0.7197167427884616 0.12869213942307692 0.7158621610576923 0.12218753125000001 0.7213687067307692 0.11847061057692308 0.7373376947115384 0.117851125 0.7433948966346153 0.12497522115384616 0.7450468605769232 0.13271880288461538 0.7439455504807693 0.1379844375 0.7411922788461538 0.14758648076923075 0.7351350745192308 0.15563980528846155 0.7334831105769232 0.16214441346153846 0.7334831105769232 0.15378134615384614 0.7230206706730768 0.1478962235576923 0.7169634687499999
8 0.17687012740384617 0.8857821634615385 0.1749664951923077 0.8866282211538461 0.17430022596153846 0.8895048197115384 0.17401468028846154 0.8932274735576923 0.17791712259615386 0.8972885528846154 0.1816292043269231 0.8955964375000001 0.18248583653846154 0.8891663966346154 0.1837231971153846 0.8842592596153847 0.18220029326923076 0.8839208365384615 0.17934484615384616 0.8847668942307692 0.17687012740384617 0.8857821634615385
13 0.12449628846153846 0.4081063221153846 0.13263550961538462 0.41520467788461535 0.13601405528846156 0.41520467788461535 0.1387783173076923 0.4078333076923077 0.1387783173076923 0.40483015865384614 0.13555334375 0.3955476923076923 0.13586048557692307 0.3868112548076923 0.1287962548076923 0.3859922139423077 0.12296058653846154 0.3925445432692308 0.12081060576923078 0.40155399278846154 0.12449628846153846 0.4081063221153846
13 0.30498446634615384 0.3314449326923077 0.30127238701923076 0.33246020192307696 0.2938482283653846 0.3314449326923077 0.2941337716346154 0.3426128990384615 0.2981313966346154 0.3537808653846154 0.3075543677884615 0.35581140384615384 0.31012426923076925 0.3497197860576923 0.30498446634615384 0.3395670889423077 0.30498446634615384 0.3314449326923077
7 0.4132058653846154 0.4502314807692308 0.4146335889423077 0.4654605264423077 0.41063596394230767 0.46495289182692306 0.4109215096153846 0.47053687499999997 0.4189167572115385 0.47155214423076924 0.42291438221153843 0.4608918125 0.4257698293269231 0.4466780384615384 0.43033854086538464 0.4426169591346154 0.43719161298076925 0.4380482451923077 0.4383337908653846 0.4304337235576923 0.4366205216346154 0.4182504879807692 0.43319398798076925 0.4228192019230769 0.43405062019230767 0.4344948028846154 0.43205181009615384 0.4380482451923077 0.42691200721153844 0.4309413581730769 0.4192023028846154 0.425357375 0.418060125 0.4304337235576923 0.4166324014423077 0.4395711490384615 0.4132058653846154 0.44515513221153846 0.4132058653846154 0.4502314807692308
7 0.0011650216346153846 0.5883081538461539 0.0005939326923076923 0.6370410985576923 0.006590370192307692 0.63196475 0.011444627403846153 0.6233349567307692 0.01230126201923077 0.6096288173076924 0.008874725961538462 0.5969379471153846 0.004877100961538461 0.590846329326923 0.0011650216346153846 0.5883081538461539
7 0.2947048605769231 0.8076064014423078 0.30041575240384616 0.8020224182692307 0.30241456490384616 0.7949155288461539 0.29727476201923075 0.7903468173076923 0.2918494158653846 0.7888239110576923 0.28756624519230767 0.7979613389423077 0.28785179086538465 0.8035453221153847 0.2858529783653846 0.8091293052884615 0.29099278125 0.8096369399038461 0.2947048605769231 0.8076064014423078
13 0.009160271634615384 0.18829191105769233 0.005733735576923077 0.1786468485576923 0.0008794783653846154 0.17306286538461538 0.0005939326923076923 0.19438352884615384 0.0051626466346153844 0.19387589423076923 0.009160271634615384 0.18829191105769233
7 0.08225968509615383 0.1690017860576923 0.08768503365384615 0.17763157932692308 0.0971080048076923 0.18067738701923078 0.10396107451923077 0.1786468485576923 0.0971080048076923 0.1705246923076923 0.09082602403846153 0.16798651682692306 0.08882721153846154 0.15681855048076926 0.08311631971153846 0.15884909134615383 0.08225968509615383 0.1690017860576923
0 0.7190241225961539 0.6289189399038461 0.7207373894230769 0.6289189399038461 0.72644828125 0.6304418461538461 0.7335868966346154 0.6375487331730769 0.7430098677884616 0.6461785240384615 0.7450086802884616 0.6446556201923077 0.75186175 0.6279036706730768 0.7335868966346154 0.6096288173076924 0.7270193701923078 0.6070906442307693 0.7241639254807691 0.6121669903846154 0.7190241225961539 0.6289189399038461
2 0.09368146875 0.7994842427884615 0.0971080048076923 0.7949155288461539 0.0962513701923077 0.789331545673077 0.0911115673076923 0.7847628341346155 0.08711394471153847 0.7832399278846154 0.08711394471153847 0.7979613389423077 0.09368146875 0.7994842427884615
4 0.15050484375 0.9203013317307692 0.15850009134615384 0.9197936971153846 0.15564464663461536 0.9152249831730769 0.1473638533653846 0.9142097139423077 0.14022523798076925 0.9121791754807693 0.13622761298076924 0.9131944447115384 0.1410818701923077 0.9192860625 0.14479395192307692 0.9218242355769231 0.15050484375 0.9203013317307692
0 0.048129915865384613 0.8375568557692308 0.04339686057692308 0.8382580480769231 0.04313391346153846 0.8410628221153846 0.04247654567307692 0.846438639423077 0.04773549519230769 0.84854221875 0.05563458173076923 0.8533621346153846 0.08181207451923077 0.8577524903846154 0.08181207451923077 0.8401910673076922 0.07143986057692307 0.8375568557692308 0.05662241105769231 0.8340445697115384 0.048129915865384613 0.8375568557692308
7 0.07711988221153845 0.7960088966346154 0.06868533413461539 0.7981956322115384 0.06798245673076923 0.8063177884615385 0.06341374278846154 0.8163142908653847 0.06657669711538462 0.8188134158653846 0.07167256971153846 0.8185010240384615 0.07764704326923076 0.8181886346153846 0.08186431730769231 0.8194381971153846 0.08573015144230768 0.8135027740384615 0.08186431730769231 0.8085045240384615 0.07852564182692306 0.8047558365384616 0.07711988221153845 0.7960088966346154
7 0.3623557764423077 0.944096141826923 0.3659778197115384 0.94234 0.37042305528846153 0.9446815240384615 0.3745390120192308 0.9446815240384615 0.37651467307692305 0.9438034519230769 0.3793135240384615 0.9461449759615385 0.38046599278846155 0.9391204062499999 0.3798074399038462 0.9259493413461539 0.37865497115384616 0.9151197980769231 0.3763500336538461 0.9080952307692307 0.37569148076923076 0.9051683269230769 0.36696564903846157 0.9013633509615384 0.3429284543269231 0.9001925913461538 0.3437516466346154 0.9332666009615385 0.34441019951923074 0.9376569543269231 0.3447394759615384 0.9420473100961538 0.3500079014423077 0.9449742139423076 0.3559348822115385 0.9452669038461539 0.3623557764423077 0.944096141826923
2 0.11756482932692307 0.8708221057692308 0.1179288701923077 0.8687511153846154 0.11217702403846154 0.8640913918269231 0.10067332932692308 0.8577489903846154 0.09310127884615384 0.853607014423077 0.08378183173076924 0.847911795673077 0.08552922836538462 0.8528303942307692 0.09739696153846154 0.8590433581730769 0.10759010817307693 0.8655151971153846 0.11756482932692307 0.8708221057692308
2 0.09419340144230769 0.842604889423077 0.10409531490384616 0.8462291177884615 0.11224983173076922 0.8501122211538461 0.12309824999999999 0.8554191298076923 0.12644742788461538 0.85619575 0.12622900240384616 0.8530892668269231 0.12069557932692308 0.8501122211538461 0.11690955528846153 0.847911795673077 0.10657079326923077 0.8440286947115384 0.0966688798076923 0.8397572812499999 0.08975210336538461 0.8380746009615384 0.08501956971153847 0.8371685456730769 0.0851651875 0.8398867163461539 0.09419340144230769 0.842604889423077
2 0.07919491586538462 0.8360036129807693 0.08378183173076924 0.8360036129807693 0.08895121153846154 0.8363919254807691 0.09543114182692307 0.8376862908653847 0.10001805528846154 0.8382040384615385 0.10409531490384616 0.8380746009615384 0.1072260673076923 0.8383334759615385 0.10613394471153846 0.8358741778846154 0.1005277139423077 0.8353564302884616 0.09426620913461538 0.8334148774038461 0.08021423076923077 0.8323793846153846 0.07635539663461538 0.8325088221153846 0.07489923317307692 0.8356153028846154 0.07919491586538462 0.8360036129807693
6 0.0967416875 0.8103751346153847 0.09302847115384615 0.8134816153846154 0.09470306009615384 0.8200828918269232 0.1005277139423077 0.8169764086538461 0.10016367307692307 0.8136110528846154 0.0967416875 0.8103751346153847
7 0.23611111057692308 0.8597990697115385 0.23175326201923077 0.8572999447115385 0.22739541105769231 0.8592992451923076 0.22669253365384617 0.8657969711538461 0.229644625 0.8725446105769231 0.23470535336538462 0.8717948725961538 0.2375168701923077 0.8657969711538461 0.2403283846153846 0.8667966201923077 0.23611111057692308 0.8597990697115385
7 0.048582995192307694 0.7520867692307692 0.047458389423076924 0.756835108173077 0.047458389423076924 0.7610836201923077 0.04731781490384616 0.7658319591346154 0.049988754807692305 0.7673314350961539 0.05406545192307692 0.7590843197115384 0.060391362980769234 0.7610836201923077 0.06362460576923076 0.756835108173077 0.06503036538461539 0.7603338822115385 0.07473009375 0.7600839711538462 0.07726045913461539 0.7553356322115385 0.07487067067307693 0.7498375576923078 0.07234030528846154 0.7493377307692307 0.07276203365384616 0.7443394807692307 0.0703722451923077 0.7443394807692307 0.06559266826923077 0.74508921875 0.059266757211538464 0.7440895697115385 0.0551900576923077 0.7443394807692307 0.051675663461538464 0.7398410552884616 0.048020692307692306 0.7423401802884615 0.04366284375 0.7448393052884617 0.043803418269230766 0.7473384302884616 0.04549032932692308 0.7490878197115385 0.048582995192307694 0.7520867692307692
8 0.08035312740384616 0.7575848461538462 0.08302406730769231 0.7498375576923078 0.08007197596153846 0.7485879951923077 0.07866621634615385 0.7505872932692307 0.07683873076923077 0.7558354567307692 0.0750112451923077 0.761833358173077 0.07754161057692308 0.7633328341346155 0.08035312740384616 0.7575848461538462
10 0.023841656250000003 0.6411256057692308 0.02299819951923077 0.6451242067307692 0.022717048076923076 0.6501224567307692 0.02819950480769231 0.6553706201923077 0.031995052884615384 0.6528714951923077 0.033119658653846154 0.6471235072115384 0.03016756730769231 0.6411256057692308 0.02805893028846154 0.6388763942307693 0.025528564903846154 0.6391263052884616 0.023841656250000003 0.6411256057692308
7 0.004442194711538462 0.7760783725961539 0.010346379807692308 0.7755785480769231 0.019905533653846154 0.7720797716346154 0.02595029326923077 0.7643324831730769 0.021030139423076924 0.7610836201923077 0.017656319711538464 0.7640825721153846 0.012314439903846154 0.7625830961538462 0.0047233461538461535 0.7660818701923078 0.00018274759615384613 0.7673814158653846 0.0007872235576923078 0.7748288100961538 0.004442194711538462 0.7760783725961539
7 0.062359423076923076 0.8170640264423077 0.06713900240384615 0.8055680504807692 0.06517093990384616 0.8008197139423078 0.060953665865384615 0.801069625 0.060110211538461536 0.8030689254807692 0.0565958173076923 0.8088169134615384 0.049285875 0.7975708509615385 0.05097278365384616 0.8105663028846154 0.05814214903846154 0.8193132403846154 0.062359423076923076 0.8170640264423077
7 0.08125348076923077 0.7729663653846154 0.07646720913461538 0.7679383653846154 0.07233361298076922 0.7714192884615384 0.06624199278846153 0.7756737524038461 0.06580687740384615 0.7822488317307692 0.07189849519230769 0.7876636033653847 0.07711988221153845 0.7837959086538462 0.07994813461538461 0.7756737524038461 0.08125348076923077 0.7729663653846154
8 0.16172325240384613 0.8609299687499999 0.16277504326923076 0.8588263894230769 0.1605399879807692 0.8560216153846153 0.1556754591346154 0.8597613149038461 0.15344040625 0.8649033990384616 0.15344040625 0.8688768293269231 0.15606987980769232 0.8672407091346154 0.1588308293269231 0.8653708605769231 0.16172325240384613 0.8609299687499999
7 0.18302200240384614 0.8814983100961539 0.17894631730769234 0.8793947307692308 0.17513357692307693 0.8777586105769231 0.17224115384615385 0.874486375 0.17013757451923078 0.87565503125 0.16921725721153846 0.8791609975961538 0.17224115384615385 0.8831344278846154 0.17631684134615386 0.8857054711538462 0.18131284374999998 0.8838356225961538 0.18302200240384614 0.8814983100961539
7 0.11794248798076924 0.8959896418269231 0.11702217067307694 0.9004305336538461 0.11702217067307694 0.9055726177884615 0.11662775 0.9123508221153845 0.11938869951923076 0.9116496274038461 0.11912575240384617 0.9137532067307692 0.12399028125 0.910714701923077 0.12451617548076924 0.8969245649038461 0.12254406971153846 0.8976257596153846 0.11978312019230769 0.8957559110576923 0.11794248798076924 0.8959896418269231
0 0.027751483173076925 0.8125476225961539 0.01394673798076923 0.8216631370192308 0.015524423076923078 0.8258702980769231 0.023807269230769233 0.8426989399038463 0.027620009615384616 0.8384917788461539 0.036034329326923076 0.8375568557692308 0.04550044230769231 0.8368556610576923 0.04918170673076923 0.83615446875 0.04642075721153846 0.8303111899038461 0.04076738701923077 0.8291425336538462 0.0380064375 0.8300774591346154 0.03524548798076923 0.8277401466346154 0.03182717067307692 0.828207610576923 0.027751483173076925 0.8268052235576923 0.023281375 0.8268052235576923 0.02420169230769231 0.8249353725961538 0.028934747596153845 0.8237667187500001 0.03222159134615385 0.8197932884615384 0.031038326923076922 0.8176897067307694 0.027751483173076925 0.8125476225961539
8 0.04826139182692308 0.8057694182692308 0.04497454567307692 0.8017959903846154 0.044843072115384616 0.7992249471153846 0.042345072115384616 0.8006273341346154 0.03932117548076923 0.8048344951923077 0.04024149038461538 0.80670434375 0.041293281249999994 0.8144174711538461 0.04405423076923077 0.8186246322115385 0.04418570432692308 0.8211956754807692 0.047472548076923075 0.8204944807692307 0.047604021634615384 0.8188583629807693 0.04878728605769231 0.8155861274038462 0.05062791826923077 0.8130150841346153 0.04826139182692308 0.8057694182692308