11 0.48843074519230767 0.0876573485576923 0.5583638942307693 0.10531271634615386 0.5798394302884615 0.08239171394230768 0.5831433581730769 0.07805530769230769 0.5170647908653846 0.06225839903846154 0.5082543149038462 0.06597531971153846 0.48843074519230767 0.0876573485576923
9 0.4586953894230769 0.05792199519230769 0.44713163942307693 0.06039993990384615 0.44052378365384615 0.06814352163461539 0.43832116346153843 0.07340915865384615 0.44052378365384615 0.08115274038461538 0.4597966971153846 0.08579888942307692 0.47466437499999997 0.08301119951923078 0.48292419711538465 0.07867479326923076 0.4840255072115385 0.07062146875 0.4790696129807692 0.06690455048076924 0.4735630673076923 0.06039993990384615 0.4586953894230769 0.05792199519230769
8 0.24818633173076923 0.06556339423076923 0.2428273822115385 0.06989660576923076 0.2505308701923077 0.07743262740384615 0.2870387115384615 0.09514228125 0.29306752884615384 0.09777988701923078 0.3001011490384615 0.09457707932692308 0.3014408870192308 0.08704105528846154 0.2642631778846154 0.06838940144230769 0.24818633173076923 0.06556339423076923
9 0.24617672596153847 0.09551908173076923 0.22909507451923078 0.09570748076923077 0.21603263701923078 0.10173630048076923 0.21167849038461536 0.11002592307692308 0.21469289903846153 0.11680834374999999 0.23512389182692306 0.12415596634615385 0.2391431033653846 0.12340236298076923 0.2572295576923077 0.11699674519230768 0.2589042283653846 0.11304033173076923 0.25655968990384614 0.10927232211538462 0.2545500817307692 0.10154789903846154 0.24617672596153847 0.09551908173076923
10 0.24617672596153847 0.13395279326923076 0.25187060817307694 0.13376439423076925 0.2625885072115385 0.12132995673076923 0.2585692956730769 0.11888075 0.25321034615384613 0.11793874759615385 0.24115270913461537 0.12377916346153846 0.23344922115384614 0.12622837259615385 0.23478895673076924 0.12830077884615385 0.24617672596153847 0.13395279326923076
8 0.25655968990384614 0.12490956730769232 0.2585692956730769 0.13093838461538462 0.26526798076923075 0.1352715985576923 0.2773256153846154 0.1365904014423077 0.28368936778846154 0.12924278125 0.2907229903846154 0.12208356009615384 0.2910579230769231 0.11944595192307692 0.28469417067307695 0.11831554807692307 0.27397627403846153 0.11888075 0.26459811298076924 0.12132995673076923 0.25655968990384614 0.12490956730769232
7 0.21201342548076924 0.1733285096153846 0.22541079807692307 0.18048773076923078 0.22909507451923078 0.18896575721153847 0.23177454807692308 0.1970669807692308 0.24818633173076923 0.19744378125 0.2602439663461538 0.19518297355769232 0.26459811298076924 0.1833137403846154 0.26627278365384616 0.17709652163461537 0.26392824278846155 0.17257490865384614 0.2726365360576923 0.16956049999999998 0.27163173317307693 0.15976367067307692 0.2682823894230769 0.15279285096153847 0.26727758653846156 0.1431844206730769 0.26526798076923075 0.14111201442307691 0.26526798076923075 0.13753240384615384 0.2605789014423077 0.1324455889423077 0.23378415384615386 0.13225718990384616 0.21469289903846153 0.13602519951923078 0.20163046153846154 0.1428076201923077 0.19526670913461538 0.14864803846153846 0.19694137980769233 0.1610824735576923 0.21201342548076924 0.1733285096153846
2 0.5020665456730768 0.1267935721153846 0.5151289831730769 0.1386628076923077 0.5429285312500001 0.15279285096153847 0.5502970865384615 0.15505365624999998 0.5566608389423077 0.14864803846153846 0.5576656418269231 0.14506842788461538 0.5305359615384615 0.13074998557692308 0.5054158870192308 0.12246036057692308 0.4980473341346154 0.11944595192307692 0.49302331730769233 0.12396756490384615 0.5020665456730768 0.1267935721153846
8 0.48967397596153844 0.15919846875 0.48933904086538466 0.16089407451923077 0.49905213461538456 0.16221287740384616 0.5007268076923077 0.16089407451923077 0.5054158870192308 0.15882166826923075 0.5047460192307692 0.15637246153846154 0.5087652307692307 0.15015524278846154 0.5117796394230769 0.14186561778846155 0.5178084567307693 0.12170675721153847 0.5000569399038461 0.11793874759615385 0.4943630552884616 0.11982275240384616 0.4879993028846154 0.14940163942307694 0.49000890865384616 0.1531696514423077 0.48598969711538464 0.1556188581730769 0.48967397596153844 0.15919846875
4 0.007703490384615384 0.12585156971153846 0.0013397379807692307 0.12660517307692307 0.0023445408653846155 0.1488364375 0.021100862980769228 0.14619882932692307 0.01708165144230769 0.12585156971153846 0.007703490384615384 0.12585156971153846
7 0.12593530528846156 0.09909869230769232 0.10818378605769231 0.09777988701923078 0.08741785817307691 0.09457707932692308 0.0723458125 0.09966389423076924 0.0723458125 0.10550431009615384 0.06464232451923077 0.11775034615384615 0.06464232451923077 0.12924278125 0.053589490384615385 0.14374962259615384 0.052249754807692304 0.15750286298076924 0.08775279086538462 0.16673449038461538 0.09713095192307691 0.1569376610576923 0.10918858894230768 0.15995206971153844 0.12995451682692308 0.15674926201923078 0.13899774278846155 0.13715560336538463 0.1550745889423077 0.11850394951923077 0.1523951153846154 0.10456230769230769 0.14737110096153846 0.0889250625 0.13598333413461539 0.0887366610576923 0.12593530528846156 0.09909869230769232
7 0.14301695432692307 0.13414119471153846 0.15708419471153848 0.1414888173076923 0.16210821153846153 0.14224241826923076 0.1641178173076923 0.1277355769230769 0.17416584615384614 0.12660517307692307 0.1885680216346154 0.1284891778846154 0.19292216826923078 0.13432959615384615 0.19694137980769233 0.13922800961538462 0.2012955264423077 0.13602519951923078 0.20698940865384616 0.13357599278846155 0.19727631490384614 0.12208356009615384 0.18454881009615384 0.11850394951923077 0.16847196153846153 0.12057635576923077 0.15105537740384614 0.12170675721153847 0.14301695432692307 0.13414119471153846
7 0.17517064903846155 0.127170375 0.1654575528846154 0.12867757932692309 0.1627780793269231 0.14186561778846155 0.16679729086538464 0.14450322596153847 0.16847196153846153 0.14845963701923076 0.18019466346153848 0.15901006730769232 0.20196539423076926 0.17408211298076923 0.20866408173076925 0.1712561033653846 0.19593657692307692 0.16014047115384616 0.1945968389423077 0.1477060360576923 0.20230032932692307 0.14186561778846155 0.20564967307692308 0.13922800961538462 0.19627151201923076 0.13960481009615383 0.1925872331730769 0.1350831971153846 0.1892378894230769 0.12924278125 0.17517064903846155 0.127170375
7 0.6249874399038462 0.07630222355769231 0.6263271778846153 0.0670705985576923 0.6182887548076923 0.05538976201923077 0.6095804615384616 0.053882557692307695 0.6002023004807693 0.06462138942307692 0.5928337451923077 0.08176584134615385 0.5908241394230769 0.1032435048076923 0.6012071033653846 0.11322873317307693 0.6313511923076922 0.11435913701923076 0.6434088269230769 0.10606951201923077 0.6457533677884615 0.09570748076923077 0.6551315288461539 0.09382347596153846 0.6491027115384616 0.08289624278846154 0.6440786971153846 0.0787514326923077 0.6249874399038462 0.07630222355769231
7 0.640059485576923 0.18406734134615382 0.6541267259615384 0.1714445048076923 0.6645096899038462 0.15957526923076923 0.6558013966346153 0.1546768557692308 0.6397245504807691 0.15787966586538463 0.64173415625 0.1435612235576923 0.6367101418269231 0.13828600721153844 0.6320210600961539 0.13960481009615383 0.6196284903846153 0.15430005528846152 0.6018769711538462 0.16014047115384616 0.60221190625 0.1637200817307692 0.5760870288461539 0.16899529807692307 0.6062311177884616 0.19311056971153845 0.640059485576923 0.18406734134615382
8 0.6959935144230769 0.11530113942307693 0.6956585817307693 0.12019955288461538 0.7033620697115384 0.12208356009615384 0.7057066105769232 0.11812714903846154 0.7144149038461538 0.11605474278846153 0.7388651081730769 0.08741785817307691 0.7311616201923077 0.08101223798076923 0.7217834591346153 0.0808238389423077 0.7114004951923077 0.09099746875 0.6973332524038462 0.10908392067307693 0.6959935144230769 0.11530113942307693
8 0.6889598942307693 0.0548245625 0.6779070625 0.0465349375 0.6685289014423077 0.042390124999999994 0.6628350192307693 0.045969735576923076 0.653456858173077 0.05237535336538461 0.6718782451923077 0.06009977644230769 0.689629764423077 0.07422981971153847 0.6953236466346154 0.08327304567307693 0.7120703629807692 0.08364984615384616 0.7154197067307693 0.08685265625 0.7194389182692308 0.08327304567307693 0.7177642475961539 0.07931663461538462 0.7160895745192307 0.07573702403846154 0.7134101009615385 0.0670705985576923 0.70101753125 0.06198378365384615 0.6889598942307693 0.0548245625
7 0.8051821033653846 0.03918731490384615 0.7971436802884615 0.04276692548076923 0.7924545985576923 0.04220172355769231 0.7800620288461538 0.03711490865384615 0.7703489350961538 0.03749171153846154 0.7639851826923076 0.03598450480769231 0.7472384663461539 0.04107131971153846 0.7361856346153846 0.05275215625 0.7415445841346154 0.05557816346153846 0.7556118245192308 0.06688219711538462 0.7830764375 0.07611382451923077 0.7891052572115385 0.07611382451923077 0.8068567764423077 0.06594019471153846 0.8115458557692308 0.057273769230769225 0.8081965120192307 0.051998552884615384 0.8041773004807692 0.04804214182692308 0.8081965120192307 0.047288538461538465 0.8135554615384616 0.04295532692307692 0.81288559375 0.03805691105769231 0.8051821033653846 0.03918731490384615
7 0.6832660120192308 0.13188038942307692 0.6939839086538462 0.12566317067307692 0.6939839086538462 0.1149243389423077 0.6856105504807692 0.10908392067307693 0.6725481129807692 0.10927232211538462 0.6507773822115385 0.11793874759615385 0.6504424495192308 0.12490956730769232 0.6578110024038462 0.1303731826923077 0.6722131778846154 0.13225718990384616 0.6832660120192308 0.13188038942307692
7 0.7100607572115384 0.12547476923076922 0.7375253701923078 0.13395279326923076 0.7462336634615384 0.12490956730769232 0.7592961009615385 0.12528636778846153 0.7827415048076923 0.13282239182692307 0.8195842788461539 0.13338759375 0.821258951923077 0.12415596634615385 0.821258951923077 0.11530113942307693 0.826282966346154 0.10701151442307692 0.8232685576923077 0.08986706490384615 0.8088663822115384 0.0887366610576923 0.7904449927884615 0.08722945673076922 0.7820716346153845 0.08722945673076922 0.7810668317307693 0.09175106971153846 0.7696790649038461 0.09777988701923078 0.7669995913461538 0.09363507451923077 0.7623105120192307 0.08741785817307691 0.7747030817307692 0.08798306009615384 0.7844161754807693 0.07743262740384615 0.7696790649038461 0.07253421394230769 0.7616406418269231 0.07309941586538461 0.7576214302884616 0.07178061057692307 0.7495830072115385 0.08459184855769232 0.7398699110576923 0.08402664663461537 0.73384109375 0.09363507451923077 0.72077865625 0.10927232211538462 0.7100607572115384 0.12547476923076922
5 0.6832660120192308 0.14657563221153846 0.69431884375 0.14940163942307694 0.7057066105769232 0.14017001201923077 0.6872852235576924 0.1352715985576923 0.6832660120192308 0.14657563221153846
5 0.7043668725961538 0.1386628076923077 0.7100607572115384 0.1277355769230769 0.7000127283653845 0.12377916346153846 0.6882900264423076 0.13074998557692308 0.6869502884615385 0.1331991923076923 0.7043668725961538 0.1386628076923077
5 0.7428843197115385 0.16164767548076925 0.7522624807692307 0.16296648076923076 0.7572864951923077 0.15844486538461539 0.7586262331730769 0.1546768557692308 0.7522624807692307 0.15128564663461538 0.7378603052884615 0.14431482451923078 0.7294869471153846 0.15072044471153848 0.7284821442307692 0.1569376610576923 0.7428843197115385 0.16164767548076925
5 0.7211135889423077 0.14224241826923076 0.7234581298076923 0.15147404567307693 0.7311616201923077 0.15128564663461538 0.7375253701923078 0.14544522836538462 0.7351808317307692 0.14054681490384616 0.7211135889423077 0.14224241826923076
5 0.7180991802884615 0.15298125 0.72077865625 0.15072044471153848 0.7221183918269231 0.14940163942307694 0.7180991802884615 0.14412642548076923 0.7117354278846153 0.1414888173076923 0.7020223341346153 0.14714083413461537 0.7060415456730769 0.1531696514423077 0.7180991802884615 0.15298125
8 0.7154197067307693 0.1733285096153846 0.7217834591346153 0.17182130528846157 0.7187690504807692 0.16409688221153845 0.7144149038461538 0.1576912644230769 0.7067114134615384 0.15392325240384613 0.7030271370192308 0.1492132403846154 0.6990079254807693 0.14732923317307692 0.6949887139423077 0.14864803846153846 0.6956585817307693 0.15203924759615386 0.6899646971153846 0.14996684134615385 0.6886249615384615 0.15335805048076923 0.6939839086538462 0.1593868701923077 0.7006825961538462 0.16786489423076922 0.7154197067307693 0.1733285096153846
4 0.1627780793269231 0.16240127884615385 0.17885492548076923 0.16692289182692305 0.18320907211538462 0.16447368509615384 0.18086453365384614 0.15825646634615384 0.17081650240384613 0.15185084615384617 0.1617732764423077 0.14393802403846154 0.1460313629807692 0.1394164110576923 0.1627780793269231 0.16240127884615385
5 0.6742227860576923 0.11435913701923076 0.6688638365384616 0.10362030528846153 0.6578110024038462 0.10588111057692308 0.6460883028846154 0.11266353125 0.6454184326923078 0.11548954086538463 0.6618302139423077 0.12189515865384615 0.6718782451923077 0.11925755048076923 0.6742227860576923 0.11435913701923076
8 0.09746588701923077 0.2373555408653846 0.09785265625 0.22517230528846152 0.08702311298076923 0.22517230528846152 0.07503326201923077 0.23169903846153844 0.051827098557692304 0.24845098798076923 0.06884495192307692 0.25802353125 0.09089080769230769 0.24344715865384614 0.09746588701923077 0.2373555408653846
10 0.1550945264423077 0.21124860817307692 0.16282991346153847 0.20820279807692307 0.1663108389423077 0.20189362259615384 0.15664160336538463 0.1927561971153846 0.14929298557692308 0.19253863942307692 0.14078405769230767 0.19841269951923077 0.14619882932692307 0.20842035576923076 0.1550945264423077 0.21124860817307692
8 0.14001051923076924 0.2264776514423077 0.14619882932692307 0.21799289903846153 0.1454252908653846 0.21103105048076923 0.1411708293269231 0.19688979326923078 0.12956774759615383 0.19645467788461538 0.12492651442307692 0.20232873798076925 0.11873820432692309 0.2045043173076923 0.11757789423076924 0.22038603365384615 0.12802066826923075 0.22517230528846152 0.14001051923076924 0.2264776514423077
10 0.023206163461538462 0.20929058653846155 0.038290170673076926 0.21734022596153846 0.04834617307692308 0.20885547115384615 0.04447848076923077 0.20406920192307693 0.03674309134615385 0.1999356033653846 0.030941550480769228 0.20124094951923077 0.023206163461538462 0.20929058653846155
8 0.36820446153846154 0.22147382451923076 0.37516631009615387 0.23387461778846155 0.38367523798076925 0.24736319951923078 0.39295770192307694 0.25628306971153847 0.4010798605769231 0.25628306971153847 0.4126829423076923 0.24453494951923077 0.4165506346153846 0.24170669711538462 0.40417401442307693 0.22234405528846152 0.39489155048076924 0.2149470889423077 0.39179739423076926 0.20341652644230768 0.3767133894230769 0.20015316105769232 0.37207215625 0.19536688942307692 0.3627896899038462 0.19732490865384616 0.36627061538461536 0.2036340841346154 0.36317645913461544 0.21277151201923078 0.36820446153846154 0.22147382451923076
8 0.29510504567307694 0.23409217548076924 0.3001330480769231 0.24366471634615383 0.2993595096153846 0.24692808413461537 0.30941551442307696 0.2491036610576923 0.30980228365384616 0.24475250721153846 0.3121228990384616 0.2371379831730769 0.31328320673076926 0.22865323076923078 0.3113493605769231 0.22082114903846153 0.31250966826923077 0.21581732211538462 0.3086419759615385 0.21538220673076922 0.3020668966346154 0.21364174278846154 0.2954918173076923 0.21472953125 0.29394473798076926 0.21777534134615387 0.29587858653846155 0.22169138221153845 0.29510504567307694 0.23409217548076924
5 0.29394473798076926 0.21712266826923077 0.2981992019230769 0.2145119735576923 0.2954918173076923 0.20842035576923076 0.27847396153846155 0.20950814423076924 0.27112534375 0.21081349278846154 0.27886073076923074 0.22147382451923076 0.2842755024038462 0.21973336057692305 0.29394473798076926 0.21712266826923077
8 0.2668708798076923 0.20950814423076924 0.26106934134615384 0.20950814423076924 0.25449425961538463 0.20863791346153848 0.2541074903846154 0.2121188389423077 0.2514001057692308 0.21298906971153847 0.25256041346153846 0.21516464663461538 0.25913549278846154 0.22277917067307693 0.27112534375 0.227783 0.2726724206730769 0.23082880769230768 0.27963427163461535 0.23452729086538462 0.2854358125 0.23757309855769232 0.29317119951923076 0.23474484855769231 0.2893035048076923 0.23082880769230768 0.2877564278846154 0.227783 0.2835019639423077 0.2240845168269231 0.27731365384615386 0.2195158028846154 0.2715121129807692 0.21320662740384616 0.2668708798076923 0.20950814423076924
2 0.2026671610576923 0.27455792307692306 0.20730839423076922 0.27999686778846156 0.21581732211538462 0.28391290625 0.22161886298076924 0.28434802403846154 0.22896748076923076 0.2789090793269231 0.2405705625 0.2691189783653846 0.251786875 0.2615044567307692 0.2502397980769231 0.25715330048076923 0.2533339519230769 0.25258458653846155 0.26106934134615384 0.24497006490384615 0.2641634951923077 0.24170669711538462 0.25797518509615386 0.2393135625 0.2548810288461538 0.23996623557692306 0.24134410096153847 0.2491036610576923 0.23051455769230772 0.25301970192307693 0.21427024278846155 0.26803118990384617 0.2026671610576923 0.27455792307692306
2 0.18526253846153845 0.23822577403846154 0.18719638701923078 0.25932887740384614 0.19454500480769232 0.26455026442307694 0.20653485576923075 0.26259224519230767 0.21117608894230772 0.2604166658653846 0.21040255048076922 0.2532372596153846 0.20924224038461536 0.2460578533653846 0.20498777884615385 0.2388784471153846 0.1968656201923077 0.23409217548076924 0.18526253846153845 0.23822577403846154
2 0.40726817067307697 0.13096978605769233 0.4026269375 0.1337980360576923 0.40842847836538465 0.14337057932692307 0.4130697115384615 0.15163777403846154 0.4173241754807692 0.15424846874999998 0.4335684903846154 0.15577137259615384 0.4358891057692308 0.16403856971153846 0.4378229519230769 0.17426378365384615 0.43434202884615386 0.18296609615384615 0.44323772355769225 0.1842714423076923 0.4517466514423077 0.18079051682692307 0.4532937283653846 0.17622180528846154 0.4552275745192308 0.1733935528846154 0.4440112620192308 0.1622981057692308 0.43550233653846154 0.15098510096153844 0.4211918677884615 0.14184767548076924 0.40726817067307697 0.13096978605769233
4 0.5225254495192307 0.22386695913461538 0.5202048341346154 0.2192982451923077 0.5287137596153846 0.2166875528846154 0.5287137596153846 0.2068974519230769 0.48191466346153844 0.18601190384615382 0.4656703485576923 0.2049394326923077 0.4877162043269231 0.2195158028846154 0.5155636009615384 0.22430207451923076 0.5202048341346154 0.227783 0.5225254495192307 0.22386695913461538
7 0.5120826754807692 0.2467105264423077 0.5089885216346154 0.24997389423076924 0.5186577548076923 0.25541283653846153 0.5364491466346154 0.26302736057692305 0.5507596153846154 0.27107699759615383 0.5666171610576923 0.2656380528846154 0.5666171610576923 0.25301970192307693 0.5542405384615384 0.24235937019230772 0.5379962259615385 0.23779065625 0.5310343774038462 0.23822577403846154 0.5221386802884616 0.24322960096153848 0.5217519110576924 0.24758075721153847 0.5186577548076923 0.24649296875 0.5120826754807692 0.2467105264423077
5 0.6652433557692308 0.10399262019230769 0.6694978197115385 0.09877123317307693 0.6536402740384616 0.09529031009615384 0.6482255024038461 0.09616054086538463 0.6462916538461538 0.10769110336538461 0.6493858100961538 0.10986668028846153 0.6571211971153846 0.10595063942307692 0.6652433557692308 0.10399262019230769
8 0.9112286899038462 0.1544660264423077 0.9154831514423076 0.16382100961538462 0.9197376153846153 0.16664926201923078 0.9185773076923076 0.1703477451923077 0.9263126947115385 0.1705653028846154 0.9367554687499999 0.16730193509615385 0.9317274663461539 0.16142787500000003 0.9301803894230769 0.15620648798076922 0.9286333125 0.1503324278846154 0.9193508461538461 0.14619882932692307 0.9174169999999999 0.14032476923076923 0.9100683798076923 0.14163011778846155 0.9069742259615385 0.14424081009615383 0.9123889975961539 0.1470690625 0.9112286899038462 0.1544660264423077
7 0.10017327163461538 0.24235937019230772 0.13227513221153847 0.2534548173076923 0.13652959615384616 0.25106168269230766 0.15470775721153848 0.25628306971153847 0.15702837259615385 0.25084412500000003 0.13730313461538463 0.24497006490384615 0.14349144471153846 0.23343950240384614 0.1411708293269231 0.2273478846153846 0.12802066826923075 0.22626009375 0.11796466586538462 0.22038603365384615 0.09746588701923077 0.2162524375 0.09514527163461538 0.23648531009615384 0.10017327163461538 0.24235937019230772
8 0.7112689134615385 0.22626009375 0.7228719951923076 0.22691276923076925 0.7228719951923076 0.22147382451923076 0.7255793798076924 0.21581732211538462 0.7244190721153847 0.20145850721153843 0.7205513774038461 0.18557678846153847 0.7093350649038462 0.18579434615384616 0.6996658317307692 0.18644701923076923 0.7000526009615384 0.19493177403846154 0.7043070649038461 0.21059593509615387 0.7077879879807691 0.22190893990384616 0.7112689134615385 0.22626009375
8 0.7704446298076923 0.24649296875 0.7839815576923077 0.25802353125 0.801772951923077 0.2517143557692308 0.7917169471153845 0.2421418125 0.7820477115384615 0.23496240625 0.7777932475961538 0.2312639230769231 0.7719917067307692 0.227783 0.7638695504807692 0.22604253605769228 0.7600018557692307 0.22212649759615385 0.7503326225961539 0.22495474759615386 0.7545870841346154 0.22930590384615385 0.7561341634615384 0.23779065625 0.7704446298076923 0.24649296875
8 0.7870757139423077 0.21385930048076923 0.7754726322115384 0.21407685817307692 0.7661901658653847 0.22343184375 0.7754726322115384 0.22952346153846154 0.7917169471153845 0.23213415384615385 0.8176304951923077 0.23648531009615384 0.8361954278846154 0.23583263701923077 0.8466381995192307 0.23648531009615384 0.8489588173076924 0.22974101923076923 0.8412234278846153 0.22908834615384616 0.8331012716346154 0.2236494014423077 0.8160834182692308 0.21864557211538463 0.7955846418269231 0.2162524375 0.7870757139423077 0.21385930048076923
11 0.7847550985576923 0.17687447836538464 0.7808874038461538 0.17361111057692308 0.7278999975961539 0.1725233221153846 0.7190043004807692 0.1805729591346154 0.7290603052884616 0.21407685817307692 0.7665769375 0.21712266826923077 0.7847550985576923 0.1803554014423077 0.7847550985576923 0.17687447836538464
8 0.7406633870192307 0.17404622596153846 0.7375692307692308 0.1683897235576923 0.7340883076923077 0.16316833653846155 0.7340883076923077 0.1612103173076923 0.7286735360576924 0.16186299038461538 0.723258764423077 0.17230576442307693 0.7263529182692309 0.17948517067307693 0.7317676899038462 0.18884015625 0.7371824615384616 0.18557678846153847 0.739503079326923 0.17752715144230768 0.7406633870192307 0.17404622596153846
8 0.8153098798076923 0.14489348317307693 0.7839815576923077 0.14184767548076924 0.7777932475961538 0.15337823798076922 0.7851418677884615 0.15707671874999998 0.7994523341346155 0.15620648798076922 0.8002258725961539 0.15011487019230768 0.8153098798076923 0.14489348317307693
6 0.8961446826923076 0.17404622596153846 0.8942108365384616 0.14815685096153847 0.8682972860576924 0.1503324278846154 0.8617222067307692 0.15207288942307692 0.8659766706730768 0.17382866826923077 0.8961446826923076 0.17404622596153846
7 0.8942108365384616 0.17622180528846154 0.8887960649038462 0.18514167307692306 0.8760326730769231 0.1886225985576923 0.8648163629807691 0.1929737548076923 0.8663634399038462 0.2036340841346154 0.8791268293269231 0.21190128125 0.9038800697115386 0.2145119735576923 0.9278597740384615 0.20298141105769232 0.9402363942307693 0.1921035216346154 0.9359819302884615 0.18340121153846153 0.9336613149038461 0.17839738221153847 0.9224450024038462 0.1705653028846154 0.9123889975961539 0.16643170432692309 0.9139360745192308 0.1633858942307692 0.9077477644230769 0.16664926201923078 0.9034933004807691 0.17208820673076924 0.8942108365384616 0.17622180528846154
8 0.3067081274038462 0.27521059615384613 0.31637736298076924 0.29805416346153846 0.3256598293269231 0.31001984134615385 0.33378198557692307 0.3106725144230769 0.3345555240384615 0.31415343990384614 0.33919675721153847 0.3148061129807692 0.3449982980769231 0.3130656490384615 0.3430644519230769 0.3087144951923077 0.35041306971153846 0.3039282235576923 0.3511866081730769 0.29609614423076924 0.34461152884615387 0.2852182548076923 0.34151737259615383 0.2715121129807692 0.3341687548076923 0.2573708581730769 0.32643336778846155 0.2538899326923077 0.32101859615384615 0.2538899326923077 0.3148302860576923 0.2514967980769231 0.3086419759615385 0.2556303966346154 0.30168012740384614 0.2560655120192308 0.29858597115384616 0.2615044567307692 0.3067081274038462 0.27521059615384613
2 0.25990903125 0.29544346875 0.2676444206730769 0.29435568028846154 0.2734459615384615 0.2991419519230769 0.27383273076923076 0.3032755504807692 0.28582258173076924 0.30849693749999996 0.29858597115384616 0.30914961057692303 0.3005198173076923 0.3111076298076923 0.3067081274038462 0.31001984134615385 0.31444351682692306 0.30479845432692304 0.30477428125 0.29827172115384615 0.27886073076923074 0.28804650480769234 0.26803118990384617 0.28674115865384614 0.25565456971153844 0.2830426754807692 0.23554256009615385 0.2776037307692308 0.2320616346153846 0.28108465625 0.23902348557692307 0.2836953485576923 0.24714564182692306 0.2871762740384615 0.2568148774038461 0.2930503341346154 0.25990903125 0.29544346875
2 0.06691110576923077 0.32568400240384615 0.09282465384615385 0.3346038701923077 0.1311148245192308 0.34200083653846153 0.1338222091346154 0.33351608173076924 0.12453974519230769 0.3313405048076923 0.1021071201923077 0.3254664447115384 0.08818342067307693 0.32590156009615384 0.07039202884615384 0.32133284615384616 0.06691110576923077 0.32568400240384615
2 0.32488629086538456 0.19776002403846155 0.3229524423076923 0.19427910096153844 0.3341687548076923 0.1914508485576923 0.33107460096153846 0.18100807451923076 0.3001330480769231 0.18579434615384616 0.3036139735576923 0.18884015625 0.3024536658653846 0.19884781490384615 0.31985828846153846 0.19819514182692308 0.32488629086538456 0.19776002403846155
7 0.6482255024038461 0.21472953125 0.6242458004807693 0.21581732211538462 0.622311951923077 0.22386695913461538 0.6300473413461538 0.23278682932692307 0.6358488822115385 0.2414891394230769 0.6331414951923077 0.25127924038461535 0.6439710384615385 0.2697716514423077 0.6865156706730768 0.27825640384615385 0.7186175312499999 0.27803884615384616 0.7271264591346154 0.27521059615384613 0.7313809206730769 0.2758632692307692 0.7503326225961539 0.27085943990384614 0.7518796995192307 0.2636800336538462 0.7495590817307692 0.24736319951923078 0.7402766177884617 0.23800821394230767 0.7302206129807692 0.23169903846153844 0.7093350649038462 0.22473718990384617 0.6954113677884616 0.2195158028846154 0.6691110504807691 0.21734022596153846 0.6482255024038461 0.21472953125
5 0.7680425889423077 0.2638632403846154 0.7728873846153845 0.2625807932692308 0.7788721322115385 0.2566494807692308 0.7785871442307692 0.2540845889423077 0.7751672884615384 0.2526418389423077 0.7597779374999999 0.2467105264423077 0.7509433100961539 0.2542448966346154 0.7680425889423077 0.2638632403846154
5 0.7925515552884614 0.28630604326923076 0.7865668076923077 0.2765273942307692 0.7802970721153847 0.27764953365384615 0.7714624447115385 0.28021442548076925 0.7677576009615384 0.2834205384615385 0.7814370240384616 0.2901533798076923 0.7925515552884614 0.28630604326923076
5 0.8019561586538462 0.31035190384615385 0.7951164471153847 0.3089091514423077 0.7822919879807693 0.30714578846153845 0.7771622043269232 0.31259618269230766 0.7925515552884614 0.31900841346153846 0.8019561586538462 0.31035190384615385
5 0.814210639423077 0.29752744471153847 0.7985363028846154 0.29784805528846153 0.7971113629807692 0.30650456490384614 0.7988212908653847 0.30939006971153843 0.8036660865384615 0.3114740432692308 0.8090808557692307 0.3108328197115385 0.8150656033653847 0.3004129471153846 0.814210639423077 0.29752744471153847
8 0.9410302884615385 0.2834205384615385 0.9455900961538461 0.2813365649038462 0.9504348918269231 0.2813365649038462 0.9624043870192308 0.27764953365384615 0.9678191586538462 0.27428311298076924 0.9700990625 0.2733212788461538 0.9686741225961538 0.2705960817307692 0.9652542668269231 0.2705960817307692 0.95898453125 0.26835180048076923 0.9484399759615385 0.26947393990384616 0.9279208413461538 0.2713976105769231 0.9176612740384615 0.27492433653846154 0.9162363341346154 0.2806953413461538 0.9267808894230769 0.2853442091346154 0.9410302884615385 0.2834205384615385
8 0.9019869350961538 0.26546629807692307 0.8942922620192307 0.27235944471153845 0.89087240625 0.2798938125 0.903411875 0.28213809375 0.9116765264423077 0.2784510625 0.9253559495192308 0.26819149519230767 0.9361854927884615 0.26081743028846155 0.9373254447115384 0.2550464254807692 0.9404603125000001 0.2516800048076923 0.9353305288461539 0.2487945 0.9302007451923077 0.25216092067307694 0.9216511057692307 0.2526418389423077 0.91452640625 0.2576113173076923 0.9019869350961538 0.26546629807692307
12 0.9182312499999999 0.2419013533653846 0.9182312499999999 0.2457486923076923 0.9279208413461538 0.24975633653846152 0.9475850120192307 0.2624204879807692 0.9455900961538461 0.2585731514423077 0.9390353725961538 0.25280214423076924 0.9324806490384615 0.24799297115384616 0.9264959014423078 0.2419013533653846 0.9182312499999999 0.2419013533653846
8 0.9700990625 0.27268005528846156 0.9820685576923077 0.2734815841346154 0.9874833293269231 0.27075638701923077 0.9860583894230769 0.26562660336538463 0.9826385336538461 0.26145865384615385 0.9814985817307692 0.25488611778846154 0.972663954326923 0.2487945 0.9700990625 0.24462655288461538 0.9612644350961539 0.2463899158653846 0.962689375 0.2513593918269231 0.9612644350961539 0.2592143725961539 0.9666792067307692 0.26835180048076923 0.9700990625 0.27268005528846156
5 0.9817835697115385 0.2616189591346154 0.9854884134615385 0.26626782692307693 0.9991678341346154 0.26418385096153846 0.9991678341346154 0.2577716225961538 0.9977428942307692 0.25344336778846155 0.9934680745192307 0.2550464254807692 0.9834934975961538 0.2587334567307692 0.9817835697115385 0.2616189591346154
10 0.9598394951923077 0.2944816346153846 0.9655392548076923 0.3018556995192308 0.9820685576923077 0.29993203125 0.9894782427884615 0.29576408173076923 0.9849184375 0.2830999278846154 0.9598394951923077 0.2944816346153846
11 0.9558496634615385 0.30939006971153843 0.9681041466346154 0.30730609375 0.9874833293269231 0.3004129471153846 0.9968879302884616 0.2988098894230769 0.9914731586538461 0.28165717548076924 0.9749438581730769 0.27268005528846156 0.9635443389423077 0.2758861706730769 0.9333356129807692 0.29159613221153846 0.9313406971153846 0.29961141826923077 0.9438801682692308 0.3061839543269231 0.9558496634615385 0.30939006971153843
11 0.9689591105769231 0.34385580288461537 0.9735189182692309 0.3457794711538461 0.998597858173077 0.3428939663461538 0.9988828461538461 0.33407715144230765 0.9817835697115385 0.3305504254807692 0.9743738822115385 0.31724505048076923 0.9635443389423077 0.32429850240384617 0.9689591105769231 0.34385580288461537
9 0.9980278822115385 0.3335962355769231 0.9988828461538461 0.3087488461538461 0.9911881706730769 0.3079473173076923 0.9769387740384615 0.31500076923076925 0.9797886538461539 0.3292679807692308 0.9980278822115385 0.3335962355769231
5 0.9977428942307692 0.32013055288461534 0.9880533052884615 0.32285575000000005 0.9814985817307692 0.32654278125 0.9900482187499999 0.33247409375000003 0.9971729182692308 0.3323137884615385 0.9983128701923077 0.32798553365384614 0.9977428942307692 0.32013055288461534
5 0.9946080264423076 0.3334359302884616 0.9903332067307692 0.3327947067307692 0.9797886538461539 0.3315122596153846 0.9814985817307692 0.34113060336538464 0.9934680745192307 0.34113060336538464 0.9946080264423076 0.3334359302884616
8 0.9122465024038462 0.3339168461538462 0.91452640625 0.32333666826923074 0.9185162379807692 0.31708474278846155 0.9096816105769231 0.31435954567307695 0.902271923076923 0.31580229807692306 0.899422045673077 0.3174053557692308 0.8922973461538461 0.3308710384615384 0.8888774903846154 0.3377641826923077 0.8922973461538461 0.3456191658653846 0.9005619975961537 0.34722222115384616 0.9011319735576924 0.3436954951923077 0.9122465024038462 0.3339168461538462
8 0.8826077548076923 0.29993203125 0.8977121177884615 0.30137478125 0.8985670817307692 0.3047412019230769 0.9062617548076923 0.3053824254807692 0.9113915384615384 0.3074663990384615 0.9076866947115385 0.30939006971153843 0.9205111538461538 0.3106725144230769 0.92934578125 0.3061839543269231 0.9336206009615384 0.30490150721153847 0.9282058293269231 0.3018556995192308 0.9014169615384616 0.29496255288461537 0.8865975865384615 0.2901533798076923 0.8791878990384615 0.2927182716346154 0.8751980673076923 0.29095490865384616 0.8694983076923077 0.29400071875 0.8743431033653846 0.29768775000000003 0.8826077548076923 0.29993203125
8 0.8737731274038462 0.31724505048076923 0.8940072740384615 0.3198099423076923 0.9014169615384616 0.3166038269230769 0.9125314903846153 0.31371832451923076 0.9093966225961538 0.3106725144230769 0.89457725 0.30987098557692305 0.8831777307692307 0.30377936778846154 0.8786179230769231 0.3057030360576923 0.8817527908653846 0.31035190384615385 0.8763380192307693 0.31644352163461537 0.8737731274038462 0.31724505048076923
10 0.8783329350961538 0.30586334375 0.8672184038461539 0.3047412019230769 0.8660784519230769 0.31307710096153846 0.8720631995192308 0.31580229807692306 0.8771929831730769 0.31500076923076925 0.8803278509615384 0.31099312500000004 0.8783329350961538 0.30586334375
11 0.7822919879807693 0.29079460336538465 0.7908416274038461 0.2959243870192308 0.8164905432692307 0.2997717235576923 0.8392895817307693 0.29993203125 0.863798548076923 0.2887106298076923 0.869783295673077 0.27075638701923077 0.8543939447115385 0.25488611778846154 0.840144545673077 0.25087847596153845 0.8105057956730769 0.24991664182692308 0.788276735576923 0.2558479543269231 0.7740273365384615 0.2693136346153846 0.7822919879807693 0.29079460336538465
7 0.8640835360576923 0.28566481971153845 0.8660784519230769 0.26963424519230766 0.8561038725961538 0.2576113173076923 0.8472692451923076 0.2550464254807692 0.8515440649038462 0.25151969711538463 0.8635135600961538 0.25151969711538463 0.869783295673077 0.24687083173076924 0.8663634399038462 0.24093951923076923 0.8549639206730769 0.24029829807692307 0.8395745697115384 0.23981737980769233 0.8281750504807692 0.24238227163461537 0.8187704471153846 0.2489548076923077 0.8119307355769231 0.2552067307692308 0.7993912668269231 0.26787088221153843 0.7948314591346153 0.28037473076923075 0.8028111225961538 0.29095490865384616 0.8256101586538461 0.29897019471153846 0.8472692451923076 0.29368010576923076 0.8640835360576923 0.28566481971153845
7 0.8931523100961538 0.23260362259615386 0.8857426225961539 0.23629065384615386 0.8737731274038462 0.2414204375 0.8703532716346154 0.2487945 0.8629435841346154 0.2516800048076923 0.8620886201923077 0.26081743028846155 0.8669334158653845 0.26674874278846156 0.8737731274038462 0.2685121057692308 0.8808978269230768 0.2640235456730769 0.8834627187499999 0.25616856490384615 0.8868825745192308 0.2539242836538462 0.8857426225961539 0.26049681971153843 0.889732454326923 0.2601762091346154 0.8962871778846153 0.26819149519230767 0.9142414182692308 0.2640235456730769 0.9119615144230769 0.25889376201923076 0.9216511057692307 0.25151969711538463 0.9222210817307693 0.24767236057692307 0.9139564302884615 0.2414204375 0.9039818509615384 0.23773340625 0.8999920216346153 0.2343669855769231 0.8931523100961538 0.23260362259615386
4 0.8184854591346155 0.3193290240384616 0.8689283317307692 0.3198099423076923 0.8595237283653846 0.2959243870192308 0.8541089567307693 0.29416102403846156 0.83900459375 0.30009233653846157 0.8150656033653847 0.3004129471153846 0.8127856995192307 0.30281753365384617 0.8184854591346155 0.3193290240384616
8 0.49245921875 0.3363214326923077 0.5004388822115385 0.3372832668269231 0.5010088581730769 0.33311531730769234 0.5081335576923076 0.32798553365384614 0.508418545673077 0.3198099423076923 0.5132633413461538 0.31243587740384615 0.5152582572115384 0.3032984519230769 0.51468828125 0.29496255288461537 0.5138333173076923 0.2893518509615384 0.5041437259615384 0.2871075721153846 0.49445413461538457 0.28839001682692306 0.4921742307692308 0.2972068317307692 0.48989432692307694 0.31307710096153846 0.49017931490384614 0.31836718990384616 0.49245921875 0.3363214326923077
8 0.4274819615384615 0.21737457692307693 0.43118680288461536 0.22106160817307693 0.4397364423076923 0.21945855048076923 0.4425863221153846 0.2162524375 0.45284588942307696 0.2130463221153846 0.46111054086538467 0.20631348076923078 0.46795025240384613 0.2016646153846154 0.46766526442307693 0.1994203341346154 0.4645303966346154 0.19589360817307694 0.46139552884615387 0.19268749278846153 0.4534158653846154 0.19396993990384617 0.4403064182692308 0.20390889423076922 0.4343216706730769 0.2106417355769231 0.4274819615384615 0.21737457692307693
4 0.2510744038461538 0.32445880769230767 0.27387344230769234 0.3283061466346154 0.28384802163461537 0.321413 0.2961025048076923 0.3270236995192307 0.30322720432692307 0.32558094711538466 0.29923737259615385 0.3114740432692308 0.30237224038461535 0.3114740432692308 0.28641291346153847 0.3105122091346154 0.2678886947115385 0.30971068028846155 0.25249934375 0.3114740432692308 0.2510744038461538 0.32445880769230767
2 0.45626574519230767 0.3021763100961538 0.46595533653846155 0.2956037764423077 0.47991974759615386 0.2901533798076923 0.4904643028846154 0.2827793173076923 0.48191466346153844 0.2773289206730769 0.45968560096153843 0.29111521394230766 0.4482860817307692 0.2890312403846154 0.41180762259615383 0.31099312500000004 0.4303318413461538 0.32253513942307693 0.4403064182692308 0.3182068846153846 0.45626574519230767 0.3021763100961538
7 0.6654469182692307 0.18739740384615383 0.649772579326923 0.18467220673076923 0.6392280240384616 0.1848325120192308 0.6383730600961539 0.20743562019230768 0.6611720985576923 0.21384785096153847 0.6845411129807691 0.20887837259615386 0.6896708966346154 0.20743562019230768 0.6899558846153847 0.19717605528846155 0.6825461971153846 0.1938096346153846 0.6785563653846154 0.19172565865384616 0.6654469182692307 0.18739740384615383
8 0.008834627403846154 0.23773340625 0.0019949158653846154 0.23532881971153846 0.0031348677884615386 0.24927541826923075 0.013109447115384615 0.24334410576923077 0.018239230769230768 0.2417410480769231 0.016529302884615384 0.23789371153846156 0.008834627403846154 0.23773340625
12 0.9096816105769231 0.3679016610576923 0.9056917788461539 0.3706268605769231 0.90711671875 0.37399327884615385 0.9153813701923077 0.37399327884615385 0.9256409375 0.36918410817307695 0.9464450600961538 0.3650161586538462 0.9421702403846154 0.36309249038461544 0.933050625 0.3651764639423077 0.9222210817307693 0.3671001322115384 0.9162363341346154 0.3671001322115384 0.9096816105769231 0.3679016610576923
2 0.3616497379807692 0.4171155216346154 0.3707693533653846 0.4179170504807692 0.3838788004807692 0.40557350961538463 0.39356839182692305 0.3933902740384615 0.39157347596153846 0.3864971274038461 0.40069309134615383 0.3773596995192308 0.405822875 0.37255052884615386 0.3969882475961538 0.3706268605769231 0.3810289206730769 0.383611625 0.36848944951923074 0.3900238533653846 0.3539550625 0.4073368725961538 0.3493952548076923 0.41246665625 0.3616497379807692 0.4171155216346154
2 0.43403668269230766 0.3864971274038461 0.4314717908653846 0.3887414086538462 0.42349212980769235 0.3943521081730769 0.4135175504807692 0.40060403125 0.4157974543269231 0.4046116754807692 0.4280519375 0.40108494951923074 0.43090181490384616 0.3951536370192308 0.44914104567307694 0.3948330264423077 0.4719400841346154 0.38553529326923075 0.48447955528846154 0.3728711394230769 0.4759299158653846 0.3690238028846154 0.47165509615384615 0.3677413557692307 0.46595533653846155 0.3706268605769231 0.4571207091346154 0.3751154206730769 0.44657615384615384 0.37816122836538457 0.43403668269230766 0.3864971274038461
2 0.3978432115384616 0.4164743004807692 0.4075328028846154 0.41679491105769234 0.4126625865384615 0.4092605408653846 0.41551246634615385 0.40509259375 0.4135175504807692 0.3996421971153846 0.42235217788461543 0.3937108846153846 0.42235217788461543 0.38810018509615385 0.4229221538461539 0.37158869471153844 0.4166524182692308 0.37190930528846156 0.3978432115384616 0.3863368221153846 0.3838788004807692 0.40685595673076924 0.3770390889423077 0.41679491105769234 0.3955633076923077 0.4212834711538462 0.3978432115384616 0.4164743004807692
10 0.2581991033653846 0.37206961057692306 0.2730184783653846 0.3853749879807692 0.2841330096153846 0.38056581490384617 0.29211267307692307 0.37527572596153846 0.29524754086538463 0.37383297355769235 0.28926279326923077 0.3662986057692308 0.28213809375 0.3651764639423077 0.27729329807692304 0.3672604399038461 0.263613875 0.3706268605769231 0.2581991033653846 0.37206961057692306
8 0.27415843028846154 0.4397186322115385 0.27985818990384614 0.4413216899038461 0.28270806971153845 0.4461308605769231 0.29268264903846153 0.44388657932692305 0.2889778052884615 0.4408407716346154 0.2912577091346154 0.43603159855769236 0.28356303365384616 0.42497050480769233 0.27729329807692304 0.4161536875 0.2718785264423077 0.41503154807692305 0.26446883894230766 0.41631399278846154 0.2607639951923077 0.4164743004807692 0.2596240432692308 0.41952010817307694 0.26674874278846156 0.42897814663461536 0.27415843028846154 0.4397186322115385
8 0.3015172764423077 0.4092605408653846 0.2941075889423077 0.4086193197115385 0.29182768509615387 0.4161536875 0.3405606274038462 0.4265735600961538 0.3454054230769231 0.42432928125 0.3431255192307692 0.4222453052884615 0.3368557836538461 0.41839796874999996 0.33030106249999996 0.41166512740384614 0.3146267235576923 0.40829870673076923 0.3015172764423077 0.4092605408653846
8 0.3194715192307692 0.4379552692307692 0.33201099038461535 0.443245358173077 0.34654537500000004 0.4486957524038461 0.3485402908653846 0.4466117788461539 0.35708993028846153 0.4467720841346154 0.36136474999999996 0.44741330769230764 0.3656395697115385 0.4430850528846154 0.35281511057692305 0.43651251682692305 0.3368557836538461 0.4307415096153846 0.32346135096153844 0.4260926442307692 0.3169066274038462 0.42497050480769233 0.3086419759615385 0.4341079302884615 0.3194715192307692 0.4379552692307692
8 0.3015172764423077 0.4392377139423077 0.29353761298076925 0.43779496153846154 0.2904027451923077 0.44212321634615387 0.29838240865384613 0.44693238942307695 0.3109218798076923 0.4531843125 0.32716619471153846 0.45847440144230767 0.3622197139423077 0.46713091105769233 0.36934441346153846 0.4555888990384615 0.3667795216346154 0.4531843125 0.35139017067307693 0.4507797259615384 0.3325809663461538 0.4446881081730769 0.3211814471153846 0.4401995480769231 0.3015172764423077 0.4392377139423077
4 0.09091116346153846 0.4193598028846154 0.10117073076923076 0.4153521586538461 0.07979663221153846 0.3951536370192308 0.07210195673076923 0.39771852884615383 0.068112125 0.40252770192307696 0.0763767764423077 0.4161536875 0.09091116346153846 0.4193598028846154
2 0.5226679423076923 0.43010028846153847 0.5414771490384616 0.42497050480769233 0.5608563317307692 0.422085 0.5657011274038461 0.41968041346153845 0.5634212235576923 0.4132681850961539 0.5565815120192308 0.40942084855769234 0.537202329326923 0.4115048221153846 0.5126933653846154 0.41567277163461536 0.5012938461538462 0.42144377644230774 0.49302919471153844 0.42721478365384613 0.5092735096153846 0.42817661778846156 0.5226679423076923 0.43010028846153847
8 0.5249478461538462 0.33327562259615384 0.5149732692307692 0.31724505048076923 0.5087035336538461 0.3185274951923077 0.5067086177884615 0.33167256490384617 0.506138641826923 0.33888632451923073 0.5124083774038461 0.3560390384615385 0.51468828125 0.3618100432692308 0.5229529302884616 0.3650161586538462 0.5329275096153846 0.359886375 0.5292226658653847 0.3446573293269231 0.5249478461538462 0.33327562259615384
2 0.5483168605769231 0.4049322860576923 0.5654161394230769 0.39932158653846156 0.56798103125 0.3978788341346154 0.5505967644230769 0.3892223245192307 0.5124083774038461 0.3937108846153846 0.5021488100961539 0.3975582235576923 0.5021488100961539 0.4081384014423077 0.5104134615384616 0.4103826826923077 0.5283677019230769 0.40765748317307693 0.5483168605769231 0.4049322860576923
6 0.038188389423076924 0.3446573293269231 0.0008549639423076923 0.3489855865384615 0.024223978365384615 0.4358712932692308 0.039328341346153844 0.42769570192307693 0.039328341346153844 0.3949933317307692 0.034483545673076925 0.38377193028846157 0.038188389423076924 0.3446573293269231
2 0.6261185769230769 0.4121460456730769 0.6355231802884614 0.3985200576923077 0.6380880721153847 0.3925887451923077 0.6332432764423076 0.3903444639423077 0.6229837091346154 0.38729865625 0.6161439975961538 0.3876192668269231 0.5998996850961539 0.41423001923076924 0.5930599735576924 0.4363522115384615 0.6013246250000001 0.4373140456730769 0.6115841899038462 0.42288652884615385 0.6204188173076923 0.42080255528846155 0.6261185769230769 0.4121460456730769
8 0.08948622355769231 0.4044513701923077 0.09746588701923077 0.40765748317307693 0.10801044230769231 0.40092464423076923 0.10573053846153847 0.3965963894230769 0.09746588701923077 0.39306966346153843 0.08435643990384614 0.39403149759615386 0.08150656009615384 0.39595516586538465 0.08948622355769231 0.4044513701923077
6 0.915666358173077 0.4200010264423077 0.9336206009615384 0.4134284903846154 0.9353305288461539 0.408779625 0.923076045673077 0.3957948605769231 0.9139564302884615 0.39627577644230766 0.902271923076923 0.40108494951923074 0.915666358173077 0.4200010264423077
7 0.6637369903846154 0.3497871129807692 0.7649077211538462 0.4060544278846154 0.8301699663461538 0.37094747115384613 0.7406837427884615 0.3066648701923077 0.6637369903846154 0.3497871129807692
8 0.23511507932692308 0.49197830048076924 0.24622960817307693 0.49261952403846154 0.2539242836538462 0.4887721875 0.2542092716346154 0.47931414903846153 0.2553492235576923 0.4685736634615385 0.25192936778846153 0.4597568485576923 0.24651459615384616 0.45751256730769235 0.23682500480769234 0.45815379086538466 0.23226519951923075 0.45927593028846153 0.23084025961538462 0.4708179447115385 0.2305552716346154 0.4839630144230769 0.23511507932692308 0.49197830048076924
7 0.005129783653846153 0.5059248990384615 0.005984747596153846 0.5100928485576923 0.0222290625 0.5137798822115385 0.043603158653846154 0.5136195745192308 0.05215279807692308 0.5068867355769231 0.04844795432692307 0.5078485697115385 0.04132325721153846 0.5067264278846154 0.04274819471153846 0.5035203149038462 0.05300776201923077 0.5033600072115385 0.04787797836538461 0.4931004423076923 0.03277361778846154 0.4890927980769231 0.016814290865384614 0.49037524278846156 0.019664170673076922 0.4833217908653846 0.00028498798076923075 0.47931414903846153 0.001424939903846154 0.49774930769230774 0.005129783653846153 0.4971080841346154 0.011399519230769232 0.4991920600961538 0.010259567307692306 0.5059248990384615 0.005129783653846153 0.5059248990384615
8 0.7187396682692307 0.45350492548076926 0.7167447524038462 0.4437262740384615 0.709050076923077 0.4454896370192308 0.6959406322115385 0.45013850480769235 0.6936607283653846 0.46456601923076923 0.7136098846153847 0.4696958028846154 0.7187396682692307 0.45350492548076926
2 0.40981270673076925 0.5222760841346153 0.41864733413461536 0.5238791418269231 0.42577203365384614 0.5112149903846154 0.4334667067307692 0.5070470408653847 0.4414463701923077 0.49598594471153845 0.4468611418269231 0.482840875 0.44743111778846156 0.4773904783653846 0.44059140625 0.4748255865384615 0.42691198557692306 0.4754668100961539 0.41807735817307695 0.4876500456730769 0.41294757451923075 0.4991920600961538 0.4135175504807692 0.5075279567307692 0.40981270673076925 0.5222760841346153
7 0.4428713100961538 0.50432184375 0.45056598557692307 0.4940622764423077 0.4599705889423077 0.48364240384615387 0.46225049278846153 0.4764286442307692 0.46424540865384617 0.46664999519230765 0.4414463701923077 0.45767287259615386 0.3838788004807692 0.44741330769230764 0.36364465384615385 0.48572637740384617 0.4103826826923077 0.49534472115384615 0.41522747836538465 0.49534472115384615 0.4428713100961538 0.50432184375
7 0.04303318269230769 0.53542115625 0.04075328125 0.5274058677884615 0.034483545673076925 0.5246806706730769 0.02251405048076923 0.5233982259615385 0.013679423076923077 0.5182684423076923 0.008549639423076922 0.5126577403846154 0.00028498798076923075 0.5096119326923076 0.0019949158653846154 0.5415127740384615 0.01111453125 0.54279521875 0.017954242788461538 0.54648225 0.037618413461538464 0.5461616394230769 0.04303318269230769 0.53542115625
7 0.9974579062500001 0.5961770288461539 0.9968879302884616 0.5395891033653846 0.9900482187499999 0.5370242115384616 0.9738039062499999 0.5435967475961538 0.9641143149038461 0.5607494615384615 0.9615494230769231 0.5748563653846154 0.9803586298076923 0.5902457163461539 0.9974579062500001 0.5961770288461539
8 0.75236825 0.5809479831730769 0.7594929495192309 0.58575715625 0.7928365432692307 0.5932915264423078 0.8036660865384615 0.5851159326923077 0.79312153125 0.5811082884615385 0.7828619639423077 0.5772609519230769 0.7654776971153846 0.5748563653846154 0.7540781778846154 0.5761388125 0.75236825 0.5809479831730769
8 0.6098742620192308 0.5246806706730769 0.6417929158653847 0.5217951682692308 0.6551873509615385 0.5187493581730769 0.6640219783653846 0.5155432451923077 0.6645919543269231 0.5097722379807692 0.6603171346153847 0.5072073461538461 0.6446427956730769 0.5048027596153847 0.629823420673077 0.5081691802884616 0.6047444807692307 0.5113752956730769 0.5805205024038462 0.5185890528846154 0.5842253461538461 0.5229173076923077 0.6098742620192308 0.5246806706730769
7 0.6281134927884615 0.5562609014423077 0.6150040456730769 0.5419936899038462 0.6036045288461538 0.5389478822115384 0.5642761875 0.5402303269230769 0.5483168605769231 0.5655586322115385 0.5557265480769231 0.5740548365384616 0.5919200216346154 0.5822304302884616 0.6306783846153846 0.5743754495192308 0.6281134927884615 0.5562609014423077
3 0.45968560096153843 0.5556196778846154 0.47849480769230773 0.5527341754807693 0.47877979567307694 0.5456807211538461 0.47051514423076923 0.54279521875 0.4551257932692308 0.543917358173077 0.4400214302884615 0.5448791947115385 0.4317567788461538 0.5451998052884616 0.4303318413461538 0.5517723413461538 0.4388814783653846 0.5561005961538462 0.45968560096153843 0.5556196778846154
8 0.40297299519230767 0.5490471418269232 0.4166524182692308 0.5588257932692308 0.4280519375 0.5564212067307692 0.4306168269230769 0.552092951923077 0.4271969735576923 0.5482456129807692 0.41836234615384615 0.54279521875 0.40981270673076925 0.5362226826923077 0.40325798317307693 0.5306119831730769 0.3955633076923077 0.5274058677884615 0.3887235961538461 0.5243600600961538 0.38188388461538464 0.5278867860576922 0.38615870432692306 0.5304516778846154 0.3870136682692307 0.5357417668269231 0.39527831971153843 0.54279521875 0.40297299519230767 0.5490471418269232
8 0.3639296418269231 0.5647571057692308 0.38330882451923076 0.5660395504807693 0.3892935721153846 0.5649174110576923 0.3890085841346154 0.5562609014423077 0.3907185120192308 0.5455204158653847 0.3890085841346154 0.5371845192307693 0.3835938125 0.5336577932692308 0.3807439326923077 0.5254821995192308 0.37760906490384616 0.5225966971153846 0.3727642692307693 0.5230776129807693 0.3701993774038461 0.53093259375 0.36335966586538465 0.5423143028846154 0.3622197139423077 0.55465784375 0.3639296418269231 0.5647571057692308
8 0.2334051514423077 0.5378257403846154 0.22001071634615382 0.5424746081730769 0.2029114375 0.558344875 0.2120310528846154 0.5604288509615385 0.2533543076923077 0.5508105048076923 0.2522143557692308 0.5484059206730769 0.25762912740384614 0.5435967475961538 0.2510744038461538 0.5415127740384615 0.2442346923076923 0.5378257403846154 0.2334051514423077 0.5378257403846154
8 0.23483009134615385 0.5556196778846154 0.23112524759615385 0.5610700721153846 0.22457052403846156 0.569886889423077 0.22257560817307692 0.5766197283653847 0.24280975240384617 0.5772609519230769 0.25021943990384615 0.5641158822115384 0.25477924759615383 0.5626731298076924 0.2607639951923077 0.5500089759615384 0.25876907932692306 0.5432761370192307 0.25449425961538463 0.5474440865384615 0.2553492235576923 0.5501692836538461 0.25050442788461535 0.5527341754807693 0.23483009134615385 0.5556196778846154
4 0.0025648918269230766 0.5541769254807692 0 0.5774212572115385 0.04417313461538462 0.5754975889423076 0.04702301442307692 0.5666807740384615 0.04075328125 0.553535704326923 0.0025648918269230766 0.5541769254807692
7 0.017099278846153844 0.640902329326923 0.023938990384615385 0.6524443413461539 0.028498798076923074 0.6518031177884616 0.03419855769230769 0.6439481370192308 0.05243778605769231 0.6341694879807692 0.05642761778846154 0.6207038052884616 0.062127377403846155 0.6128488245192307 0.038473377403846154 0.6069175120192308 0.019094194711538462 0.5905663269230769 0.001424939903846154 0.5948945841346154 0.0017099278846153846 0.6469939471153846 0.01111453125 0.6466733365384615 0.008264651442307692 0.6428259975961539 0.009404603365384616 0.6372152980769231 0.017099278846153844 0.640902329326923
11 0.28099814182692306 0.6495588389423077 0.28612792548076926 0.6631848269230769 0.31890154326923076 0.6503603677884615 0.32887612259615384 0.6384977427884616 0.3274511826923077 0.6293603149038461 0.31548168750000005 0.6160549399038462 0.2946775649038461 0.6112457668269231 0.27529838221153846 0.6142915769230769 0.26104898317307695 0.6163755504807693 0.2422397764423077 0.6293603149038461 0.23767996875 0.6433069158653846 0.2570591514423077 0.6606199350961539 0.2681736826923077 0.6622229927884615 0.2710235625 0.6489176153846153 0.28099814182692306 0.6495588389423077
8 0.26703373076923076 0.6662306346153847 0.26560879086538464 0.6625436033653845 0.2536392956730769 0.6596581009615385 0.2536392956730769 0.6577344302884616 0.2499344519230769 0.6586962644230769 0.2120310528846154 0.6670321634615385 0.22115066826923077 0.6800169278846154 0.24964946394230772 0.6761695913461538 0.2647538269230769 0.67312378125 0.25762912740384614 0.6670321634615385 0.26703373076923076 0.6662306346153847
2 0.7934065192307693 0.6255129783653846 0.7951164471153847 0.6348107115384616 0.7925515552884614 0.6407420240384615 0.7951164471153847 0.647154252403846 0.8133556754807691 0.6469939471153846 0.815635579326923 0.6359328509615385 0.8122157235576922 0.6200625841346153 0.8087958677884616 0.6138106586538462 0.8068009519230769 0.6072381250000001 0.8028111225961538 0.6070778197115385 0.8025261346153846 0.6088411826923077 0.7973963509615385 0.6136503533653846 0.7948314591346153 0.6184595264423076 0.7934065192307693 0.6255129783653846
0 0.47165509615384615 0.6386580480769232 0.5608563317307692 0.6325664302884615 0.5608563317307692 0.6200625841346153 0.5503117764423077 0.5966579471153847 0.4961640625 0.6001846730769231 0.4582606610576923 0.6029098701923077 0.47165509615384615 0.6386580480769232
7 0.37133932932692304 0.6211847235576923 0.35281511057692305 0.6024289519230769 0.30721703605769235 0.594253360576923 0.26133397115384616 0.5913678557692308 0.26589377884615384 0.6364137692307692 0.3163366514423077 0.6384977427884616 0.31918653125 0.647154252403846 0.3334359278846154 0.6527649543269232 0.3627896899038462 0.6524443413461539 0.37960398076923074 0.6399404951923077 0.37133932932692304 0.6211847235576923
6 0.5589955288461538 0.5262082908653846 0.4000560576923077 0.5948285745192308 0.4105670865384615 0.6023535144230769 0.48573685576923076 0.5745829038461538 0.5414771490384616 0.551291423076923 0.5746028100961539 0.5362415432692308 0.5589955288461538 0.5262082908653846
7 0.01146657451923077 0.6842320264423076 0.0019110961538461536 0.6844111923076923 0.0012740649038461538 0.7039402019230769 0.008599930288461538 0.7069860096153846 0.02165908653846154 0.7041193677884615 0.01879244230769231 0.6935486177884616 0.01146657451923077 0.6842320264423076
7 0.04554778365384615 0.7496273365384615 0.06752538461538461 0.7413857355769231 0.0630661610576923 0.7365482740384616 0.05382919951923077 0.7338607956730769 0.04777739663461538 0.7227525504807691 0.04841442788461539 0.7161234375000001 0.042999656250000004 0.7100318197115385 0.026755341346153847 0.7068068461538461 0.011785091346153846 0.7093151586538462 0.004459223557692308 0.7163026033653845 0.006688834134615384 0.7329649687500001 0.028984954326923076 0.7472981875 0.04554778365384615 0.7496273365384615
7 0.13823593028846154 0.7550022932692309 0.11625832932692307 0.7546439639423077 0.09810291826923077 0.7632438942307692 0.09682885576923078 0.7752479639423077 0.13823593028846154 0.7775771129807693 0.14078405769230767 0.7745313028846154 0.15702837259615385 0.7716646610576923 0.15225063461538463 0.7576897716346154 0.13823593028846154 0.7550022932692309
7 0.22805743509615384 0.6811862163461538 0.21818343990384617 0.6867403389423077 0.2207315673076923 0.6982069134615384 0.22455375961538462 0.706448514423077 0.2398425264423077 0.7128984639423077 0.2535387115384615 0.7155859423076923 0.26787193028846157 0.7175567596153846 0.27679037740384616 0.7134359591346153 0.27679037740384616 0.7046568629807692 0.2745607668269231 0.6965944278846153 0.2707385745192308 0.6863820096153846 0.27010154326923075 0.6829778701923076 0.26213864423076927 0.6776029134615384 0.25990903125 0.6790362355769232 0.2493980048076923 0.6774237475961539 0.24175362259615385 0.6790362355769232 0.22805743509615384 0.6811862163461538
2 0.3099160384615385 0.6652405120192307 0.2923976610576923 0.6652405120192307 0.27997553846153844 0.669719641826923 0.2605460625 0.6750945985576924 0.27137560576923075 0.6819028774038463 0.28093108653846155 0.6824403725961539 0.31564932692307696 0.6734821129807693 0.3487749879807692 0.665957173076923 0.34813795432692307 0.6611197115384615 0.3099160384615385 0.6652405120192307
0 0.5300105745192307 0.7123609687500001 0.5379734735576923 0.7515981538461538 0.6277949783653847 0.7492690048076922 0.6363949086538461 0.7446107091346155 0.6239727860576922 0.7084193317307693 0.5300105745192307 0.7123609687500001
7 0.08695486057692309 0.7193484110576923 0.07867344471153846 0.7109276466346154 0.07931047596153847 0.7066276802884615 0.07803641346153846 0.7030443749999999 0.05000700721153846 0.7103901490384616 0.05319216586538462 0.7315316466346153 0.08154008894230769 0.7419232307692307 0.0961918221153846 0.7318899783653846 0.09491775961538461 0.7268733509615385 0.08695486057692309 0.7193484110576923
7 0.11976200480769231 0.7068068461538461 0.11721387740384616 0.6913986346153845 0.11275465384615384 0.6919361322115385 0.0809030576923077 0.7062693509615384 0.08154008894230769 0.7171984302884616 0.10128807932692308 0.7281275072115385 0.11371020192307692 0.7261566899038462 0.11593981249999999 0.7202442379807692 0.11976200480769231 0.7068068461538461
7 0.28379773076923076 0.7859978798076923 0.2892125 0.7804437572115385 0.2825236658653846 0.7691563461538462 0.29112359615384614 0.7510606586538462 0.2857088245192308 0.7412065697115384 0.28793843750000003 0.7352941177884615 0.2959013365384615 0.7378024302884616 0.3099160384615385 0.7326066394230769 0.3124641658653846 0.7247233677884615 0.28284218269230765 0.7157651081730769 0.26978302644230767 0.7157651081730769 0.2637312235576923 0.7211400649038461 0.2522646490384615 0.7261566899038462 0.2532201971153846 0.7426398918269231 0.26118309615384616 0.7496273365384615 0.2637312235576923 0.7524939807692307 0.2608645793269231 0.7555397884615385 0.2102205408653846 0.7548231274038462 0.18028003846153845 0.7743521394230769 0.1866503581730769 0.7933436538461538 0.22901298317307692 0.7972852884615385 0.2595905168269231 0.7945978100961538 0.28379773076923076 0.7859978798076923
2 0.3379454447115385 0.7394149182692308 0.34527131250000004 0.7474773533653847 0.3742562644230769 0.7517773197115385 0.38763393509615385 0.7489106754807692 0.4048337980769231 0.7501648317307693 0.4166188894230769 0.7467606923076923 0.4220336610576923 0.7392357524038461 0.41725592067307693 0.7360107788461538 0.38062658413461536 0.7290233341346154 0.3503675673076923 0.7272316826923078 0.3408120889423077 0.7304566562500001 0.32711590144230773 0.731352483173077 0.3255233221153846 0.7367274399038461 0.3379454447115385 0.7394149182692308
7 0.5217291586538462 0.69928190625 0.5038922644230769 0.6994610697115384 0.48414427403846155 0.7021485504807692 0.47044808894230766 0.6999985673076924 0.4682184759615385 0.7035818701923078 0.47586286057692306 0.7084193317307693 0.4720406682692308 0.7204234038461539 0.4873294350961539 0.7349357860576924 0.5019811682692308 0.7304566562500001 0.5188625168269231 0.7292025 0.5182254831730769 0.7245442043269231 0.5207736105769231 0.7175567596153846 0.5296920576923078 0.711465141826923 0.5287365096153847 0.7046568629807692 0.5217291586538462 0.69928190625
7 0.05510326201923077 0.8144851514423077 0.06593280528846154 0.81896428125 0.07771789663461538 0.8157393076923077 0.08154008894230769 0.8049893942307692 0.08440673317307691 0.7924478269230769 0.07453273798076923 0.7895811826923077 0.05956248557692308 0.7890436875 0.04936997596153846 0.785639548076923 0.04395520432692308 0.7799062596153846 0.033762692307692306 0.7793687644230769 0.029303468750000002 0.7822354086538461 0.032807144230769233 0.7931644879807693 0.042999656250000004 0.7963894615384616 0.04650333173076923 0.8051685576923078 0.05510326201923077 0.8144851514423077
8 0.3306195769230769 0.7601980841346154 0.3471824086538462 0.7621689014423076 0.3691600096153846 0.7596605889423077 0.36756743028846156 0.7526731442307693 0.3573749182692308 0.7498065024038462 0.3443157644230769 0.74855234375 0.3290269975961539 0.7492690048076922 0.32870848076923076 0.7524939807692307 0.3306195769230769 0.7601980841346154
13 0.4421001658653846 0.8268475528846154 0.4471964230769231 0.8322225096153846 0.46375925240384613 0.8393891177884616 0.47745543990384615 0.8352683173076922 0.4822331778846154 0.8246975697115384 0.47140363701923077 0.8166351346153846 0.46375925240384613 0.81394765625 0.4561148701923077 0.8153809759615385 0.4478334543269231 0.8211142644230769 0.4421001658653846 0.8268475528846154
7 0.41821146875 0.8401057788461539 0.4335002355769231 0.8363433100961538 0.44337423076923077 0.8315058485576923 0.44273719951923074 0.8259517259615384 0.4538852572115385 0.8153809759615385 0.4554778365384615 0.8026602451923076 0.4376409423076923 0.7949561394230769 0.41980404807692306 0.7951353052884615 0.3987819951923077 0.8055268894230768 0.39527831971153843 0.8232642475961539 0.39591535096153846 0.8352683173076922 0.41821146875 0.8401057788461539
0 0.4010116057692308 0.8393891177884616 0.40451528125 0.8379557956730769 0.3936857403846154 0.8372391346153846 0.3924116754807692 0.8135893245192308 0.39687089903846157 0.80337690625 0.4258558533653846 0.7929853221153846 0.45452229086538465 0.7996144375 0.45101861298076923 0.7827729038461538 0.44815197115384614 0.7741729735576922 0.34144912019230766 0.7944186442307692 0.3691600096153846 0.867876389423077 0.37202665384615385 0.8662639038461539 0.41534482451923077 0.8492432067307691 0.4010116057692308 0.8393891177884616
7 0.19174661298076925 0.8565889807692308 0.19588732211538462 0.8689513822115384 0.20799092788461537 0.8680555552884616 0.21754640865384617 0.8530056754807693 0.23761291346153846 0.8456599014423076 0.24239065384615385 0.8281017091346154 0.2404795576923077 0.8180684543269231 0.23856846153846153 0.8117976730769231 0.23824994471153846 0.8098268557692307 0.20225764182692307 0.8039144014423076 0.1770948798076923 0.8110810120192308 0.17486526682692308 0.8270267163461539 0.17613933173076923 0.8522890144230769 0.18537629567307692 0.8569473100961538 0.19174661298076925 0.8565889807692308
2 0.10861394471153847 0.8734305120192307 0.001592579326923077 0.8490640408653847 0.0012740649038461538 0.8547973293269231 0.10638433413461537 0.87880546875 0.10861394471153847 0.8734305120192307
2 0 0.8847179230769231 0.0025481274038461543 0.8900928798076924 0.11084355769230769 0.8854345841346153 0.1347322548076923 0.8820304447115385 0.13250264423076924 0.8782679735576924 0 0.8847179230769231
2 0.10319917548076923 0.8895553846153846 0.09778440384615385 0.8863304086538462 0.050325524038461536 0.8879428966346155 0.001592579326923077 0.891526201923077 0.00031851682692307697 0.8963636634615385 0.10319917548076923 0.8895553846153846
13 0.2675534158653846 0.9117718725961539 0.28666437259615385 0.9047844278846154 0.29494578846153846 0.8899137139423078 0.2847532764423077 0.8718180264423077 0.2640497403846154 0.8637555889423076 0.24430174999999998 0.8621431033653846 0.23824994471153846 0.8633972596153847 0.2207315673076923 0.8718180264423077 0.21531679567307693 0.8834637644230768 0.21818343990384617 0.8949303413461538 0.22773891826923076 0.9040677668269231 0.24239065384615385 0.9110552115384615 0.2675534158653846 0.9117718725961539
0 0.22996853125 0.9277175793269231 0.2764718629807692 0.9332716995192307 0.28188663461538466 0.9078302379807692 0.28666437259615385 0.8709221995192308 0.23251665865384613 0.8605306153846153 0.1872873894230769 0.8589181298076922 0.13855444711538462 0.8574848076923077 0.12549529326923076 0.9189384807692308 0.18059855528846153 0.9225217860576923 0.22996853125 0.9277175793269231
6 0.3392195096153846 0.9531590408653846 0.3564193701923077 0.9680297548076923 0.4064263774038462 0.9026344447115384 0.4041967668269231 0.8926011923076923 0.38890800000000003 0.8861512451923077 0.3392195096153846 0.9531590408653846
6 0.20926499278846153 0.9271800817307692 0.1248582596153846 0.92055096875 0.12772490384615384 0.8861512451923077 0.046184814903846155 0.8949303413461538 0.05414771394230769 0.9732255480769231 0.13122857932692306 0.9717922259615384 0.1962058389423077 0.9640881201923077 0.21308718509615382 0.9601464855769231 0.20926499278846153 0.9271800817307692
2 0.0012740649038461538 0.9898879134615384 0.05223662019230769 0.9622964687500001 0.05064403846153846 0.9547715288461538 0.0025481274038461543 0.9820046442307693 0.0012740649038461538 0.9898879134615384
13 0.27551631490384615 0.9723297211538462 0.28634585817307695 0.9825421394230769 0.3080049423076923 0.9932920528846154 0.32170112980769233 0.9925753918269231 0.35259718028846154 0.9852296177884615 0.35259718028846154 0.9657006081730769 0.33221215625 0.9540548677884615 0.3080049423076923 0.9501132331730768 0.29558281971153844 0.9528007115384616 0.29112359615384614 0.9605048149038461 0.27838295913461536 0.9617589735576922 0.27551631490384615 0.9723297211538462
9 0.2968568846153846 0.9888129230769231 0.2825236658653846 0.9816463125 0.26118309615384616 0.9861254447115384 0.25863496874999997 0.9958003677884615 0.25990903125 0.9992045072115385 0.30609384855769234 0.9993836706730769 0.3045012668269231 0.9952628701923077 0.2968568846153846 0.9888129230769231
11 0.6548688341346154 0.74604403125 0.662194701923077 0.7562564495192308 0.6838537884615385 0.76163140625 0.6997795865384616 0.7550022932692309 0.7020091995192307 0.7440732139423076 0.6959573942307693 0.7379815961538461 0.6876759807692309 0.7331441346153846 0.6723872139423077 0.7317108125 0.6695205697115385 0.7345774567307692 0.6548688341346154 0.74604403125