1 0.8603514495192308 0.3140567475961538 0.8617847716346153 0.3261603533653846 0.8660847379807692 0.3395380240384615 0.8872262355769232 0.34399724759615385 0.8997678028846153 0.34463428125 0.9072927427884616 0.34654537500000004 0.9130260288461538 0.32361222596153844 0.9004844615384615 0.31915300240384614 0.8936761826923078 0.316604875 0.8818512788461538 0.31023455528846156 0.8782679735576924 0.30641236298076924 0.8793429663461538 0.3000420432692308 0.8797012956730769 0.2930346923076923 0.8693097115384615 0.28857546875 0.86070978125 0.2834792139423077 0.8599931201923077 0.2987679807692308 0.8603514495192308 0.3140567475961538
8 0.9485007451923076 0.3318936418269231 0.9402591442307693 0.32870848076923076 0.9302258918269231 0.32488629086538456 0.9273592475961538 0.33380473798076926 0.9399008149038461 0.34399724759615385 0.9502923966346154 0.34527131250000004 0.9556673557692308 0.34017505769230766 0.9545923629807693 0.33380473798076926 0.9485007451923076 0.3318936418269231
9 0.8549764927884616 0.2605460625 0.8610681105769231 0.25608684134615384 0.8596347884615384 0.24653136057692307 0.8539015024038462 0.24270917067307693 0.8463765624999999 0.25290168028846155 0.848526545673077 0.26309419230769227 0.8549764927884616 0.2605460625
8 0.9889920889423076 0.33507880048076927 0.994367045673077 0.34017505769230766 0.9993836706730769 0.3408120889423077 0.9990253413461538 0.33507880048076927 0.994367045673077 0.3318936418269231 0.9889920889423076 0.3255233221153846 0.9818254783653846 0.32361222596153844 0.9771671826923077 0.3280714495192308 0.98039215625 0.33125660817307695 0.9843337908653846 0.33444176923076924 0.9889920889423076 0.33507880048076927
8 0.9109550000000001 0.23292694951923076 0.9137426899038462 0.23017367548076925 0.9168401225961538 0.22466712980769232 0.9208667860576922 0.21750861778846156 0.9199375552884616 0.21365403365384614 0.9171498653846153 0.21310337980769228 0.9146719206730769 0.22026189182692307 0.9100257716346154 0.2296230216346154 0.9109550000000001 0.23292694951923076
8 0.8236073942307692 0.2979042091346154 0.8251561105769232 0.29955617307692306 0.8263950841346154 0.2990055168269231 0.8273243125 0.2946002788461538 0.8248463677884617 0.2890937331730769 0.8205099615384616 0.28303653125 0.8183417572115383 0.27863129326923075 0.8177222716346153 0.2753273653846154 0.8136956081730768 0.27863129326923075 0.8136956081730768 0.282485875 0.8152443245192308 0.28634045913461537 0.8158638125 0.2901950408653846 0.8205099615384616 0.29845486298076923 0.8236073942307692 0.2979042091346154
7 0.7793141033653845 0.40858580769230773 0.7759069278846155 0.39537009615384616 0.7684730889423077 0.3904142019230769 0.763207454326923 0.38490765625 0.7601100216346153 0.38766092788461537 0.7594905336538461 0.39481943990384616 0.7588710480769231 0.40142729807692307 0.7650659134615385 0.4036299158653846 0.7700218052884615 0.4041805697115385 0.7759069278846155 0.4074845 0.7793141033653845 0.40858580769230773
7 0.8310412331730769 0.2951509350961538 0.8347581514423077 0.2951509350961538 0.8332094350961537 0.28689111298076925 0.8381653293269231 0.2885430769230769 0.8415725048076923 0.29184700721153845 0.8455991682692308 0.282485875 0.8409530192307693 0.2758780192307692 0.8363068677884615 0.27092212740384614 0.8319704639423077 0.27037147115384613 0.8285632860576922 0.26596623317307694 0.8242268798076923 0.26376361538461535 0.8205099615384616 0.2632129615384616 0.8186515024038462 0.27257409134615385 0.8245366249999999 0.27973260096153846 0.8288730288461538 0.2841378389423077 0.8310412331730769 0.2951509350961538
7 0.8521037764423076 0.28303653125 0.8579888990384615 0.28028325721153846 0.8651129951923077 0.28028325721153846 0.8713078605769231 0.2841378389423077 0.87781246875 0.27863129326923075 0.8815293894230769 0.2626623052884615 0.8821488749999999 0.2566051033653846 0.8750247788461538 0.25495313942307696 0.8672811971153845 0.2560544495192308 0.8620155625 0.25880772115384615 0.8524135192307691 0.26486492548076923 0.8443601947115386 0.26651688942307694 0.8378555865384616 0.26651688942307694 0.8462186538461538 0.27697932932692304 0.8521037764423076 0.28303653125
8 0.8231298725961539 0.11421783653846154 0.8250335048076922 0.11337177884615385 0.8256997740384615 0.11049518028846153 0.8259853197115384 0.1067725264423077 0.8220828774038461 0.10271144711538462 0.8183707956730769 0.1044035625 0.8175141634615385 0.11083360336538463 0.8162768028846153 0.11574074038461538 0.8177997067307692 0.11607916346153847 0.8206551538461538 0.11523310576923076 0.8231298725961539 0.11421783653846154
13 0.8755037115384615 0.5918936778846153 0.8673644903846154 0.5847953221153847 0.8639859447115386 0.5847953221153847 0.8612216826923077 0.5921666923076923 0.8612216826923077 0.5951698413461538 0.86444665625 0.6044523076923076 0.8641395144230769 0.6131887451923077 0.8712037451923076 0.6140077860576922 0.8770394134615385 0.6074554567307693 0.8791893942307692 0.5984460072115385 0.8755037115384615 0.5918936778846153
13 0.6950155336538462 0.6685550673076922 0.6987276129807692 0.6675397980769231 0.7061517716346154 0.6685550673076922 0.7058662283653846 0.6573871009615384 0.7018686033653846 0.6462191346153846 0.6924456322115385 0.6441885961538462 0.6898757307692308 0.6502802139423077 0.6950155336538462 0.6604329110576923 0.6950155336538462 0.6685550673076922
7 0.5867941346153847 0.5497685192307692 0.5853664110576923 0.5345394735576924 0.5893640360576924 0.535047108173077 0.5890784903846155 0.529463125 0.5810832427884616 0.5284478557692307 0.5770856177884616 0.5391081875 0.5742301706730769 0.5533219615384616 0.5696614591346154 0.5573830408653846 0.5628083870192307 0.5619517548076923 0.5616662091346154 0.5695662764423077 0.5633794783653846 0.5817495120192308 0.5668060120192308 0.5771807980769231 0.5659493798076923 0.5655051971153846 0.5679481899038461 0.5619517548076923 0.5730879927884616 0.5690586418269231 0.5807976971153846 0.574642625 0.581939875 0.5695662764423077 0.5833675985576924 0.5604288509615385 0.5867941346153847 0.5548448677884615 0.5867941346153847 0.5497685192307692
7 0.9988349783653846 0.4116918461538462 0.9994060673076923 0.3629589014423077 0.9934096298076922 0.36803525000000004 0.9885553725961539 0.3766650432692308 0.9876987379807692 0.39037118269230764 0.9911252740384615 0.4030620528846154 0.9951228990384616 0.40915367067307695 0.9988349783653846 0.4116918461538462
7 0.705295139423077 0.1923935985576923 0.6995842475961538 0.1979775817307692 0.6975854350961538 0.20508447115384615 0.7027252379807692 0.20965318269230768 0.7081505841346154 0.21117608894230772 0.7124337548076922 0.20203866105769233 0.7121482091346153 0.19645467788461538 0.7141470216346154 0.19087069471153845 0.70900721875 0.19036306009615386 0.705295139423077 0.1923935985576923
13 0.9908397283653846 0.8117080889423077 0.9942662644230769 0.8213531514423077 0.9991205216346154 0.8269371346153847 0.9994060673076923 0.8056164711538462 0.9948373533653846 0.8061241057692308 0.9908397283653846 0.8117080889423077
7 0.9177403149038461 0.8309982139423078 0.9123149663461538 0.8223684206730769 0.9028919951923077 0.8193226129807692 0.8960389254807691 0.8213531514423077 0.9028919951923077 0.8294753076923077 0.9091739759615384 0.832013483173077 0.9111727884615385 0.8431814495192308 0.9168836802884616 0.8411509086538461 0.9177403149038461 0.8309982139423078
0 0.28097587740384616 0.3710810600961538 0.2792626105769231 0.3710810600961538 0.27355171875 0.3695581538461538 0.2664131033653846 0.3624512668269231 0.25699013221153844 0.35382147596153846 0.2549913197115385 0.3553443798076923 0.24813824999999998 0.37209632932692305 0.2664131033653846 0.39037118269230764 0.27298062980769233 0.39290935576923075 0.27583607451923076 0.3878330096153846 0.28097587740384616 0.3710810600961538
2 0.90631853125 0.20051575721153844 0.9028919951923077 0.20508447115384615 0.9037486298076923 0.21066845432692308 0.9088884326923077 0.21523716586538463 0.9128860552884616 0.21676007211538462 0.9128860552884616 0.20203866105769233 0.90631853125 0.20051575721153844
4 0.84949515625 0.07969866826923076 0.8414999086538462 0.08020630288461539 0.8443553533653846 0.08477501682692308 0.8526361466346154 0.0857902860576923 0.8597747620192308 0.08782082451923076 0.8637723870192308 0.08680555528846154 0.8589181298076922 0.08071393750000001 0.855206048076923 0.07817576442307693 0.84949515625 0.07969866826923076
0 0.9518700841346154 0.16244314423076922 0.956603139423077 0.16174195192307692 0.9568660865384615 0.1589371778846154 0.957523454326923 0.15356136057692307 0.9522645048076923 0.15145778125 0.9443654182692308 0.14663786538461537 0.9181879254807692 0.14224750961538463 0.9181879254807692 0.15980893269230767 0.9285601394230769 0.16244314423076922 0.9433775889423077 0.16595543028846155 0.9518700841346154 0.16244314423076922
7 0.9228801177884616 0.20399110336538462 0.9313146658653846 0.20180436778846153 0.9320175432692307 0.19368221153846152 0.9365862572115385 0.1836857091346154 0.9334233028846154 0.18118658413461539 0.9283274302884615 0.18149897596153847 0.9223529567307692 0.18181136538461537 0.9181356826923076 0.18056180288461537 0.9142698485576923 0.18649722596153848 0.9181356826923076 0.19149547596153849 0.9214743581730769 0.19524416346153844 0.9228801177884616 0.20399110336538462
7 0.6376442235576923 0.05590385817307692 0.6340221802884615 0.05766 0.6295769447115384 0.05531847596153846 0.6254609879807693 0.05531847596153846 0.6234853269230769 0.05619654807692308 0.6206864759615385 0.05385502403846154 0.6195340072115385 0.06087959375 0.6201925600961539 0.07405065865384616 0.6213450288461538 0.08488020192307692 0.6236499663461538 0.09190476923076923 0.6243085192307691 0.09483167307692307 0.6330343509615385 0.09863664903846153 0.6570715456730769 0.09980740865384616 0.6562483533653847 0.06673339903846154 0.6555898004807692 0.06234304567307692 0.6552605240384615 0.05795268990384616 0.6499920985576922 0.0550257860576923 0.6440651177884615 0.05473309615384615 0.6376442235576923 0.05590385817307692
2 0.8824351706730769 0.12917789423076922 0.8820711298076923 0.13124888461538461 0.8878229759615385 0.13590860817307693 0.8993266706730769 0.14225100961538462 0.9068987211538461 0.14639298557692307 0.9162181682692307 0.15208820432692308 0.9144707716346154 0.14716960576923077 0.9026030384615384 0.14095664182692308 0.8924098918269231 0.1344848028846154 0.8824351706730769 0.12917789423076922
2 0.9058065985576923 0.15739511057692307 0.8959046850961538 0.15377088221153848 0.8877501682692308 0.14988777884615384 0.87690175 0.1445808701923077 0.8735525721153846 0.14380425 0.8737709975961538 0.14691073317307693 0.8793044206730769 0.14988777884615384 0.8830904447115385 0.15208820432692308 0.8934292067307692 0.15597130528846154 0.9033311201923078 0.16024271875 0.9102478966346154 0.16192539903846154 0.9149804302884615 0.1628314543269231 0.9148348125 0.16011328365384614 0.9058065985576923 0.15739511057692307
2 0.9208050841346154 0.16399638701923078 0.9162181682692307 0.16399638701923078 0.9110487884615384 0.16360807451923076 0.9045688581730769 0.16231370913461537 0.8999819447115385 0.16179596153846154 0.8959046850961538 0.16192539903846154 0.8927739326923076 0.16166652403846155 0.8938660552884615 0.16412582211538462 0.8994722860576924 0.16464356971153846 0.9057337908653846 0.16658512259615385 0.9197857692307692 0.1676206153846154 0.9236446033653846 0.16749117788461537 0.9251007668269231 0.16438469711538461 0.9208050841346154 0.16399638701923078
6 0.9032583125 0.18962486538461537 0.9069715288461538 0.18651838461538464 0.9052969399038461 0.17991710817307693 0.8994722860576924 0.18302359134615387 0.8998363269230769 0.18638894711538462 0.9032583125 0.18962486538461537
7 0.763888889423077 0.14020093028846153 0.7682467379807693 0.14270005528846152 0.7726045889423077 0.1407007548076923 0.7733074663461538 0.13420302884615384 0.770355375 0.12745538942307694 0.7652946466346153 0.12820512740384615 0.7624831298076923 0.13420302884615384 0.7596716153846154 0.1332033798076923 0.763888889423077 0.14020093028846153
7 0.9514170048076923 0.24791323076923077 0.9525416105769231 0.24316489182692308 0.9525416105769231 0.2389163798076923 0.9526821850961539 0.23416804086538462 0.9500112451923077 0.23266856490384613 0.9459345480769231 0.24091568028846153 0.9396086370192307 0.2389163798076923 0.9363753942307693 0.24316489182692308 0.9349696346153846 0.23966611778846153 0.92526990625 0.23991602884615387 0.9227395408653846 0.24466436778846154 0.925129329326923 0.2501624423076923 0.9276596947115384 0.25066226923076923 0.9272379663461539 0.2556605192307692 0.9296277548076923 0.2556605192307692 0.9344073317307693 0.25491078125 0.9407332427884616 0.2559104302884615 0.9448099423076923 0.2556605192307692 0.9483243365384616 0.2601589447115385 0.9519793076923077 0.25765981971153845 0.9563371562499999 0.25516069471153846 0.9561965817307693 0.25266156971153847 0.954509670673077 0.2509121802884616 0.9514170048076923 0.24791323076923077
8 0.9196468725961539 0.24241515384615384 0.9169759326923077 0.2501624423076923 0.9199280240384616 0.2514120048076923 0.9213337836538462 0.24941270673076923 0.9231612692307691 0.2441645432692308 0.9249887548076923 0.2381666418269231 0.9224583894230769 0.2366671658653846 0.9196468725961539 0.24241515384615384
10 0.97615834375 0.3588743942307693 0.9770018004807692 0.3548757932692308 0.9772829519230769 0.34987754326923076 0.9718004951923077 0.3446293798076923 0.9680049471153847 0.3471285048076923 0.9668803413461539 0.3528764927884615 0.9698324326923077 0.3588743942307693 0.9719410697115385 0.36112360576923075 0.9744714350961539 0.36087369471153846 0.97615834375 0.3588743942307693
7 0.9955578052884615 0.22392162740384616 0.9896536201923076 0.22442145192307691 0.9800944663461538 0.22792022836538461 0.9740497067307692 0.23566751682692308 0.978969860576923 0.2389163798076923 0.9823436802884615 0.2359174278846154 0.9876855600961538 0.23741690384615385 0.9952766538461538 0.23391812980769233 0.9998172524038461 0.23261858413461536 0.9992127764423077 0.22517118990384616 0.9955578052884615 0.22392162740384616
7 0.9376405769230769 0.1829359735576923 0.9328609975961538 0.19443194951923076 0.9348290600961539 0.1991802860576923 0.9390463341346155 0.19893037500000002 0.9398897884615385 0.19693107451923078 0.9434041826923077 0.19118308653846153 0.950714125 0.20242914903846154 0.9490272163461538 0.1894336971153846 0.9418578509615384 0.18068675961538463 0.9376405769230769 0.1829359735576923
7 0.9187465192307692 0.22703363461538462 0.9235327908653846 0.2320616346153846 0.9276663870192308 0.22858071153846152 0.9337580072115385 0.22432624759615385 0.934193122596154 0.21775116826923077 0.9281015048076923 0.2123363966346154 0.9228801177884616 0.21620409134615384 0.9200518653846154 0.22432624759615385 0.9187465192307692 0.22703363461538462
8 0.8382767475961538 0.13907003125 0.8372249567307691 0.14117361057692307 0.8394600120192308 0.14397838461538462 0.8443245408653847 0.14023868509615384 0.84655959375 0.13509660096153847 0.84655959375 0.1311231706730769 0.8439301201923077 0.13275929086538463 0.841169170673077 0.13462913942307692 0.8382767475961538 0.13907003125
7 0.8169779975961539 0.11850168990384616 0.8210536826923077 0.12060526923076924 0.824866423076923 0.12224138942307693 0.8277588461538462 0.125513625 0.8298624254807693 0.12434496875 0.8307827427884615 0.12083900240384615 0.8277588461538462 0.11686557211538462 0.8236831586538462 0.11429452884615385 0.81868715625 0.11616437740384616 0.8169779975961539 0.11850168990384616
7 0.8820575120192308 0.10401035817307692 0.8829778293269231 0.09956946634615385 0.8829778293269231 0.09442738221153846 0.8833722500000001 0.08764917788461538 0.8806113004807692 0.08835037259615384 0.8808742475961538 0.08624679326923078 0.87600971875 0.08928529807692308 0.8754838245192308 0.10307543509615386 0.8774559302884615 0.10237424038461539 0.8802168798076924 0.10424408894230769 0.8820575120192308 0.10401035817307692
0 0.972248516826923 0.18745237740384615 0.9860532620192307 0.17833686298076923 0.9844755769230769 0.17412970192307692 0.9761927307692309 0.15730106009615386 0.9723799903846154 0.16150822115384617 0.9639656706730769 0.16244314423076922 0.9544995576923078 0.16314433894230768 0.9508182932692308 0.16384553124999998 0.9535792427884615 0.16968881009615386 0.9592326129807692 0.17085746634615384 0.9619935625 0.1699225408653846 0.9647545120192308 0.17225985336538463 0.9681728293269232 0.1717923894230769 0.972248516826923 0.17319477644230769 0.9767186250000001 0.17319477644230769 0.9757983076923077 0.17506462740384615 0.9710652524038461 0.17623328125 0.9677784086538461 0.18020671153846154 0.968961673076923 0.18231029326923076 0.972248516826923 0.18745237740384615
8 0.951738608173077 0.1942305817307692 0.9550254543269231 0.1982040096153846 0.9551569278846154 0.2007750528846154 0.9576549278846154 0.19937266586538463 0.9606788245192307 0.19516550480769232 0.9597585096153847 0.19329565625 0.95870671875 0.18558252884615384 0.9559457692307693 0.18137536778846153 0.9558142956730769 0.17880432451923076 0.9525274519230769 0.17950551923076924 0.9523959783653846 0.18114163701923078 0.9512127139423078 0.18441387259615385 0.9493720817307693 0.18698491586538463 0.951738608173077 0.1942305817307692