2 0.8753753750000001 0.1589517139423077 0.8648385216346154 0.16191520432692308 0.8595700961538462 0.17179350480769232 0.8560578125 0.1801900576923077 0.857813954326923 0.19797099759615386 0.863960451923077 0.21575193509615384 0.8744973052884616 0.21575193509615384 0.8938148677884615 0.21180061538461536 0.8938148677884615 0.1955014230769231 0.8911806538461539 0.17228741826923077 0.8797657307692308 0.17031175961538464 0.8753753750000001 0.1589517139423077
9 0.6778093894230769 0.0651078701923077 0.6944927379807692 0.06313221153846155 0.7050295913461538 0.056711317307692306 0.7050295913461538 0.04535127163461539 0.6944927379807692 0.03942429326923077 0.67956553125 0.041399951923076925 0.6742971033653846 0.05029042307692307 0.6725409615384615 0.06412004086538461 0.6778093894230769 0.0651078701923077
4 0.877131516826923 0.11746285817307692 0.8463990312499999 0.11054804807692308 0.83674025 0.12487158173076923 0.8437648173076924 0.12981073076923078 0.8560578125 0.13573771153846154 0.8683508076923078 0.13573771153846154 0.877131516826923 0.11746285817307692
4 0.8358621778846154 0.12338983653846153 0.844642889423077 0.11202979326923077 0.8569358822115384 0.11153587740384616 0.8472771009615384 0.09820017307692308 0.8279595384615385 0.10215149278846154 0.8209349711538461 0.1080784735576923 0.8244472548076923 0.12240200721153846 0.8358621778846154 0.12338983653846153
7 0.8235691826923077 0.15648213942307693 0.8402525336538461 0.1530247355769231 0.8543016706730769 0.14660384134615384 0.8499113149038462 0.1377133701923077 0.8463990312499999 0.13030464663461538 0.8253253245192307 0.1258594110576923 0.8139104014423076 0.12981073076923078 0.8156665432692307 0.14364035096153846 0.8235691826923077 0.15648213942307693
7 0.8938148677884615 0.11696894230769231 0.8920587259615385 0.12684724278846154 0.8982052235576923 0.13672554086538463 0.9061078629807693 0.13672554086538463 0.9245473533653846 0.13672554086538463 0.9368403485576924 0.13178639182692306 0.9482552740384615 0.1164750264423077 0.9535236995192308 0.10462106730769231 0.9438649182692308 0.09770625961538461 0.9201569999999999 0.09770625961538461 0.9043517211538461 0.1061028125 0.8938148677884615 0.11696894230769231
8 0.9175227860576923 0.2197032548076923 0.8964490817307692 0.21575193509615384 0.8859122283653846 0.2394598533653846 0.8859122283653846 0.24686857932692308 0.8946929375000001 0.2508198990384615 0.9043517211538461 0.2443990048076923 0.9175227860576923 0.2197032548076923
10 0.8753753750000001 0.2626738581730769 0.8736192331730769 0.26613126201923076 0.8823999447115385 0.26860083653846156 0.8929367956730769 0.26415560336538463 0.9017175072115384 0.25526513461538464 0.8999613653846155 0.2513138149038462 0.8841560865384616 0.24884423798076924 0.8806438028846154 0.2527955576923077 0.8753753750000001 0.2626738581730769
1 0.9500114158653846 0.6000177812499999 0.9535236995192308 0.5644559038461539 0.9394745624999999 0.5624802427884615 0.92981578125 0.5639619879807692 0.9131324302884616 0.5590228389423078 0.9043517211538461 0.5451932187499999 0.8982052235576923 0.53630275 0.8823999447115385 0.5303757716346154 0.8665946658653846 0.5249427067307693 0.8376183197115386 0.5288940264423077 0.8393744615384615 0.535314920673077 0.8095200456730769 0.5432175600961539 0.8024954783653846 0.5703828822115384 0.80161740625 0.5827307572115384 0.8270814663461539 0.5827307572115384 0.8393744615384615 0.6039691009615384 0.8534235985576923 0.6370614038461538 0.8841560865384616 0.6291587644230769 0.9447429879807692 0.61779871875 0.9500114158653846 0.6000177812499999
6 0.7252252259615385 0.6933677091346154 0.7225910120192308 0.6760806850961539 0.7155664447115384 0.6671902163461538 0.7059076610576922 0.6701537067307692 0.6918585264423077 0.6612632379807692 0.6716628918269231 0.6533605985576922 0.6620041105769231 0.6662023870192308 0.6505891850961538 0.6760806850961539 0.6444426875 0.68151375 0.6321496947115384 0.6874407307692307 0.6286374086538462 0.6988007740384615 0.6453207596153846 0.7052216682692307 0.6602479663461539 0.7116425624999999 0.6725409615384615 0.7126303942307692 0.687468170673077 0.7096669038461538 0.7102980168269231 0.7116425624999999 0.7146883725961538 0.6997886033653846 0.7252252259615385 0.6933677091346154
6 0.48024340144230765 0.7264600120192307 0.5013171057692307 0.7170756274038462 0.5083416754807693 0.7200391177884615 0.5171223846153846 0.7200391177884615 0.5338057355769231 0.7234965240384615 0.5381960913461539 0.7121364783653846 0.5469768004807692 0.7205330336538461 0.5531232980769231 0.7170756274038462 0.5583917259615384 0.7106547331730769 0.5610259375 0.7067034134615385 0.5680505072115385 0.7042338389423077 0.57068471875 0.6973190288461539 0.5636601514423076 0.6864528990384616 0.524146954326923 0.6933677091346154 0.5065855336538462 0.70275209375 0.4863898990384615 0.7067034134615385 0.46180390865384613 0.7116425624999999 0.4459986298076923 0.7131243076923077 0.4328275649038461 0.7190512884615384 0.4416082740384616 0.7244843533653846 0.4600477668269231 0.7284356730769231 0.44863284374999995 0.7358443966346153 0.4512670576923077 0.7402896322115384 0.4556574110576923 0.7506618461538461 0.4565354831730769 0.7575766562499999 0.4626819807692308 0.7605401466346154 0.47234076201923075 0.758564485576923 0.47146268990384615 0.7472044423076922 0.47585304567307696 0.7358443966346153 0.48024340144230765 0.7264600120192307
4 0.35467924038461535 0.8282064951923077 0.35028888461538465 0.8346273894230769 0.3625818798076923 0.8395665408653846 0.37136259134615385 0.8449996057692307 0.3871678701923077 0.839072625 0.39770472115384614 0.8316639014423076 0.4117538581730769 0.8282064951923077 0.3994608653846154 0.8237612620192307 0.39068015384615384 0.8227734302884616 0.3678503052884615 0.8262308365384615 0.35467924038461535 0.8282064951923077
8 0.706785733173077 0.5471688798076924 0.6953708100961538 0.5412418990384615 0.6927365961538462 0.5516141129807692 0.6901023822115384 0.5580350096153845 0.6997611658653846 0.5644559038461539 0.7102980168269231 0.5728524567307692 0.7234690841346154 0.5768037764423076 0.7331278653846154 0.5792733533653845 0.7401524326923077 0.5753220336538462 0.7322497932692307 0.5684072235576922 0.7234690841346154 0.5595167548076924 0.7120541586538462 0.5530958581730769 0.706785733173077 0.5471688798076924
7 0.8209349711538461 0.5204974711538461 0.8314718221153845 0.5185218100961538 0.8411306033653846 0.5170400673076924 0.8490332427884616 0.5140765769230768 0.8411306033653846 0.5101252572115385 0.8323498942307693 0.5012347884615385 0.8174226850961539 0.49728346875 0.8068858341346155 0.5002469567307692 0.7972270504807693 0.5056800216346153 0.78229984375 0.5086435120192307 0.7708849206730769 0.5140765769230768 0.7743972043269232 0.5175339807692307 0.78229984375 0.5214853004807692 0.7910805552884616 0.5279061947115384 0.7998612644230769 0.526424451923077 0.8130323317307693 0.522967045673077 0.8209349711538461 0.5204974711538461
7 0.8806438028846154 0.47900861298076924 0.8727411610576923 0.4735755480769231 0.844642889423077 0.46616682451923075 0.8165446153846154 0.46814248557692306 0.791958625 0.4711059735576923 0.7717629903846154 0.4780207836538462 0.7542015697115385 0.48295993269230764 0.7542015697115385 0.48888691346153845 0.7638603509615384 0.501728701923077 0.7761533461538461 0.5046921923076924 0.7972270504807693 0.505186108173077 0.8077639038461538 0.5022226177884616 0.8209349711538461 0.49777738221153844 0.8349841057692308 0.5022226177884616 0.8516674567307692 0.5066678509615385 0.8613262379807692 0.50271653125 0.8560578125 0.49827129807692305 0.863960451923077 0.49580172355769225 0.8595700961538462 0.48888691346153845 0.8718630913461538 0.4839477644230769 0.8806438028846154 0.47900861298076924
11 0.7743972043269232 0.4612276754807692 0.7682507067307692 0.4711059735576923 0.7858121274038462 0.47308163461538466 0.8068858341346155 0.4676485697115385 0.8270814663461539 0.46023984615384617 0.8314718221153845 0.45678243990384615 0.8191788269230769 0.4503615456730769 0.8007393365384616 0.44591631009615385 0.7743972043269232 0.4612276754807692
2 0.8499113149038462 0.009789394230769232 0.8794970408653846 0 0.8604481682692308 0.0008989254807692307 0.8393744615384615 0.005838074519230769 0.7963489807692308 0.02361901442307692 0.7972270504807693 0.031521653846153845 0.8297156802884615 0.017692033653846154 0.8499113149038462 0.009789394230769232
4 0.9991833942307693 0.062144382211538465 0.9860123293269231 0.05868697596153846 0.9623044086538461 0.06115655048076923 0.9640605504807692 0.07498617067307692 0.9763535456730769 0.08338272596153845 0.9974272524038461 0.08486446874999999 0.9991833942307693 0.062144382211538465
8 0.8762534471153847 0.32836454807692306 0.8903025841346154 0.3367611033653847 0.9061078629807693 0.34268808173076926 0.9201569999999999 0.34713331730769226 0.9306938509615384 0.34713331730769226 0.9333280649038461 0.33873676201923075 0.9245473533653846 0.3342915288461539 0.9087420745192307 0.3244132283653846 0.8929367956730769 0.31749841826923075 0.877131516826923 0.31552275961538456 0.8762534471153847 0.32836454807692306
7 0.9122543605769231 0.3031748846153846 0.9078640048076922 0.30811403605769233 0.9157666442307693 0.31749841826923075 0.9350842067307692 0.32836454807692306 0.941230704326923 0.32984629326923076 0.9544017692307692 0.326388889423077 0.9631824807692309 0.31008969471153847 0.958792125 0.30218705528846157 0.9675728365384615 0.2937905 0.9535236995192308 0.28588786057692306 0.941230704326923 0.2913209254807692 0.9254254254807692 0.29774181971153846 0.9122543605769231 0.3031748846153846
4 0.9868903990384615 0.2720582427884616 0.9983053221153846 0.26860083653846156 0.9983053221153846 0.24983206971153848 0.9737193341346154 0.25575904807692307 0.9579140552884616 0.2587225384615385 0.9544017692307692 0.26711909375 0.9605482668269231 0.2760095625 0.9868903990384615 0.2720582427884616
4 0.941230704326923 0.36985340624999996 0.9500114158653846 0.3688655769230769 0.9359622788461538 0.35503595673076926 0.9069859326923078 0.3565177019230769 0.8973271514423077 0.35948119230769227 0.9087420745192307 0.37034732211538457 0.9289377091346154 0.3673838317307692 0.941230704326923 0.36985340624999996
7 1 0.33213147355769235 0.9974272524038461 0.3244132283653846 0.9904026826923077 0.3254010600961538 0.9789877596153846 0.3288584639423077 0.9623044086538461 0.3318219543269231 0.947377201923077 0.33923067788461536 0.9500114158653846 0.34466374278846157 0.9385964903846153 0.3520724663461538 0.9429868461538462 0.3604690216346154 0.950889485576923 0.3649142572115384 0.958792125 0.36787774519230765 0.9666947644230769 0.3693594903846154 0.9816219735576923 0.3683716610576923 0.9860123293269231 0.35948119230769227 0.9956711105769231 0.35059072115384615 0.9974272524038461 0.3461454879807692 1 0.33213147355769235
6 0.31955639903846156 0.7847419783653845 0.3107756875 0.7763454254807692 0.30287304807692306 0.7644914639423077 0.2940923389423077 0.7575766562499999 0.27301863221153844 0.7600462307692308 0.2501887860576923 0.7714062740384615 0.2396519326923077 0.7807906586538462 0.22648086778846155 0.7921507043269231 0.23350543509615385 0.7961020240384615 0.22999315144230767 0.8074620673076923 0.23438350721153847 0.8114133870192308 0.2598475673076923 0.8109194711538461 0.2940923389423077 0.8158586225961538 0.30901954567307693 0.8114133870192308 0.31780025721153843 0.8054864086538461 0.3239467548076923 0.7921507043269231 0.31955639903846156 0.7847419783653845
7 0.18784574038461538 0.7141121394230769 0.20101680528846153 0.7057155841346153 0.21857822836538462 0.6978129447115384 0.2203343701923077 0.7007764350961538 0.20804137500000003 0.7076912427884616 0.21067558653846152 0.7150999687499999 0.2203343701923077 0.7067034134615385 0.23701771875000002 0.6973190288461539 0.23526157692307692 0.6800320048076922 0.21506594230769233 0.6825015817307692 0.18960188221153845 0.6834894110576923 0.1711623894230769 0.6869468149038462 0.1711623894230769 0.6992946899038461 0.17730888701923078 0.7076912427884616 0.16940624759615386 0.7195452019230769 0.16238168028846156 0.7239904375 0.14745447115384616 0.7304113317307692 0.1360395480769231 0.7348565673076923 0.1351614783653846 0.7378200576923077 0.1439421875 0.7412774615384615 0.15799132451923076 0.7393018028846154 0.17028431971153848 0.7383139711538462 0.18345538461538463 0.7190512884615384 0.18784574038461538 0.7141121394230769
5 0.3415081754807692 0.5481567091346153 0.32658096634615386 0.5461810504807693 0.3125318293269231 0.5550715192307693 0.3371178197115385 0.5590228389423078 0.3415081754807692 0.5481567091346153
7 0.2677502067307692 0.4340623509615385 0.2493107139423077 0.42813537259615386 0.22472472596153845 0.4276414567307692 0.20804137500000003 0.43505018269230766 0.20277294951923078 0.4419649903846154 0.21243173076923078 0.451349375 0.22209051201923075 0.45579461057692305 0.23438350721153847 0.45875810096153846 0.24755457211538462 0.4592520144230769 0.26423792307692306 0.45530069471153845 0.26950634855769234 0.45381894951923074 0.27477477403846157 0.44937371634615386 0.2677502067307692 0.4340623509615385
2 0.1298930504807692 0.3565177019230769 0.13428340625 0.3792377908653846 0.1456983293269231 0.378743875 0.16501589423076923 0.35750553124999995 0.17291853365384616 0.3268828028846154 0.15360096875 0.3234253990384615 0.14042990384615386 0.3249071442307692 0.1369176201923077 0.3481211466346154 0.1298930504807692 0.3565177019230769
4 0.24404228846153847 0.2804547980769231 0.23350543509615385 0.27946696634615387 0.21682208413461537 0.28638177644230767 0.22209051201923075 0.2937905 0.22999315144230767 0.3002113966346154 0.2466765 0.2987296514423077 0.2668721346153846 0.29774181971153846 0.27301863221153844 0.2937905 0.2668721346153846 0.2853939471153846 0.2501887860576923 0.28440611778846153 0.24404228846153847 0.2804547980769231
7 0.15096675721153846 0.28687569230769233 0.13867376201923076 0.3036688004807692 0.1571132548076923 0.3135471009615385 0.19135802403846155 0.30910186538461537 0.19926066346153848 0.29922356490384616 0.18696766826923075 0.2957661610576923 0.15096675721153846 0.28687569230769233
6 0.09652635096153846 0.08190098076923077 0.15799132451923076 0.08684012980769232 0.17291853365384616 0.08535838461538461 0.18784574038461538 0.06856527644230768 0.18082117307692308 0.06066263701923077 0.15272289903846153 0.05325391105769231 0.12550269471153847 0.04238778365384615 0.11145355769230769 0.06658961538461539 0.09652635096153846 0.08190098076923077
8 0.1655552139423077 0.17729814423076923 0.18433345673076923 0.17376916346153845 0.19399223798076923 0.17031175961538464 0.1860895985576923 0.16636043990384616 0.17730888701923078 0.16636043990384616 0.16765010576923078 0.16191520432692308 0.15244576682692307 0.16255001442307693 0.13779568990384614 0.16339694951923076 0.11672198557692307 0.1648786947115385 0.09652635096153846 0.1648786947115385 0.09389213701923077 0.17722656971153847 0.0947702091346154 0.18167180288461537 0.1053070625 0.17772048317307693 0.12052711298076924 0.18050425721153845 0.1334053341346154 0.1787083125 0.1655552139423077 0.17729814423076923
7 0.5057074615384616 0.24094159855769232 0.4916583245192308 0.23600244951923077 0.47234076201923075 0.22859372596153846 0.4565354831730769 0.21673976682692306 0.42053456971153846 0.2231606610576923 0.3941924375 0.23649636538461538 0.37838715865384615 0.24588075 0.38189944230769235 0.2532894735576923 0.39858279326923074 0.25230164423076923 0.4056073605769231 0.24686857932692308 0.41351000240384617 0.24835032451923075 0.4196564975961538 0.25378338942307693 0.43546177644230766 0.25575904807692307 0.4547793413461539 0.25575904807692307 0.47058462019230773 0.2562529639423077 0.4863898990384615 0.2532894735576923 0.5057074615384616 0.24884423798076924 0.5057074615384616 0.24094159855769232
5 0.8945544495192308 0.19364932692307693 0.9065239447115385 0.1994203341346154 0.9133636562499999 0.19974094471153844 0.9179234639423076 0.19076382451923074 0.9036740649038462 0.18403098317307692 0.8945544495192308 0.19364932692307693
6 0.9914503605769232 0.14748127644230768 0.9720711778846154 0.14587821875 0.9658014423076923 0.1564583966346154 0.9903104086538461 0.1567790096153846 0.9914503605769232 0.14748127644230768
4 0.8774551706730769 0.07374063701923077 0.8842948822115384 0.08816815384615384 0.892274545673077 0.09586282932692308 0.9082338725961538 0.0916948798076923 0.8979743052884616 0.07181696875 0.8774551706730769 0.07374063701923077
7 0.921913295673077 0.03302298076923077 0.912223704326923 0.04745049759615384 0.9179234639423076 0.059313122596153844 0.9139336322115384 0.07021391105769231 0.9327428389423077 0.061557401442307695 0.9492721418269231 0.05129783413461538 0.9549719014423077 0.04552682932692308 0.9350227427884616 0.03334359375 0.921913295673077 0.03302298076923077
0 0.6791035408653846 0.1596645120192308 0.6694139495192307 0.1593439014423077 0.6620042644230769 0.16992407932692308 0.6574444567307692 0.18274853846153846 0.6659940961538461 0.1872370985576923 0.6830933725961538 0.18467220673076923 0.6899330841346154 0.16607674278846155 0.6791035408653846 0.1596645120192308
7 0.820457576923077 0.07406125 0.7942386826923078 0.0638016826923077 0.7731495721153846 0.07342002644230769 0.76232003125 0.08367959374999999 0.7714396442307693 0.08816815384615384 0.7936687067307692 0.08560326201923077 0.820457576923077 0.07406125
7 0.9857506009615384 0.09201549278846154 0.9777709375 0.085923875 0.9504120937499999 0.08496203846153846 0.9475622139423077 0.09618343990384615 0.9532619735576924 0.10451933894230768 0.9469922379807693 0.1163819639423077 0.9378726225961539 0.13016825721153846 0.9441423581730769 0.1369010985576923 0.9555418774038462 0.13978660096153847 0.9669413942307692 0.1359392644230769 0.9794808653846154 0.1292064230769231 0.9811907932692308 0.11862624278846154 0.9817607692307693 0.10387811538461539 0.9829007211538462 0.10035138942307692 0.9857506009615384 0.09201549278846154
7 0.09544817307692308 0.20102339182692308 0.09772807692307692 0.21448907451923077 0.11881718509615384 0.2164127427884615 0.1273668245192308 0.2093592908653846 0.1370564158653846 0.20006155769230768 0.13933631971153845 0.19621421874999997 0.12508692067307692 0.1894813798076923 0.11311742548076922 0.18691648798076924 0.10285785817307692 0.19300810576923075 0.09544817307692308 0.20102339182692308
7 0.49113946394230773 0.4584662403846154 0.5137830552884616 0.45071327403846156 0.5324886298076923 0.44462165624999994 0.5354421418269231 0.42856193509615387 0.5157520624999999 0.4185938341346154 0.4901549615384615 0.40917951442307693 0.47243388942307696 0.4274543677884616 0.4586508365384615 0.4451754375 0.48129442548076923 0.4612351586538462 0.49113946394230773 0.4584662403846154
0 0.6102644374999999 0.38315169230769236 0.5915588629807692 0.3709684567307692 0.5620237451923077 0.38315169230769236 0.5502096995192308 0.39478114423076927 0.5679307692307692 0.40253411298076924 0.5915588629807692 0.39145844471153846 0.6102644374999999 0.38315169230769236
6 0.38841581009615384 0.11477890624999999 0.37416641105769227 0.10035138942307692 0.3604869879807693 0.09105365865384615 0.3314182139423077 0.09329793750000001 0.31887874278846157 0.09618343990384615 0.31887874278846157 0.10291628124999999 0.3234385504807692 0.11221401442307692 0.3348380697115385 0.1292064230769231 0.34737754086538464 0.13914537740384614 0.3553572043269231 0.13401559375 0.35421725240384616 0.12535908413461538 0.3650467956730769 0.11862624278846154 0.3775862668269231 0.11862624278846154 0.38841581009615384 0.11477890624999999
6 0.40893494230769234 0.08432081730769231 0.40893494230769234 0.07758797596153846 0.39525551923076924 0.07277880288461538 0.3844259783653846 0.07630552884615384 0.3730264591346154 0.07983225721153847 0.36162693990384615 0.08496203846153846 0.36276689182692307 0.08816815384615384 0.37587633894230765 0.10195444711538461 0.38670588221153845 0.11093156971153847 0.39639547115384616 0.11349646153846155 0.4026652067307692 0.11509951682692308 0.4129247740384615 0.11766440865384616 0.42489426923076923 0.11221401442307692 0.4226143653846154 0.10291628124999999 0.4066550384615385 0.09746588701923077 0.41007489423076926 0.0942597716346154 0.40893494230769234 0.08432081730769231
6 0.39354559134615386 0.04969477884615384 0.4129247740384615 0.048091721153846155 0.41520467788461535 0.03558787259615385 0.3872758581730769 0.026931362980769234 0.37416641105769227 0.024687084134615383 0.35706713221153846 0.020198521634615385 0.3399678533653846 0.028213810096153848 0.3297082860576923 0.03654970673076923 0.3331281418269231 0.04841233173076923 0.34224775721153844 0.05129783413461538 0.35706713221153846 0.05674823076923077 0.3690366274038462 0.051939057692307694 0.38214607451923077 0.05001538942307692 0.39354559134615386 0.04969477884615384
6 0.3889857860576923 0.03815276442307692 0.3901257379807692 0.03302298076923077 0.3815760985576923 0.02725197596153846 0.37245648317307695 0.03141992307692308 0.3690366274038462 0.03398481490384615 0.3678966754807692 0.041038269230769225 0.3770162908653846 0.0429619375 0.3889857860576923 0.03815276442307692
6 0.4311640048076923 0.02629013942307692 0.42033446153846155 0.02148096875 0.40893494230769234 0.017633629807692307 0.4032351826923077 0.024045860576923078 0.4083649663461539 0.03141992307692308 0.4197644855769231 0.03430542788461539 0.42489426923076923 0.03238175721153846 0.4311640048076923 0.02629013942307692
6 0.2670109326923077 0.14748127644230768 0.2772705 0.14395455048076922 0.2892399951923077 0.1481225 0.3103291033653846 0.14684005288461538 0.30405936778846154 0.14555760817307692 0.29265985096153846 0.13145070192307692 0.2789804278846154 0.13209192548076923 0.27157074038461537 0.12792397596153846 0.25618138942307694 0.1272827548076923 0.2527615336538461 0.12311480528846154 0.22654263942307692 0.12439725 0.22654263942307692 0.1292064230769231 0.24136201442307692 0.13241253846153847 0.24079203846153846 0.14074843509615384 0.2516215817307692 0.14267210336538463 0.2573213413461538 0.14780188701923078 0.2670109326923077 0.14748127644230768
6 0.28867001923076924 0.1061223966346154 0.2977896322115385 0.11125218028846154 0.30975912740384615 0.11574074038461538 0.3211586466346154 0.1141376826923077 0.31659883894230767 0.10067200240384616 0.3103291033653846 0.09297732692307692 0.30234943990384616 0.10067200240384616 0.29265985096153846 0.10259567067307693 0.28867001923076924 0.1061223966346154
6 0.24079203846153846 0.11061095673076923 0.22882254326923077 0.10868728846153847 0.22597266346153846 0.11574074038461538 0.22768259134615385 0.12119113461538461 0.23566225480769232 0.12087052403846155 0.24478187019230768 0.11574074038461538 0.24079203846153846 0.11061095673076923
5 0.20716345673076922 0.15806145432692306 0.21286321634615385 0.15421411778846156 0.21001333653846155 0.14587821875 0.20431357692307694 0.14619882932692307 0.19576393990384616 0.14203088221153848 0.19006418028846153 0.14171026923076924 0.19006418028846153 0.15036677884615385 0.1923440841346154 0.15229044711538461 0.19804384134615385 0.1570996201923077 0.20716345673076922 0.15806145432692306
4 0.9601016826923078 0.6399404951923077 0.9623815865384615 0.6332076538461539 0.9509820697115384 0.6306427620192309 0.934452766826923 0.6255129783653846 0.9327428389423077 0.6277572596153846 0.9316028870192308 0.6399404951923077 0.9418624543269231 0.6457115000000001 0.9538319495192307 0.6463527235576922 0.9601016826923078 0.6399404951923077
7 0.7651699086538462 0.533176875 0.7594701514423078 0.53542115625 0.7532004158653846 0.5389478822115384 0.7463607043269231 0.5460013341346154 0.7343912091346153 0.552092951923077 0.7372410889423077 0.5597876274038461 0.7446507764423077 0.5642761875 0.7526304399038461 0.5655586322115385 0.7600401274038462 0.5633143533653846 0.7674498125 0.557222735576923 0.7759994519230768 0.5556196778846154 0.7799892836538462 0.5479250024038461 0.7794193076923077 0.5431158317307692 0.7794193076923077 0.5389478822115384 0.7651699086538462 0.533176875
7 0.7161519783653846 0.5286883149038462 0.7047524591346155 0.533176875 0.7098822427884616 0.5421539951923077 0.7098822427884616 0.5463219447115384 0.726411545673077 0.5437570528846154 0.7400909687499999 0.5437570528846154 0.7463607043269231 0.5392684927884616 0.7452207524038462 0.53093259375 0.7400909687499999 0.5274058677884615 0.7275514975961539 0.5283677019230769 0.7161519783653846 0.5286883149038462
6 0.9184934399038462 0.17120652403846154 0.9247631754807693 0.1811454807692308 0.9441423581730769 0.1785805889423077 0.9572518052884615 0.17216836057692309 0.964091514423077 0.15806145432692306 0.9635215384615384 0.13818354326923077 0.9578217812500001 0.14074843509615384 0.9464222620192307 0.14619882932692307 0.9310329110576923 0.1561377860576923 0.9173534879807692 0.16383246153846154 0.9184934399038462 0.17120652403846154