0 0.9546487283653846 0.9596701971153846 0.9620574519230769 0.9333280649038461 0.9778627307692307 0.8674727355769231 0.9793444759615385 0.8534235985576923 0.9714418365384615 0.8402525336538461 0.9615635384615384 0.8341060360576923 0.9477339182692308 0.8358621778846154 0.9497095769230769 0.8586920264423077 0.9403251947115384 0.8903025841346154 0.9309408100961538 0.9140105024038461 0.9334103846153846 0.941230704326923 0.9245199134615384 0.9737193341346154 0.9499044567307693 0.9859044951923077 0.9546487283653846 0.9596701971153846
7 0.8830310576923076 0.9350842067307692 0.8682136081730769 0.9385964903846153 0.8647562043269231 0.9579140552884616 0.8682136081730769 0.9754754759615385 0.8785858221153846 0.9860123293269231 0.8859945480769231 0.9974272524038461 0.8909336971153846 0.9965491802884615 0.8943911009615384 0.9816219735576923 0.8988363365384615 0.9719631923076922 0.8973545913461538 0.9552798413461538 0.8830310576923076 0.9350842067307692
4 0.93291646875 0.9394745624999999 0.9289651490384615 0.9263034975961539 0.9176051057692308 0.9271815673076923 0.9121720408653846 0.9526456274038462 0.9171111899038462 0.9596701971153846 0.9269894903846154 0.9535236995192308 0.93291646875 0.9394745624999999
0 0.8687075240384616 0.7410305048076923 0.8474691802884616 0.7296155817307692 0.8410482860576922 0.76298228125 0.8514204999999999 0.7884463413461538 0.8682136081730769 0.7963489807692308 0.8662379495192307 0.7682507067307692 0.8687075240384616 0.7410305048076923
6 0.852408329326923 0.8033735480769231 0.8440117740384616 0.7884463413461538 0.8375908798076923 0.8042516201923077 0.8306760697115384 0.8121542596153847 0.8420361153846153 0.8323498942307693 0.8474691802884616 0.8279595384615385 0.8598170528846154 0.8183007572115385 0.852408329326923 0.8033735480769231
6 0.8257369206730769 0.6549795408653847 0.8173403677884615 0.6409304038461539 0.8128951322115385 0.6365400480769231 0.8010411730769231 0.6453207596153846 0.7985715985576923 0.6646383221153845 0.8015350865384616 0.6778093894230769 0.8074620673076923 0.687468170673077 0.8109194711538461 0.6944927379807692 0.8193160264423077 0.6944927379807692 0.8287004110576923 0.6760532451923077 0.8370969663461539 0.6637602524038461 0.8257369206730769 0.6549795408653847
6 0.7279417572115385 0.7866901995192308 0.7343626514423077 0.7937147668269231 0.7402896322115384 0.7884463413461538 0.7417713774038461 0.7621042091346154 0.7269539278846153 0.7708849206730769 0.7279417572115385 0.7866901995192308
6 0.7230026081730769 0.7928366971153846 0.7205330336538461 0.7647384230769231 0.7131243076923077 0.7313717235576923 0.7101608197115384 0.7102980168269231 0.7062094999999999 0.6962488798076923 0.7022581802884615 0.6804436009615386 0.6859589855769231 0.6830778149038461 0.6859589855769231 0.6909804543269231 0.6741050264423076 0.6962488798076923 0.6780563461538461 0.7173225865384616 0.6859589855769231 0.7427866466346154 0.6988007740384615 0.7893244134615384 0.7007764350961538 0.8024954783653846 0.7086790745192307 0.8033735480769231 0.7230026081730769 0.7928366971153846
6 0.68151375 0.9877684711538461 0.6849711562499999 0.9939149663461537 0.6923798798076923 0.9842561850961539 0.7017642644230769 0.9789877596153846 0.7086790745192307 0.9754754759615385 0.7106547331730769 0.9596701971153846 0.7017642644230769 0.9517675576923076 0.6879346442307692 0.9570359831730768 0.6790441754807692 0.9728412620192307 0.68151375 0.9877684711538461
9 0.795608108173077 0.8744973052884616 0.8010411730769231 0.8674727355769231 0.7951141923076922 0.8507893870192308 0.7881993846153846 0.8543016706730769 0.7832602331730769 0.8622043100961538 0.7827663197115384 0.8683508076923078 0.7872115528846154 0.8727411610576923 0.795608108173077 0.8744973052884616
4 0.7719001899038461 0.8209349711538461 0.7649853798076923 0.8235691826923077 0.7565888245192307 0.8376183197115386 0.7605401466346154 0.8622043100961538 0.7704184447115385 0.8665946658653846 0.7763454254807692 0.8586920264423077 0.795608108173077 0.8463990312499999 0.7931385336538461 0.8358621778846154 0.7837541490384615 0.8024954783653846 0.7723941057692307 0.8024954783653846 0.7719001899038461 0.8209349711538461
5 0.7773332548076923 0.8358621778846154 0.7635036346153845 0.8384963918269231 0.7595523149038462 0.8437648173076924 0.7625158052884615 0.8569358822115384 0.7684427860576922 0.8586920264423077 0.7773332548076923 0.8499113149038462 0.7773332548076923 0.8358621778846154
0 0.6666963004807692 0.9965491802884615 0.6622510673076923 0.9561579134615384 0.6607693221153846 0.9175227860576923 0.6553362572115385 0.8701069495192308 0.6558301730769232 0.8560578125 0.6444701274038462 0.7225910120192308 0.6306405096153846 0.7252252259615385 0.6345918293269232 0.7700068485576923 0.6395309783653846 0.7998612644230769 0.6508910216346154 0.8428867451923078 0.6503971081730769 0.8736192331730769 0.6415066370192307 0.88503415625 0.6479275336538461 0.9605482668269231 0.6494092788461538 0.9956711105769231 0.6666963004807692 0.9965491802884615
11 0.6750928557692308 0.7972270504807693 0.6671902163461538 0.7954709086538462 0.6607693221153846 0.8103981177884615 0.6622510673076923 0.8323498942307693 0.6721293653846154 0.8481551730769231 0.6800320048076922 0.8314718221153845 0.6750928557692308 0.7972270504807693
11 0.6508910216346154 0.8481551730769231 0.6494092788461538 0.8235691826923077 0.6415066370192307 0.8077639038461538 0.6360735745192307 0.7989831947115384 0.6321222548076922 0.8007393365384616 0.6266891899038461 0.8147884735576922 0.6143413149038461 0.8112761875000001 0.6128595697115384 0.8191788269230769 0.6094021658653846 0.844642889423077 0.6187865504807692 0.8709850192307692 0.6326161682692307 0.8859122283653846 0.6474336177884615 0.8780095889423076 0.6508910216346154 0.8481551730769231
9 0.6168108894230768 0.8130323317307693 0.631134423076923 0.8077639038461538 0.6355796586538461 0.7814217716346155 0.6252074447115384 0.7656164927884616 0.6187865504807692 0.7682507067307692 0.6084143365384616 0.7796656298076924 0.6108839110576922 0.8024954783653846 0.6168108894230768 0.8130323317307693
9 0.6548423413461539 0.7076638052884616 0.6622510673076923 0.6953708100961538 0.6612632379807692 0.6751751754807693 0.6503971081730769 0.6602479663461539 0.6370614038461538 0.6646383221153845 0.6350857427884615 0.687468170673077 0.6429883822115384 0.7076638052884616 0.6548423413461539 0.7076638052884616
6 0.5995238653846153 0.7357620769230769 0.6118717403846154 0.7436647163461539 0.6232317836538462 0.7506892860576924 0.6296526778846154 0.7269813677884615 0.6331100841346153 0.6971269519230769 0.6217500384615384 0.6813216730769232 0.604463016826923 0.6690286778846153 0.5995238653846153 0.7041515192307692 0.5995238653846153 0.7357620769230769
0 0.5397601538461538 0.9096201466346153 0.5185218100961538 0.9061078629807693 0.5130887475961539 0.9500114158653846 0.5101252572115385 0.9956711105769231 0.5305792644230769 1 0.5674193942307693 0.9983053221153846 0.6010056105769231 0.9956711105769231 0.6054508461538461 0.9596701971153846 0.6069325913461538 0.9350842067307692 0.5817429278846153 0.9236692836538462 0.5397601538461538 0.9096201466346153
0 0.519509641826923 0.8226911129807692 0.49185040384615386 0.80161740625 0.48147818990384617 0.8499113149038462 0.46616682451923075 0.9148885721153845 0.47703295432692305 0.9271815673076923 0.5056800216346153 0.94913334375 0.5121009158653846 0.9517675576923076 0.5170400673076924 0.9069859326923078 0.561986329326923 0.9113762884615385 0.5776919663461538 0.8623188413461539 0.5506262836538461 0.844642889423077 0.519509641826923 0.8226911129807692
0 0.6192804639423077 0.2800432019230769 0.6316283389423076 0.2809212716346154 0.6242196153846155 0.26511599278846154 0.6173048052884614 0.24843264423076925 0.6360735745192307 0.20804137500000003 0.6612632379807692 0.1641378221153846 0.6805259206730769 0.13428340625 0.6844772403846153 0.11584391346153847 0.6622510673076923 0.07720878846153846 0.6385431490384617 0.11057548798076923 0.604463016826923 0.17028431971153848 0.5837185865384615 0.2071633028846154 0.5693950528846154 0.23262736538461537 0.5768037764423076 0.26335985096153847 0.5837185865384615 0.2932142668269231 0.5891516514423076 0.28970198317307694 0.58766990625 0.3116537596153846 0.5950786322115384 0.31428797115384616 0.60890825 0.30989761778846153 0.6128595697115384 0.2993607644230769 0.6192804639423077 0.2800432019230769
0 0.6741050264423076 0.05613508173076923 0.7205330336538461 0.02364645432692308 0.7269539278846153 0.012231528846153845 0.7244843533653846 0.0016946778846153845 0.6790441754807692 0.0016946778846153845 0.6479275336538461 0.002572747596153846 0.6227378701923078 0.02803680769230769 0.6326161682692307 0.08862371153846153 0.6741050264423076 0.05613508173076923
7 0.7916567884615385 0.21330980048076925 0.7694306153846154 0.19135802403846155 0.7457226971153846 0.17204046153846153 0.7254721826923076 0.1571132548076923 0.7076912427884616 0.2273589375 0.6933677091346154 0.2616037091346154 0.7136182235576923 0.2791651298076923 0.7363383124999999 0.30199497836538464 0.7659732091346154 0.3239467548076923 0.7694306153846154 0.28618969951923073 0.7788149999999999 0.2501887860576923 0.7916567884615385 0.21330980048076925
4 0.7906689591346154 0.28179934375 0.7891872139423076 0.2668721346153846 0.7842480649038461 0.24492035817307695 0.7827663197115384 0.23526157692307692 0.7783210841346153 0.25545721153846157 0.7723941057692307 0.27828706009615384 0.767454954326923 0.29584848076923076 0.7723941057692307 0.30814147355769234 0.7788149999999999 0.31955639903846156 0.7926446177884615 0.30989761778846153 0.7906689591346154 0.28179934375
6 0.7368322259615384 0.5329276634615385 0.7244843533653846 0.559269795673077 0.7111486490384615 0.5636601514423076 0.7096669038461538 0.5794654302884615 0.7175695432692308 0.5908803533653846 0.7402896322115384 0.5759531466346154 0.7506618461538461 0.5636601514423076 0.7368322259615384 0.5329276634615385
6 0.6291587644230769 0.31955639903846156 0.6187865504807692 0.3362397475961538 0.6094021658653846 0.3423862451923077 0.6019934399038461 0.3336055360576923 0.5940908004807692 0.3362397475961538 0.6039691009615384 0.35467924038461535 0.6163169759615384 0.3757529471153846 0.6291587644230769 0.3968266514423077 0.6380492331730768 0.4143880721153846 0.6296526778846154 0.42931528125 0.628170935096154 0.44424248798076926 0.63014659375 0.4574135528846154 0.6400248942307692 0.4688284783653846 0.6439762139423078 0.45916969471153846 0.6424944687499999 0.43194949278846156 0.6405188076923077 0.41351000240384617 0.6499031923076923 0.40911964663461536 0.6662023870192308 0.4170222860576923 0.6874407307692307 0.43546177644230766 0.6958372836538461 0.43370563461538464 0.7175695432692308 0.43458370673076924 0.7210269471153846 0.39068015384615384 0.7343626514423077 0.3696064495192308 0.7195452019230769 0.34589853125 0.7067034134615385 0.3415081754807692 0.6904042211538461 0.3432643173076923 0.6869468149038462 0.35467924038461535 0.6849711562499999 0.37750908894230767 0.6908981346153846 0.40297314903846154 0.67262328125 0.3722406610576923 0.6612632379807692 0.374874875 0.6553362572115385 0.3617038100961538 0.6484214471153845 0.3538011706730769 0.6365674879807692 0.3309713221153846 0.6291587644230769 0.31955639903846156
6 0.6449640432692308 0.23877386057692307 0.6459518725961538 0.26335985096153847 0.6573119182692307 0.27828706009615384 0.66027540625 0.29584848076923076 0.6568180024038461 0.32131254086538463 0.6499031923076923 0.32658096634615386 0.6592875769230768 0.3336055360576923 0.6750928557692308 0.32306868269230765 0.6750928557692308 0.33975203365384615 0.6755867716346154 0.3520450264423077 0.6592875769230768 0.3423862451923077 0.6597814927884615 0.3564353822115385 0.6622510673076923 0.3678503052884615 0.6706476201923077 0.37663101682692307 0.6829954951923077 0.36345995192307695 0.6884285600961538 0.3423862451923077 0.7081851586538461 0.3415081754807692 0.7249782668269231 0.35467924038461535 0.7225086923076923 0.39068015384615384 0.7225086923076923 0.40209507692307694 0.7412774615384615 0.40209507692307694 0.7422652908653846 0.3889240120192307 0.7501679302884615 0.3792652307692308 0.7605401466346154 0.3520450264423077 0.7605401466346154 0.3327274639423077 0.7521435913461538 0.32833710817307693 0.746216610576923 0.30989761778846153 0.7313991634615384 0.29672655048076924 0.722014778846154 0.28970198317307694 0.7052216682692307 0.27740898798076924 0.6908981346153846 0.2545791418269231 0.6805259206730769 0.22648086778846155 0.6681780456730769 0.22121243990384618 0.6568180024038461 0.21682208413461537 0.6449640432692308 0.23877386057692307
10 0.6182926346153846 0.45916969471153846 0.620268295673077 0.43370563461538464 0.61236565625 0.4231687836538462 0.5985360360576923 0.42931528125 0.5970542908653846 0.4363398485576923 0.6010056105769231 0.45916969471153846 0.6103899951923076 0.46619426442307693 0.6182926346153846 0.45916969471153846
6 0.5693950528846154 0.12374655288461539 0.5535897740384615 0.1298930504807692 0.5545776033653846 0.11935619711538462 0.5545776033653846 0.1026728485576923 0.549638454326923 0.08686756971153847 0.5402540697115384 0.0824772139423077 0.5293879399038461 0.09125792548076922 0.5140765769230768 0.0824772139423077 0.5086435120192307 0.09564827884615384 0.507161766826923 0.11935619711538462 0.5037043629807691 0.15008868509615383 0.5007408725961539 0.17994310096153845 0.507161766826923 0.1737966033653846 0.526424451923077 0.16238168028846156 0.5387723245192307 0.1439421875 0.5387723245192307 0.15799132451923076 0.5382784110576924 0.18082117307692308 0.523954875 0.2054071610576923 0.5116070024038462 0.19399223798076923 0.5007408725961539 0.19135802403846155 0.4962956370192308 0.21945629807692307 0.49382606250000005 0.23262736538461537 0.4839477644230769 0.22823700961538462 0.47653903846153844 0.24843264423076925 0.46814248557692306 0.26248178125 0.46567290865384614 0.28970198317307694 0.45381894951923074 0.27740898798076924 0.4439406514423077 0.27038441826923076 0.43307452163461535 0.2677502067307692 0.4167753269230769 0.2493107139423077 0.41776315865384617 0.25896949519230766 0.4202327331730769 0.2800432019230769 0.42517188221153845 0.30199497836538464 0.4197388173076923 0.31428797115384616 0.39109174999999996 0.3362397475961538 0.38516476923076925 0.32306868269230765 0.3752864711538461 0.2905800528846154 0.37034732211538457 0.27301863221153844 0.36590208653846157 0.25194492788461537 0.3589872764423077 0.2572133533653846 0.3451576586538462 0.2572133533653846 0.34219416826923077 0.26335985096153847 0.3456515721153846 0.27828706009615384 0.36293859615384616 0.28179934375 0.35108463701923076 0.3002388341346154 0.3609629375 0.30814147355769234 0.36985340624999996 0.32306868269230765 0.3836830240384615 0.3371178197115385 0.39751264423076926 0.3423862451923077 0.4004761346153846 0.3538011706730769 0.4093666033653846 0.3660941634615385 0.4103544326923077 0.3968266514423077 0.4212205625 0.38365558653846155 0.41875098798076926 0.34063010336538463 0.42220839182692305 0.3494108149038461 0.4276414567307692 0.35906959615384615 0.43455626682692305 0.3704845192307692 0.42813537259615386 0.3792652307692308 0.4360380120192308 0.40385121874999996 0.44591631009615385 0.39594857932692307 0.451349375 0.3757529471153846 0.4607337596153846 0.39068015384615384 0.48493559375 0.40824157451923077 0.49185040384615386 0.3889240120192307 0.4948138918269231 0.3555573125 0.5002469567307692 0.32306868269230765 0.5081495961538461 0.33975203365384615 0.5106191706730769 0.36345995192307695 0.5224731322115385 0.3739968028846154 0.5046921923076924 0.3801433004807692 0.49925912740384615 0.39068015384615384 0.5091374278846155 0.40911964663461536 0.5254366201923077 0.3968266514423077 0.5481567091346153 0.4099977163461539 0.5545776033653846 0.4064854326923077 0.565443733173077 0.38980208173076925 0.5827307572115384 0.38453365625 0.6029812716346153 0.3687283774038462 0.5950786322115384 0.3344836057692308 0.58766990625 0.30989761778846153 0.5847064158653846 0.29497040865384616 0.5753220336538462 0.2616037091346154 0.5689011370192307 0.23087122115384615 0.5807550961538461 0.21418787259615385 0.5753220336538462 0.20189487740384615 0.5684072235576922 0.19487031009615385 0.5560593485576922 0.18696766826923075 0.5550715192307693 0.1737966033653846 0.5649498173076923 0.15272289903846153 0.570876798076923 0.13428340625 0.5693950528846154 0.12374655288461539
4 0.42270230769230765 0.1781869591346154 0.42912320192307696 0.20277294951923078 0.4399893317307692 0.19662645192307693 0.44937371634615386 0.1860895985576923 0.44492848076923075 0.16765010576923078 0.4360380120192308 0.14306411778846154 0.43109886298076927 0.14657640144230769 0.41628141346153846 0.15623518269230768 0.42270230769230765 0.1781869591346154
8 0.38417693990384616 0.19487031009615385 0.36293859615384616 0.20277294951923078 0.35157855288461537 0.19926066346153848 0.3367611033653847 0.20189487740384615 0.3382428485576923 0.22999315144230767 0.35503595673076926 0.23174929326923077 0.36985340624999996 0.23087122115384615 0.3836830240384615 0.2273589375 0.4004761346153846 0.22209051201923075 0.39800656009615387 0.20979751682692308 0.39109174999999996 0.20365101923076923 0.38417693990384616 0.19487031009615385
9 0.3782499615384615 0.09301406730769231 0.38022562019230766 0.11496584375 0.39158566346153845 0.12638076682692306 0.39998221875 0.11233162980769232 0.3989943894230769 0.09125792548076922 0.38664651442307696 0.0824772139423077 0.3782499615384615 0.09301406730769231
5 0.3817073653846154 0.04032980288461538 0.39158566346153845 0.04296401682692308 0.3925734951923077 0.02803680769230769 0.39553698317307695 0.018378026442307693 0.38318911057692306 0.013987670673076923 0.3817073653846154 0.04032980288461538
6 0.3476272331730769 0.08159914182692307 0.34021850721153846 0.08598949759615385 0.34318199759615386 0.11496584375 0.3520724663461538 0.10618513221153845 0.3476272331730769 0.08159914182692307
6 0.33231586778846156 0.16150360817307693 0.34910897836538457 0.15623518269230768 0.34663940144230765 0.14042990384615386 0.33626718749999995 0.1456983293269231 0.33231586778846156 0.15008868509615383 0.33231586778846156 0.16150360817307693
6 0.33054226442307694 0.13179553846153846 0.3234331298076923 0.12991213942307692 0.32336553125 0.14657640144230769 0.33177599759615384 0.14756900240384616 0.33852974759615384 0.13909370913461538 0.3405103677884615 0.13179553846153846 0.33054226442307694 0.13179553846153846
4 0.3767682163461539 0.14306411778846154 0.3752864711538461 0.15535711057692309 0.3856586850961538 0.16062553846153846 0.3891160889423077 0.15008868509615383 0.3767682163461539 0.14306411778846154
4 0.39751264423076926 0.16325974999999998 0.39109174999999996 0.17204046153846153 0.38220128125 0.19487031009615385 0.3886221754807692 0.2054071610576923 0.39751264423076926 0.20101680528846153 0.40739094471153847 0.1852115264423077 0.39751264423076926 0.16325974999999998
13 0.4320866923076923 0.5460987307692308 0.40837877403846157 0.5364399495192308 0.38417693990384616 0.5267811658653846 0.3767682163461539 0.5162443149038461 0.3649142572115384 0.5329276634615385 0.3555298725961539 0.5425864471153846 0.3451576586538462 0.5636601514423076 0.3584933629807692 0.5794654302884615 0.37232298076923076 0.6040514206730769 0.3812134495192308 0.6005391346153846 0.3886221754807692 0.6198566995192307 0.40788485817307696 0.5908803533653846 0.4320866923076923 0.5460987307692308
9 0.38022562019230766 0.42229071153846154 0.37182906490384615 0.43458370673076924 0.3742986418269231 0.4626819807692308 0.38467085576923077 0.46795040625 0.3896100048076923 0.46707233653846153 0.4004761346153846 0.45302319951923076 0.40343962499999997 0.4284372091346154 0.39701872836538465 0.4117538581730769 0.3886221754807692 0.4099977163461539 0.38022562019230766 0.42229071153846154
7 0.4128240072115385 0.42053456971153846 0.41776315865384617 0.44863284374999995 0.41578749759615385 0.48024340144230765 0.42517188221153845 0.46180390865384613 0.43554409615384615 0.44512056009615386 0.4380136706730769 0.44248634615384613 0.4296171177884615 0.4179003557692308 0.4256657980769231 0.4056073605769231 0.4128240072115385 0.42053456971153846
8 0.4711059735576923 0.45916969471153846 0.4612276754807692 0.46707233653846153 0.44986762980769235 0.4732188341346154 0.44245890625 0.4881460408653846 0.4236901370192308 0.5083416754807693 0.41776315865384617 0.5197565985576923 0.42714754326923077 0.5460987307692308 0.43554409615384615 0.539952233173077 0.44739805528846155 0.5206346706730769 0.46814248557692306 0.4916583245192308 0.4711059735576923 0.47585304567307696 0.47308163461538466 0.46531619230769233 0.4711059735576923 0.45916969471153846
7 0.38318911057692306 0.7550796418269231 0.3836830240384615 0.7401524326923077 0.3767682163461539 0.7357620769230769 0.36985340624999996 0.7366401490384615 0.3579994471153846 0.7322497932692307 0.3500968076923077 0.7489331442307693 0.3476272331730769 0.8007393365384616 0.36442034134615386 0.8200568990384615 0.3752864711538461 0.8209349711538461 0.38516476923076925 0.790202483173077 0.38318911057692306 0.7691287788461539 0.38318911057692306 0.7550796418269231
2 0.42912320192307696 0.6409304038461539 0.4236901370192308 0.6461988293269231 0.43702584134615385 0.6848339567307692 0.4592520144230769 0.7498112139423078 0.47752686778846154 0.8060077620192309 0.48493559375 0.8270814663461539 0.48938082932692306 0.8130323317307693 0.47950252884615385 0.780543701923077 0.45826418509615385 0.7182006562500001 0.43751975721153846 0.6628821802884615 0.42912320192307696 0.6409304038461539
12 0.4172692427884615 0.9385964903846153 0.4068970288461538 0.9456210600961538 0.4068970288461538 0.9605482668269231 0.3960308990384615 0.9851342572115385 0.4029457091346154 0.9904026826923077 0.41875098798076926 0.9570359831730768 0.4172692427884615 0.9385964903846153
2 0.43751975721153846 0.9008394350961539 0.4029457091346154 0.8841560865384616 0.35948119230769227 0.8622043100961538 0.35503595673076926 0.8753753750000001 0.40146396394230766 0.8982052235576923 0.44492848076923075 0.9175227860576923 0.47061206009615386 0.9289377091346154 0.48987474278846155 0.937718420673077 0.47505729326923074 0.9236692836538462 0.4651789951923077 0.9113762884615385 0.43751975721153846 0.9008394350961539
2 0.43307452163461535 0.9148885721153845 0.3985004735576923 0.9017175072115384 0.39504306971153846 0.9131324302884616 0.43307452163461535 0.9271815673076923 0.47505729326923074 0.9464991298076922 0.5101252572115385 0.9631824807692309 0.5096313413461538 0.950889485576923 0.4908625721153846 0.9447429879807692 0.46468507932692305 0.9324499927884615 0.43307452163461535 0.9148885721153845
2 0.44739805528846155 0.9904026826923077 0.48345384855769236 0.9825000432692307 0.49777738221153844 0.9789877596153846 0.4943199783653846 0.9605482668269231 0.45777026923076924 0.9754754759615385 0.41875098798076926 0.9904026826923077 0.3920795793269231 0.9974272524038461 0.4205406057692308 1 0.44739805528846155 0.9904026826923077
9 0.5367966658653847 0.6181005576923078 0.5200035552884615 0.6198566995192307 0.5121009158653846 0.6488330432692307 0.522967045673077 0.6646383221153845 0.5377844951923076 0.6646383221153845 0.5476627932692307 0.6418084759615384 0.5367966658653847 0.6181005576923078
3 0.501728701923077 0.5522452283653846 0.4928382331730769 0.5381960913461539 0.48493559375 0.5636601514423076 0.47851469951923076 0.6093198461538462 0.4933321490384615 0.617222485576923 0.49925912740384615 0.57068471875 0.501728701923077 0.5522452283653846
6 0.47061206009615386 0.562782079326923 0.4612276754807692 0.6022952788461539 0.4745633798076923 0.6137102019230769 0.4824660192307692 0.5680505072115385 0.48740516826923075 0.5487329423076923 0.48938082932692306 0.5057074615384616 0.4780207836538462 0.4995609639423077 0.48049035817307695 0.5206346706730769 0.47061206009615386 0.562782079326923
7 0.48938082932692306 0.4099977163461539 0.4711059735576923 0.41351000240384617 0.45678243990384615 0.4056073605769231 0.45530069471153845 0.4328275649038461 0.46221550480769236 0.45302319951923076 0.4780207836538462 0.469706548076923 0.4962956370192308 0.4855118269230769 0.4908625721153846 0.4942925384615385 0.48987474278846155 0.5083416754807693 0.48987474278846155 0.5346838076923077 0.5046921923076924 0.5636601514423076 0.5135826610576923 0.5987829927884616 0.523954875 0.5987829927884616 0.5432175600961539 0.5908803533653846 0.5417358149038461 0.5820996442307692 0.5417358149038461 0.5557575120192307 0.5165461514423076 0.5496110144230769 0.5111130865384615 0.5355618774038462 0.5066678509615385 0.5171223846153846 0.5254366201923077 0.5153662427884615 0.5140765769230768 0.4635600504807692 0.5066678509615385 0.45214512740384616 0.49975304326923076 0.4363398485576923 0.5096313413461538 0.4231687836538462 0.523954875 0.4143880721153846 0.5209913870192308 0.40385121874999996 0.5145704927884616 0.4099977163461539 0.501728701923077 0.39858279326923074 0.48938082932692306 0.4099977163461539
8 0.5674193942307693 0.48463375721153845 0.5614924134615384 0.5013171057692307 0.5738402884615385 0.5223908125000001 0.5901394807692307 0.5557575120192307 0.60890825 0.5908803533653846 0.6143413149038461 0.5803435024038461 0.6039691009615384 0.5443425889423077 0.586682076923077 0.5259030961538461 0.577791608173077 0.4978048221153846 0.5674193942307693 0.48463375721153845
8 0.35059072115384615 0.530293451923077 0.3604690216346154 0.5013171057692307 0.36985340624999996 0.47585304567307696 0.35997510576923075 0.469706548076923 0.34960289182692306 0.49253639663461535 0.3357732740384615 0.5197565985576923 0.32984629326923076 0.5408303052884615 0.3377489326923077 0.5522452283653846 0.35059072115384615 0.530293451923077
13 0.5145704927884616 0.5469768004807692 0.5308696850961538 0.55136715625 0.5402540697115384 0.5496110144230769 0.5476627932692307 0.562782079326923 0.558528923076923 0.5750750745192308 0.5684072235576922 0.5777092884615385 0.5743342019230769 0.5619040096153847 0.5624802427884615 0.5496110144230769 0.561986329326923 0.5390741610576923 0.5659376490384616 0.5171223846153846 0.5580350096153845 0.5065855336538462 0.549638454326923 0.4899021826923077 0.5377844951923076 0.469706548076923 0.526424451923077 0.4547793413461539 0.5209913870192308 0.43985213221153846 0.5130887475961539 0.44512056009615386 0.523954875 0.4995609639423077 0.5249427067307693 0.51273203125 0.5091374278846155 0.5188785264423077 0.5145704927884616 0.5469768004807692
7 0.5787794374999999 0.44863284374999995 0.5649498173076923 0.42053456971153846 0.5476627932692307 0.4117538581730769 0.5328453461538462 0.4064854326923077 0.522967045673077 0.41526614423076924 0.5185218100961538 0.43897406250000004 0.5303757716346154 0.4556574110576923 0.5377844951923076 0.46707233653846153 0.5540836899038462 0.4960486802884615 0.5516141129807692 0.46619426442307693 0.5634680721153846 0.4547793413461539 0.5787794374999999 0.44863284374999995
6 0.5837185865384615 0.3994608653846154 0.558528923076923 0.40824157451923077 0.5639619879807692 0.42141264182692306 0.5797672668269231 0.4512670576923077 0.558528923076923 0.458291625 0.5491445384615384 0.4688284783653846 0.5545776033653846 0.49253639663461535 0.5639619879807692 0.4978048221153846 0.570876798076923 0.4890241105769231 0.6010056105769231 0.47146268990384615 0.5896455673076922 0.4231687836538462 0.5837185865384615 0.3994608653846154
6 0.6597814927884615 0.6584918245192307 0.6617571514423077 0.6277593389423076 0.6721293653846154 0.6040514206730769 0.6829954951923077 0.5882461418269231 0.6889224759615384 0.5654162932692308 0.6963311995192308 0.5478548725961538 0.6790441754807692 0.524146954326923 0.6578058317307692 0.5294153798076923 0.6424944687499999 0.5434645168269231 0.6340979134615385 0.5680505072115385 0.6449640432692308 0.594392639423077 0.6444701274038462 0.6075637043269231 0.6528666826923076 0.626881266826923 0.643482298076923 0.6391742620192308 0.6597814927884615 0.6584918245192307
6 0.5817429278846153 0.5074636033653847 0.5886577355769231 0.5259030961538461 0.5950786322115384 0.5180004567307692 0.599029951923077 0.5276592379807693 0.6049569302884615 0.5364399495192308 0.6064386754807692 0.5460987307692308 0.6153291442307692 0.5803435024038461 0.6084143365384616 0.5952707091346153 0.5960664615384615 0.5689285769230769 0.5906333966346154 0.57068471875 0.5847064158653846 0.5952707091346153 0.5782855216346154 0.6207347692307692 0.5916212259615384 0.623368983173077 0.6094021658653846 0.6409304038461539 0.622243954326923 0.6514672572115384 0.6286648485576923 0.6426865456730769 0.6326161682692307 0.6286374086538462 0.6415066370192307 0.6049294903846154 0.6316283389423076 0.5838557860576923 0.6247135288461538 0.562782079326923 0.628170935096154 0.5443425889423077 0.622243954326923 0.5232688822115384 0.622243954326923 0.5092197451923076 0.6291587644230769 0.4960486802884615 0.628170935096154 0.4740969038461538 0.6143413149038461 0.47058462019230773 0.5960664615384615 0.47585304567307696 0.5807550961538461 0.4855118269230769 0.5817429278846153 0.5074636033653847
13 0.5822368413461538 0.4819995432692308 0.5797672668269231 0.49692675240384615 0.5861881610576923 0.5285373100961539 0.5950786322115384 0.5197565985576923 0.6049569302884615 0.5048293918269231 0.6128595697115384 0.4881460408653846 0.6024873557692307 0.47234076201923075 0.5935968870192307 0.47936532932692305 0.586682076923077 0.4899021826923077 0.5822368413461538 0.4819995432692308
4 0.6711415360576923 0.4890241105769231 0.6854650697115384 0.4819995432692308 0.6879346442307692 0.46707233653846153 0.6904042211538461 0.44073020432692306 0.6780563461538461 0.42931528125 0.6637328124999999 0.4161442139423077 0.6617571514423077 0.4328275649038461 0.6617571514423077 0.4776091875 0.6711415360576923 0.4890241105769231
4 0.6355796586538461 0.5215127403846154 0.6469397019230769 0.5197565985576923 0.6518788533653846 0.5136101009615385 0.6592875769230768 0.4942925384615385 0.6494092788461538 0.48024340144230765 0.6415066370192307 0.469706548076923 0.628170935096154 0.4776091875 0.628170935096154 0.5057074615384616 0.6355796586538461 0.5215127403846154
9 0.7615279759615384 0.42053456971153846 0.7738758485576922 0.40297314903846154 0.7684427860576922 0.37838715865384615 0.7605401466346154 0.3739968028846154 0.7427592067307691 0.38804593990384617 0.737326141826923 0.40297314903846154 0.7481922716346154 0.42931528125 0.7615279759615384 0.42053456971153846
4 0.3026809711538462 0.48463375721153845 0.3214497403846154 0.4995609639423077 0.32836454807692306 0.47058462019230773 0.31157143990384617 0.4635600504807692 0.29675399038461536 0.4512670576923077 0.27847913701923077 0.44512056009615386 0.27551564663461536 0.46707233653846153 0.3026809711538462 0.48463375721153845
8 0.3051505456730769 0.5232688822115384 0.31502884375 0.5487329423076923 0.3229314831730769 0.5478548725961538 0.3278706346153846 0.541708375 0.32984629326923076 0.5346838076923077 0.3268828028846154 0.5057074615384616 0.31947407932692307 0.4960486802884615 0.31058361057692313 0.5100978173076923 0.3051505456730769 0.5232688822115384
8 0.31157143990384617 0.6356619783653846 0.3140410144230769 0.6453207596153846 0.3288584639423077 0.6365400480769231 0.3500968076923077 0.6189786274038462 0.34910897836538457 0.6014172067307693 0.34071242307692307 0.594392639423077 0.32737671875 0.6101979182692308 0.31502884375 0.6277593389423076 0.31157143990384617 0.6356619783653846
7 0.2942844158653846 0.5583917259615384 0.28687569230769233 0.5469768004807692 0.2774913076923077 0.5583917259615384 0.25477121875 0.5900022836538461 0.2473624951923077 0.6181005576923078 0.23649636538461538 0.6435646177884615 0.2587225384615385 0.6400523341346154 0.29527224519230766 0.623368983173077 0.3041627163461538 0.6058075625 0.3145349302884615 0.5829777139423077 0.3076201201923077 0.5724408629807692 0.2942844158653846 0.5583917259615384
4 0.4404832451923077 0.5452206586538462 0.4469041418269231 0.5575136538461538 0.46567290865384614 0.5381960913461539 0.45875810096153846 0.524146954326923 0.44986762980769235 0.5338057355769231 0.4404832451923077 0.5452206586538462
8 0.4444345673076923 0.6339058365384616 0.43702584134615385 0.61546634375 0.42665362740384616 0.5891242115384615 0.4207266466346154 0.5733189326923077 0.4103544326923077 0.5900022836538461 0.41233009374999996 0.59614878125 0.4197388173076923 0.6145882716346154 0.43258060576923074 0.6461988293269231 0.4444345673076923 0.6339058365384616
8 0.23847202403846154 0.4503889855769231 0.23007547115384613 0.44863284374999995 0.22809981009615385 0.47146268990384615 0.22019717067307693 0.4890241105769231 0.2197032548076923 0.5575136538461538 0.23205112980769232 0.5715627908653846 0.23995376923076922 0.5636601514423076 0.2439050889423077 0.5294153798076923 0.2439050889423077 0.4934144663461538 0.23995376923076922 0.4740969038461538 0.23847202403846154 0.4503889855769231
6 0.26563734855769233 0.5153662427884615 0.26909475240384617 0.5030732475961538 0.2700825817307692 0.46531619230769233 0.27502173317307693 0.4459986298076923 0.26909475240384617 0.42229071153846154 0.24933815384615385 0.42580299519230774 0.23205112980769232 0.4328275649038461 0.24192943028846156 0.45214512740384616 0.24192943028846156 0.46619426442307693 0.2473624951923077 0.4934144663461538 0.2448929182692308 0.5144881730769231 0.2592164543269231 0.5276592379807693 0.26563734855769233 0.5153662427884615
9 0.34318199759615386 0.3055072620192308 0.3461454879807692 0.28618969951923073 0.33280978365384617 0.2686282764423077 0.31947407932692307 0.28618969951923073 0.3214497403846154 0.30638533173076926 0.33231586778846156 0.32131254086538463 0.33972459375 0.32043446875 0.34318199759615386 0.3055072620192308
4 0.2034040625 0.6532233990384615 0.19747708173076922 0.7041515192307692 0.22019717067307693 0.7129322307692308 0.2231606610576923 0.6918585264423077 0.23007547115384613 0.6637602524038461 0.2315572139423077 0.6330277644230768 0.2315572139423077 0.6163444134615385 0.20636755288461536 0.6110759879807692 0.2034040625 0.6532233990384615
9 0.2705764975961538 0.4143880721153846 0.27502173317307693 0.4363398485576923 0.28786352163461537 0.4477547716346154 0.2957661610576923 0.44248634615384613 0.3031748846153846 0.42755913701923076 0.29774181971153846 0.40911964663461536 0.28736960576923076 0.3924362956730769 0.2804547980769231 0.3915582259615385 0.2695886682692308 0.40033893509615387 0.2705764975961538 0.4143880721153846
4 0.2597103677884615 0.3388739615384615 0.26415560336538463 0.3239467548076923 0.2621799423076923 0.2940923389423077 0.25674687740384616 0.28618969951923073 0.24192943028846156 0.3037511201923077 0.24637466346153847 0.32043446875 0.24933815384615385 0.3476546730769231 0.2597103677884615 0.3388739615384615
4 0.21081278605769233 0.3125318293269231 0.21328236057692307 0.29584848076923076 0.20587363701923078 0.27740898798076924 0.19797099759615386 0.28443355528846154 0.18908052884615384 0.30199497836538464 0.18858661298076923 0.31692218509615383 0.19698316826923076 0.3257028966346154 0.21081278605769233 0.3125318293269231
6 0.2942844158653846 0.15184482692307694 0.28490003124999996 0.14921061298076924 0.2734768125 0.16020671875 0.265614375 0.17191773557692308 0.2626738581730769 0.1931141658653846 0.26711909375 0.21067558653846152 0.2819365408653846 0.21330980048076925 0.2932965865384615 0.20189487740384615 0.29922356490384616 0.19399223798076923 0.2919641634615385 0.17342883413461538 0.30564445913461535 0.17028431971153848 0.2942844158653846 0.15184482692307694
6 0.4745633798076923 0.19750452163461538 0.4745633798076923 0.18082117307692308 0.44739805528846155 0.19662645192307693 0.4380136706730769 0.2001387355769231 0.43554409615384615 0.21945629807692307 0.4409771610576923 0.23526157692307692 0.4444345673076923 0.25370106971153844 0.4572763557692308 0.2501887860576923 0.46666074038461536 0.24843264423076925 0.47061206009615386 0.25106685576923077 0.47851469951923076 0.2396519326923077 0.476045125 0.22121243990384618 0.4745633798076923 0.19750452163461538
6 0.43702584134615385 0.2686282764423077 0.4217144783653846 0.26248178125 0.4202327331730769 0.2800432019230769 0.42220839182692305 0.291458125 0.4404832451923077 0.29497040865384616 0.44542239663461536 0.27565284615384616 0.43702584134615385 0.2686282764423077
6 0.41776315865384617 0.24316421634615384 0.42862928605769235 0.2545791418269231 0.4439406514423077 0.2686282764423077 0.44789197115384616 0.25370106971153844 0.4385075865384615 0.23877386057692307 0.42912320192307696 0.22296858173076922 0.41578749759615385 0.21594401442307692 0.4108483485576923 0.22999315144230767 0.41776315865384617 0.24316421634615384
6 0.4651789951923077 0.25370106971153844 0.4543128653846154 0.25370106971153844 0.45184329086538466 0.2721405625 0.46715465384615384 0.27126249038461536 0.4651789951923077 0.25370106971153844
10 0.2883574375 0.6461988293269231 0.2937905 0.6593698966346154 0.30811403605769233 0.65410146875 0.3036688004807692 0.6251251250000001 0.28983918028846156 0.6321496947115384 0.2883574375 0.6461988293269231
4 0.24637466346153847 0.7146883725961538 0.22661806490384617 0.7225910120192308 0.22612415144230769 0.7498112139423078 0.23205112980769232 0.7603480673076923 0.25230164423076923 0.7524454278846153 0.24884423798076924 0.7261032956730769 0.24637466346153847 0.7146883725961538
6 0.8282064951923077 0.5873680697115384 0.8079559831730769 0.594392639423077 0.7970898533653846 0.6031733485576922 0.8010411730769231 0.626881266826923 0.8138829615384615 0.6374181201923077 0.8198099423076923 0.6277593389423076 0.839072625 0.6409304038461539 0.852408329326923 0.6514672572115384 0.8538900745192308 0.6426865456730769 0.8484570096153846 0.6260031971153845 0.8370969663461539 0.6040514206730769 0.8282064951923077 0.5873680697115384
7 0.11449936778846154 0.719956798076923 0.12141417788461539 0.7050295913461538 0.13721945673076924 0.6830778149038461 0.13524379567307693 0.6663944639423077 0.11351153846153846 0.65410146875 0.11449936778846154 0.6707848197115385 0.10017583413461538 0.6944927379807692 0.11449936778846154 0.719956798076923
7 0.9714418365384615 0.9526456274038462 0.9862592860576923 0.9596701971153846 0.9946558389423077 0.9438649182692308 0.9951497548076923 0.9131324302884616 0.9837897115384616 0.8903025841346154 0.9704540072115384 0.8903025841346154 0.9650209423076923 0.9210350697115385 0.9610696225961538 0.9421087764423077 0.9714418365384615 0.9526456274038462
7 0.07928208173076924 0.9605584783653847 0.08965429567307694 0.9702172596153846 0.11435004567307692 0.9482654831730769 0.14447885817307693 0.92104528125 0.13805796394230768 0.8990935048076923 0.11237438461538461 0.9008496466346153 0.08718472115384615 0.9113864975961538 0.07384901682692308 0.9350944182692308 0.07928208173076924 0.9605584783653847
6 0.20784929567307692 0.7893244134615384 0.21180061538461536 0.7752752740384616 0.2019223173076923 0.7559577115384616 0.1955014230769231 0.7269813677884615 0.18611703846153846 0.700639235576923 0.1742630793269231 0.6734190336538461 0.15845780048076924 0.6760532451923077 0.1490734158653846 0.6962488798076923 0.15697605528846154 0.7234690841346154 0.17031175961538464 0.7445427884615385 0.17821439903846154 0.7682507067307692 0.18710486778846153 0.78229984375 0.19105618750000003 0.80161740625 0.20784929567307692 0.7893244134615384
6 0.062144382211538465 0.9930368966346154 0.06658961538461539 0.9666947644230769 0.06609570192307693 0.950889485576923 0.055723485576923075 0.9421087764423077 0.04831476201923077 0.9333280649038461 0.03448514423076923 0.9148885721153845 0.02213726923076923 0.9008394350961539 0.01719812019230769 0.9069859326923078 0.030533822115384617 0.92981578125 0.02707641826923077 0.9421087764423077 0.03300339903846154 0.9561579134615384 0.04041212259615385 0.9754754759615385 0.04633910336538461 0.9939149663461537 0.055723485576923075 0.9983053221153846 0.062144382211538465 0.9930368966346154
7 0.12338983653846153 0.8191788269230769 0.11696894230769231 0.83674025 0.12388375240384615 0.8534235985576923 0.13425596634615383 0.8762534471153847 0.14808558653846154 0.8701069495192308 0.16784218509615384 0.8595700961538462 0.17080567307692307 0.8437648173076924 0.17080567307692307 0.8244472548076923 0.16932393028846154 0.8095200456730769 0.1545064807692308 0.7998612644230769 0.1377133701923077 0.8068858341346155 0.12338983653846153 0.8191788269230769
6 0.14413426682692307 0.8384963918269231 0.16043345913461537 0.8358621778846154 0.16191520432692308 0.8218130408653846 0.1490734158653846 0.8174226850961539 0.14660384134615384 0.8314718221153845 0.14413426682692307 0.8384963918269231
7 0.07251659615384615 0.7866901995192308 0.08338272596153845 0.8077639038461538 0.09227319471153847 0.8068858341346155 0.11202979326923077 0.7884463413461538 0.11301762259615386 0.7700068485576923 0.10313932451923077 0.7506892860576924 0.09276710817307691 0.7664945649038462 0.08535838461538461 0.7787875600961538 0.07251659615384615 0.7866901995192308
7 0.044363442307692305 0.7164445144230769 0.05078433653846153 0.7331278653846154 0.062144382211538465 0.7331278653846154 0.06066263701923077 0.7173225865384616 0.06807136057692308 0.7050295913461538 0.056711317307692306 0.6953708100961538 0.044363442307692305 0.6892243124999999 0.040906038461538466 0.706785733173077 0.044363442307692305 0.7164445144230769
6 0.18414137740384615 0.9166447139423077 0.18809269711538462 0.92981578125 0.20636755288461536 0.9052297908653847 0.20093448798076924 0.8876683701923077 0.19204401682692307 0.9008394350961539 0.18414137740384615 0.9166447139423077
6 0.1377133701923077 0.9342061346153846 0.12832898798076922 0.9429868461538462 0.12289592307692308 0.9315719230769232 0.12487158173076923 0.9649386225961538 0.13870120192307692 0.9693289783653847 0.14314643509615385 0.9464991298076922 0.1377133701923077 0.9342061346153846
6 0.3293638653846154 0.9153784543269231 0.32298891586538464 0.9184006538461538 0.3183139543269231 0.9304894447115385 0.326388889423077 0.9369116153846153 0.33318883413461536 0.9369116153846153 0.3344638245192308 0.9263339230769231 0.3293638653846154 0.9153784543269231
6 0.08095335336538462 0.8337791081730769 0.07819087499999999 0.8364235312499999 0.07946586538461539 0.850023423076923 0.07436590625 0.8541789447115384 0.07457840384615386 0.8602233413461539 0.07840337259615385 0.8647566370192308 0.08775329807692309 0.8602233413461539 0.0932782548076923 0.8477567740384615 0.09625323076923077 0.8326457836538462 0.08881578846153845 0.8277347115384616 0.08095335336538462 0.8337791081730769
6 0.14279035817307692 0.9184006538461538 0.14002787980769232 0.9259561466346155 0.14002787980769232 0.9388004903846153 0.14619032932692308 0.9395560384615386 0.15129028846153847 0.9274672475961538 0.1551152596153846 0.9244450480769231 0.15639025 0.9214228509615385 0.15086529326923076 0.9116007067307692 0.1517152860576923 0.8987563653846155 0.15107779086538461 0.89460084375 0.14980280048076924 0.8840231490384615 0.15001530048076922 0.8753343317307691 0.14661532692307694 0.871934358173077 0.13854039182692307 0.8742010072115385 0.13811539423076924 0.8828898269230769 0.14002787980769232 0.8957341682692307 0.1423653605769231 0.9021563389423076 0.14087787259615386 0.9089562836538462 0.14279035817307692 0.9184006538461538
6 0.00041649759615384617 0.8247125144230769 0.0006289951923076924 0.8349124326923077 0.001691485576923077 0.8470012235576923 0.006366449519230769 0.8534233942307693 0.019753841346153846 0.8405790528846153 0.025278798076923077 0.8311346850961538 0.028678771634615387 0.8254680625 0.025278798076923077 0.8141348197115386 0.02825377403846154 0.7990238293269231 0.03229124278846154 0.7820239663461539 0.02591629326923077 0.7669129759615385 0.02506630048076923 0.7616241298076923 0.02294131730769231 0.7510464350961539 0.017628858173076925 0.7521797596153846 0.018691350961538462 0.7620019038461538 0.014441384615384615 0.7688018485576923 0.007003944711538462 0.7740906971153846 0.002541480769230769 0.7790017692307691 0.005516456730769231 0.7831572908653845 0.009553923076923078 0.7869350384615384 0.0006289951923076924 0.7903350096153846 0.0008414927884615385 0.8069570985576923 0.00041649759615384617 0.8247125144230769
10 0.9447589423076923 0.5957810120192307 0.9436964495192307 0.60560315625 0.9424214615384615 0.6124031009615385 0.9490089086538462 0.6158030745192308 0.95708384375 0.6154252980769231 0.9572963413461538 0.60371428125 0.9581463341346154 0.5916254903846154 0.9545338629807693 0.5886032908653847 0.9481589134615385 0.5852033173076923 0.9447589423076923 0.5957810120192307
4 0.3761134903846154 0.6422473052884615 0.3780259759615384 0.652825 0.38992587980769233 0.6426250817307693 0.3950258389423077 0.6244918942307692 0.3924758605769231 0.6169363990384615 0.3882258942307692 0.621091920673077 0.3846134230769231 0.6165586225961538 0.3829134375 0.6267585408653846 0.3761134903846154 0.6422473052884615
5 0.42583809375000004 0.5561146610576922 0.42286311778846153 0.5738700745192308 0.4230756153846154 0.5776478221153846 0.4292380673076923 0.5765144999999999 0.43476302163461533 0.5712256514423077 0.43221304326923077 0.5595146346153845 0.42583809375000004 0.5561146610576922
6 0.42945056490384614 0.5965365600961539 0.4341255264423077 0.6003143076923076 0.4409254735576923 0.5988032091346154 0.4392254855769231 0.5806700216346153 0.4385879903846154 0.5731145264423076 0.43136304807692305 0.5750033990384615 0.4260505913461538 0.5814255697115385 0.4279630769230769 0.5912477139423077 0.42945056490384614 0.5965365600961539
6 0.4307255552884615 0.5493147163461539 0.4300880600961538 0.5549813389423077 0.4368880048076923 0.5632923822115384 0.43816299519230767 0.5734923004807693 0.44050047596153846 0.5916254903846154 0.4411379711538462 0.5988032091346154 0.4341255264423077 0.6006920841346154 0.4300880600961538 0.5980476610576922 0.4341255264423077 0.6139141995192308 0.4396504831730769 0.6192030456730768 0.4439004495192308 0.60371428125 0.44857541105769233 0.5874699663461539 0.45133788942307695 0.5757589495192308 0.4498504014423077 0.5708478774038461 0.4555878557692308 0.5640479326923077 0.45346287259615387 0.5568702115384615 0.4509128918269231 0.5568702115384615 0.44645042788461536 0.5587590865384615 0.4411379711538462 0.5470480673076923 0.4411379711538462 0.5421369951923076 0.4349755192307692 0.5387370240384615 0.43051305528846157 0.5406258966346154 0.4307255552884615 0.5493147163461539
6 0.39438834375 0.5179594110576923 0.39353835096153844 0.5308037524038461 0.40586325240384613 0.5353370504807692 0.4079882355769231 0.5138038894230769 0.4096882235576923 0.4843374591346154 0.4107507139423077 0.4578932259615385 0.3971508221153846 0.45373770432692306 0.39651332692307695 0.47904861298076923 0.39438834375 0.5179594110576923
6 0.3909883725961538 0.5066261682692308 0.3971508221153846 0.49264850240384617 0.39651332692307695 0.4771597379807692 0.3973633221153846 0.45902655048076924 0.38440092548076926 0.4714931177884615 0.3780259759615384 0.4798041610576923 0.3742010072115385 0.4843374591346154 0.375051 0.49567070192307694 0.3784509735576923 0.5077594927884616 0.37972596153846155 0.5111594663461538 0.37717598317307693 0.5141816634615385 0.3820634447115384 0.52551490625 0.3848259206730769 0.5221149350961538 0.3909883725961538 0.5066261682692308
7 0.36740106009615386 0.37100503124999995 0.37781347836538465 0.36231621153846155 0.3754759951923077 0.34720522115384617 0.37271351923076923 0.32831648557692306 0.37058853605769226 0.32340541346153845 0.3610261129807692 0.3079166466346154 0.3535886706730769 0.2969611802884615 0.34742622115384614 0.30073892788461537 0.33977628125000003 0.3101832956730769 0.33850129086538466 0.3222720889423077 0.33935128605769227 0.33700530528846157 0.34253875961538466 0.35173851923076926 0.3368013052884615 0.3502274206730769 0.3340388269230769 0.35664959134615387 0.34551373557692305 0.3645828605769231 0.35465116346153847 0.3660939591346154 0.36740106009615386 0.37100503124999995
7 0.33573881490384616 0.42464904807692305 0.33276383894230765 0.4174713269230769 0.3302138581730769 0.4057603100961539 0.3259638918269231 0.4050047596153846 0.32320141346153847 0.39631593990384617 0.3202264375 0.3891382211538461 0.3110890120192308 0.38384937259615387 0.3070515432692308 0.38724934615384615 0.3023765817307692 0.3951826153846154 0.29940160576923075 0.40424921153846155 0.30110159134615383 0.4170935528846154 0.30598905288461536 0.41936020192307694 0.3113015096153846 0.4204935240384616 0.31640146874999997 0.4257823725961538 0.3212889302884615 0.43069344230769235 0.3183139543269231 0.4405155865384615 0.322351420673077 0.4503377307692308 0.3261763894230769 0.4507155048076923 0.32915136778846155 0.43900448798076924 0.33573881490384616 0.42464904807692305
4 0.29961410336538463 0.4382489375 0.30386406971153845 0.4544932524038462 0.30875152884615387 0.45902655048076924 0.3202264375 0.45184882932692305 0.3172514615384615 0.4476933076923077 0.31682646634615386 0.4359822908653846 0.3153389783653846 0.4295601201923077 0.30768903846153844 0.4299378942307692 0.3000390985576923 0.4318267668269231 0.29961410336538463 0.4382489375
4 0.34466374278846157 0.4204935240384616 0.34806371634615385 0.4106713822115384 0.3442387451923077 0.4050047596153846 0.3351013197115385 0.39669371634615386 0.32957636298076926 0.4053825336538462 0.33382632932692313 0.4167157764423077 0.3372263028846154 0.42427127163461537 0.33361383173076925 0.43107121875 0.3351013197115385 0.4352267403846154 0.3372263028846154 0.43900448798076924 0.3412637692307693 0.4299378942307692 0.34466374278846157 0.4204935240384616
7 0.34551373557692305 0.37893830288461533 0.3431762548076923 0.3861160216346154 0.3372263028846154 0.38724934615384615 0.3351013197115385 0.39253819230769227 0.33573881490384616 0.39782703846153844 0.3404137764423077 0.40047146394230765 0.34870121153846156 0.40084923798076927 0.3540136682692308 0.3951826153846154 0.3535886706730769 0.38724934615384615 0.35061369471153847 0.38007162499999997 0.34551373557692305 0.37893830288461533
6 0.30450156490384617 0.36722728365384616 0.30216408173076925 0.3638273125 0.30088909375 0.3676050600961539 0.2949391394230769 0.3653384110576923 0.2917516658653846 0.3781827524038462 0.2889891875 0.39480484134615385 0.29345165144230767 0.4012270120192308 0.2985516105769231 0.40727140865384615 0.3032265745192308 0.39102709375 0.3047140625 0.37251612980769233 0.30450156490384617 0.36722728365384616
6 0.29387664903846156 0.33247200721153847 0.2883516923076923 0.3343608798076923 0.2777267788461538 0.3400275024038461 0.2728393173076923 0.33851640384615383 0.2628518966346154 0.341916375 0.25350197115384615 0.3483385456730769 0.2505269951923077 0.3536273942307692 0.24776451682692308 0.36193843750000004 0.24946450480769233 0.3679828341346154 0.25307697596153844 0.3740272307692308 0.25307697596153844 0.38309382451923074 0.25307697596153844 0.38498269711538463 0.2564769471153846 0.39631593990384617 0.2628518966346154 0.4159602283653846 0.26965184375 0.4050047596153846 0.2753892980769231 0.3951826153846154 0.28282673798076924 0.39216041826923076 0.28877668990384614 0.39480484134615385 0.29260165865384613 0.37893830288461533 0.29515163942307693 0.36269398798076924 0.29961410336538463 0.3645828605769231 0.30173908653846154 0.3570273653846154 0.29345165144230767 0.35513849278846155 0.2881391947115385 0.3536273942307692 0.2974891201923077 0.35249406971153846 0.29961410336538463 0.3464496730769231 0.29536413701923075 0.3404052764423077 0.29387664903846156 0.33247200721153847
7 0.3202264375 0.24709491346153845 0.3189514495192308 0.2599392548076923 0.31682646634615386 0.26447255048076923 0.326388889423077 0.2682502980769231 0.326388889423077 0.24633936298076925 0.3238389086538461 0.2331172451923077 0.3198014423076923 0.22065068028846155 0.3183139543269231 0.2149840576923077 0.31597647115384614 0.22782839903846153 0.31045151682692307 0.22253955288461538 0.3023765817307692 0.23160614663461537 0.2966391274038461 0.2455838125 0.2919641634615385 0.26371700240384616 0.2919641634615385 0.27089472115384616 0.30195158413461537 0.26749475 0.3119390048076923 0.25842815384615386 0.3183139543269231 0.25427263221153845 0.3202264375 0.24709491346153845
9 0.31767645913461534 0.28147241586538463 0.31852645192307694 0.2705169471153846 0.3155514759615385 0.25918370432692306 0.31045151682692307 0.2606948028846154 0.3051390576923077 0.265605875 0.3032265745192308 0.27542801923076926 0.3089640288461538 0.28147241586538463 0.31767645913461534 0.28147241586538463
4 0.9058717524038461 0.9089562836538462 0.8988593100961538 0.9048007620192308 0.9014092884615384 0.9138673557692307 0.9092717259615385 0.9221784014423077 0.9160716706730769 0.9244450480769231 0.9175591586538462 0.9150006802884616 0.9058717524038461 0.9089562836538462
5 0.18796084375 0.31354352163461535 0.18637172596153845 0.3050682259615385 0.1831934903846154 0.2916490096153846 0.17564518269230772 0.3022431274038462 0.17882341826923076 0.31778116826923075 0.18796084375 0.31354352163461535