0 0.9497095769230769 0.1413079735576923 0.9477339182692308 0.1641378221153846 0.9615635384615384 0.16589396394230768 0.9714418365384615 0.15974746634615386 0.9793444759615385 0.14657640144230769 0.9778627307692307 0.1325272644230769 0.9620574519230769 0.06667193509615385 0.9546487283653846 0.04032980288461538 0.9499044567307693 0.014095504807692309 0.9245199134615384 0.026280665865384616 0.9334103846153846 0.05876929567307692 0.9309408100961538 0.08598949759615385 0.9403251947115384 0.1096974158653846 0.9497095769230769 0.1413079735576923
7 0.8682136081730769 0.06140350961538461 0.8830310576923076 0.06491579326923078 0.8973545913461538 0.044720158653846154 0.8988363365384615 0.02803680769230769 0.8943911009615384 0.018378026442307693 0.8909336971153846 0.0034508197115384613 0.8859945480769231 0.002572747596153846 0.8785858221153846 0.013987670673076923 0.8682136081730769 0.02452452403846154 0.8647562043269231 0.04208594471153847 0.8682136081730769 0.06140350961538461
4 0.9269894903846154 0.04647630048076923 0.9171111899038462 0.04032980288461538 0.9121720408653846 0.04735437259615384 0.9176051057692308 0.07281843269230769 0.9289651490384615 0.07369650240384615 0.93291646875 0.060525437499999994 0.9269894903846154 0.04647630048076923
0 0.8662379495192307 0.23174929326923077 0.8682136081730769 0.20365101923076923 0.8514204999999999 0.21155365865384615 0.8410482860576922 0.23701771875000002 0.8474691802884616 0.27038441826923076 0.8687075240384616 0.25896949519230766 0.8662379495192307 0.23174929326923077
6 0.8375908798076923 0.1957483798076923 0.8440117740384616 0.21155365865384615 0.852408329326923 0.19662645192307693 0.8598170528846154 0.18169924278846153 0.8474691802884616 0.17204046153846153 0.8420361153846153 0.16765010576923078 0.8306760697115384 0.18784574038461538 0.8375908798076923 0.1957483798076923
6 0.8010411730769231 0.35467924038461535 0.8128951322115385 0.36345995192307695 0.8173403677884615 0.35906959615384615 0.8257369206730769 0.34502045913461543 0.8370969663461539 0.3362397475961538 0.8287004110576923 0.3239467548076923 0.8193160264423077 0.3055072620192308 0.8109194711538461 0.3055072620192308 0.8074620673076923 0.3125318293269231 0.8015350865384616 0.3221906105769231 0.7985715985576923 0.3353616778846154 0.8010411730769231 0.35467924038461535
6 0.7343626514423077 0.20628523317307693 0.7279417572115385 0.21330980048076925 0.7269539278846153 0.2291150793269231 0.7417713774038461 0.2378957908653846 0.7402896322115384 0.21155365865384615 0.7343626514423077 0.20628523317307693
6 0.6780563461538461 0.28267741346153846 0.6741050264423076 0.3037511201923077 0.6859589855769231 0.30901954567307693 0.6859589855769231 0.31692218509615383 0.7022581802884615 0.31955639903846156 0.7062094999999999 0.3037511201923077 0.7101608197115384 0.28970198317307694 0.7131243076923077 0.2686282764423077 0.7205330336538461 0.23526157692307692 0.7230026081730769 0.2071633028846154 0.7086790745192307 0.19662645192307693 0.7007764350961538 0.19750452163461538 0.6988007740384615 0.21067558653846152 0.6859589855769231 0.2572133533653846 0.6780563461538461 0.28267741346153846
6 0.6790441754807692 0.027158737980769232 0.6879346442307692 0.04296401682692308 0.7017642644230769 0.04823244230769231 0.7106547331730769 0.04032980288461538 0.7086790745192307 0.02452452403846154 0.7017642644230769 0.021012240384615386 0.6923798798076923 0.015743814903846153 0.6849711562499999 0.0060850336538461535 0.68151375 0.012231528846153845 0.6790441754807692 0.027158737980769232
9 0.7951141923076922 0.14921061298076924 0.8010411730769231 0.1325272644230769 0.795608108173077 0.12550269471153847 0.7872115528846154 0.1272588389423077 0.7827663197115384 0.13164919230769231 0.7832602331730769 0.13779568990384614 0.7881993846153846 0.1456983293269231 0.7951141923076922 0.14921061298076924
4 0.7649853798076923 0.1764308173076923 0.7719001899038461 0.17906502884615383 0.7723941057692307 0.19750452163461538 0.7837541490384615 0.19750452163461538 0.7931385336538461 0.1641378221153846 0.795608108173077 0.15360096875 0.7763454254807692 0.1413079735576923 0.7704184447115385 0.1334053341346154 0.7605401466346154 0.13779568990384614 0.7565888245192307 0.16238168028846156 0.7649853798076923 0.1764308173076923
5 0.7773332548076923 0.15008868509615383 0.7684427860576922 0.1413079735576923 0.7625158052884615 0.14306411778846154 0.7595523149038462 0.15623518269230768 0.7635036346153845 0.16150360817307693 0.7773332548076923 0.1641378221153846 0.7773332548076923 0.15008868509615383
0 0.6508910216346154 0.1571132548076923 0.6395309783653846 0.2001387355769231 0.6345918293269232 0.22999315144230767 0.6306405096153846 0.27477477403846157 0.6444701274038462 0.27740898798076924 0.6558301730769232 0.1439421875 0.6553362572115385 0.1298930504807692 0.6607693221153846 0.0824772139423077 0.6622510673076923 0.04384208653846154 0.6666963004807692 0.0034508197115384613 0.6494092788461538 0.004328889423076923 0.6479275336538461 0.039451733173076924 0.6415066370192307 0.11496584375 0.6503971081730769 0.12638076682692306 0.6508910216346154 0.1571132548076923
11 0.6800320048076922 0.16852817788461538 0.6721293653846154 0.15184482692307694 0.6622510673076923 0.16765010576923078 0.6607693221153846 0.18960188221153845 0.6671902163461538 0.20452909134615385 0.6750928557692308 0.20277294951923078 0.6800320048076922 0.16852817788461538
11 0.6266891899038461 0.1852115264423077 0.6321222548076922 0.19926066346153848 0.6360735745192307 0.20101680528846153 0.6415066370192307 0.19223609615384613 0.6494092788461538 0.1764308173076923 0.6508910216346154 0.15184482692307694 0.6474336177884615 0.1219904110576923 0.6326161682692307 0.11408777163461538 0.6187865504807692 0.12901498076923076 0.6094021658653846 0.15535711057692309 0.6128595697115384 0.18082117307692308 0.6143413149038461 0.1887238125 0.6266891899038461 0.1852115264423077
9 0.6355796586538461 0.21857822836538462 0.631134423076923 0.19223609615384613 0.6168108894230768 0.18696766826923075 0.6108839110576922 0.19750452163461538 0.6084143365384616 0.2203343701923077 0.6187865504807692 0.23174929326923077 0.6252074447115384 0.23438350721153847 0.6355796586538461 0.21857822836538462
9 0.6612632379807692 0.3248248245192308 0.6622510673076923 0.30462918990384613 0.6548423413461539 0.2923361947115385 0.6429883822115384 0.2923361947115385 0.6350857427884615 0.3125318293269231 0.6370614038461538 0.3353616778846154 0.6503971081730769 0.33975203365384615 0.6612632379807692 0.3248248245192308
6 0.6217500384615384 0.31867832692307696 0.6331100841346153 0.30287304807692306 0.6296526778846154 0.27301863221153844 0.6232317836538462 0.2493107139423077 0.6118717403846154 0.25633528365384617 0.5995238653846153 0.26423792307692306 0.5995238653846153 0.29584848076923076 0.604463016826923 0.3309713221153846 0.6217500384615384 0.31867832692307696
0 0.5185218100961538 0.09389213701923077 0.5397601538461538 0.09037985336538462 0.5817429278846153 0.07633071634615385 0.6069325913461538 0.06491579326923078 0.6054508461538461 0.04032980288461538 0.6010056105769231 0.004328889423076923 0.5674193942307693 0.0016946778846153845 0.5305792644230769 0 0.5101252572115385 0.004328889423076923 0.5130887475961539 0.049988584134615384 0.5185218100961538 0.09389213701923077
0 0.46616682451923075 0.08511142788461538 0.48147818990384617 0.15008868509615383 0.49185040384615386 0.19838259375 0.519509641826923 0.17730888701923078 0.5506262836538461 0.15535711057692309 0.5776919663461538 0.13768115865384617 0.561986329326923 0.08862371153846153 0.5170400673076924 0.09301406730769231 0.5121009158653846 0.04823244230769231 0.5056800216346153 0.05086665625 0.47703295432692305 0.07281843269230769 0.46616682451923075 0.08511142788461538
0 0.6316283389423076 0.7190787283653847 0.6192804639423077 0.719956798076923 0.6128595697115384 0.700639235576923 0.60890825 0.6901023822115384 0.5950786322115384 0.6857120288461539 0.58766990625 0.6883462403846153 0.5891516514423076 0.7102980168269231 0.5837185865384615 0.706785733173077 0.5768037764423076 0.7366401490384615 0.5693950528846154 0.7673726346153846 0.5837185865384615 0.7928366971153846 0.604463016826923 0.8297156802884615 0.6385431490384617 0.8894245120192308 0.6622510673076923 0.9227912115384616 0.6844772403846153 0.8841560865384616 0.6805259206730769 0.86571659375 0.6612632379807692 0.8358621778846154 0.6360735745192307 0.791958625 0.6173048052884614 0.7515673557692307 0.6242196153846155 0.7348840072115385 0.6316283389423076 0.7190787283653847
0 0.6479275336538461 0.9974272524038461 0.6790441754807692 0.9983053221153846 0.7244843533653846 0.9983053221153846 0.7269539278846153 0.9877684711538461 0.7205330336538461 0.9763535456730769 0.6741050264423076 0.9438649182692308 0.6326161682692307 0.9113762884615385 0.6227378701923078 0.9719631923076922 0.6479275336538461 0.9974272524038461
7 0.7254721826923076 0.8428867451923078 0.7457226971153846 0.8279595384615385 0.7694306153846154 0.8086419759615384 0.7916567884615385 0.7866901995192308 0.7788149999999999 0.7498112139423078 0.7694306153846154 0.7138103004807692 0.7659732091346154 0.6760532451923077 0.7363383124999999 0.6980050216346154 0.7136182235576923 0.7208348701923076 0.6933677091346154 0.7383962908653847 0.7076912427884616 0.7726410625 0.7254721826923076 0.8428867451923078
4 0.7891872139423076 0.7331278653846154 0.7906689591346154 0.7182006562500001 0.7926446177884615 0.6901023822115384 0.7788149999999999 0.6804436009615386 0.7723941057692307 0.6918585264423077 0.767454954326923 0.7041515192307692 0.7723941057692307 0.7217129399038461 0.7783210841346153 0.7445427884615385 0.7827663197115384 0.7647384230769231 0.7842480649038461 0.7550796418269231 0.7891872139423076 0.7331278653846154
6 0.7111486490384615 0.4363398485576923 0.7244843533653846 0.44073020432692306 0.7368322259615384 0.46707233653846153 0.7506618461538461 0.4363398485576923 0.7402896322115384 0.4240468533653846 0.7175695432692308 0.40911964663461536 0.7096669038461538 0.42053456971153846 0.7111486490384615 0.4363398485576923
6 0.6405188076923077 0.5864899975961538 0.6424944687499999 0.5680505072115385 0.6439762139423078 0.5408303052884615 0.6400248942307692 0.5311715216346153 0.63014659375 0.5425864471153846 0.628170935096154 0.5557575120192307 0.6296526778846154 0.57068471875 0.6380492331730768 0.5856119278846154 0.6291587644230769 0.6031733485576922 0.6163169759615384 0.6242470528846155 0.6039691009615384 0.6453207596153846 0.5940908004807692 0.6637602524038461 0.6019934399038461 0.6663944639423077 0.6094021658653846 0.6576137548076922 0.6187865504807692 0.6637602524038461 0.6291587644230769 0.6804436009615386 0.6365674879807692 0.6690286778846153 0.6484214471153845 0.6461988293269231 0.6553362572115385 0.6382961899038461 0.6612632379807692 0.6251251250000001 0.67262328125 0.6277593389423076 0.6908981346153846 0.5970268509615384 0.6849711562499999 0.6224909110576923 0.6869468149038462 0.6453207596153846 0.6904042211538461 0.6567356826923076 0.7067034134615385 0.6584918245192307 0.7195452019230769 0.65410146875 0.7343626514423077 0.6303935504807693 0.7210269471153846 0.6093198461538462 0.7175695432692308 0.5654162932692308 0.6958372836538461 0.5662943653846153 0.6874407307692307 0.5645382235576923 0.6662023870192308 0.5829777139423077 0.6499031923076923 0.5908803533653846 0.6405188076923077 0.5864899975961538
6 0.6884285600961538 0.6576137548076922 0.6829954951923077 0.6365400480769231 0.6706476201923077 0.623368983173077 0.6622510673076923 0.6321496947115384 0.6597814927884615 0.6435646177884615 0.6592875769230768 0.6576137548076922 0.6755867716346154 0.6479549735576923 0.6750928557692308 0.6602479663461539 0.6750928557692308 0.6769313173076923 0.6592875769230768 0.6663944639423077 0.6499031923076923 0.6734190336538461 0.6568180024038461 0.6786874591346154 0.66027540625 0.7041515192307692 0.6573119182692307 0.7217129399038461 0.6459518725961538 0.7366401490384615 0.6449640432692308 0.7612261394230769 0.6568180024038461 0.7831779158653845 0.6681780456730769 0.7787875600961538 0.6805259206730769 0.7735191322115385 0.6908981346153846 0.7454208581730769 0.7052216682692307 0.7225910120192308 0.722014778846154 0.7102980168269231 0.7313991634615384 0.7032734495192308 0.746216610576923 0.6901023822115384 0.7521435913461538 0.6716628918269231 0.7605401466346154 0.6672725360576923 0.7605401466346154 0.6479549735576923 0.7501679302884615 0.6207347692307692 0.7422652908653846 0.6110759879807692 0.7412774615384615 0.597904923076923 0.7225086923076923 0.597904923076923 0.7225086923076923 0.6093198461538462 0.7249782668269231 0.6453207596153846 0.7081851586538461 0.6584918245192307 0.6884285600961538 0.6576137548076922
10 0.61236565625 0.5768312163461539 0.620268295673077 0.5662943653846153 0.6182926346153846 0.5408303052884615 0.6103899951923076 0.5338057355769231 0.6010056105769231 0.5408303052884615 0.5970542908653846 0.5636601514423076 0.5985360360576923 0.57068471875 0.61236565625 0.5768312163461539
6 0.5091374278846155 0.5908803533653846 0.49925912740384615 0.6093198461538462 0.5046921923076924 0.6198566995192307 0.5224731322115385 0.6260031971153845 0.5106191706730769 0.6365400480769231 0.5081495961538461 0.6602479663461539 0.5002469567307692 0.6769313173076923 0.4948138918269231 0.6444426875 0.49185040384615386 0.6110759879807692 0.48493559375 0.5917584254807692 0.4607337596153846 0.6093198461538462 0.451349375 0.6242470528846155 0.44591631009615385 0.6040514206730769 0.4360380120192308 0.59614878125 0.42813537259615386 0.6207347692307692 0.43455626682692305 0.6295154807692308 0.4276414567307692 0.6409304038461539 0.42220839182692305 0.6505891850961538 0.41875098798076926 0.6593698966346154 0.4212205625 0.6163444134615385 0.4103544326923077 0.6031733485576922 0.4093666033653846 0.6339058365384616 0.4004761346153846 0.6461988293269231 0.39751264423076926 0.6576137548076922 0.3836830240384615 0.6628821802884615 0.36985340624999996 0.6769313173076923 0.3609629375 0.6918585264423077 0.35108463701923076 0.6997611658653846 0.36293859615384616 0.7182006562500001 0.3456515721153846 0.7217129399038461 0.34219416826923077 0.7366401490384615 0.3451576586538462 0.7427866466346154 0.3589872764423077 0.7427866466346154 0.36590208653846157 0.7480550721153846 0.37034732211538457 0.7269813677884615 0.3752864711538461 0.7094199471153846 0.38516476923076925 0.6769313173076923 0.39109174999999996 0.6637602524038461 0.4197388173076923 0.6857120288461539 0.42517188221153845 0.6980050216346154 0.4202327331730769 0.719956798076923 0.41776315865384617 0.7410305048076923 0.4167753269230769 0.7506892860576924 0.43307452163461535 0.7322497932692307 0.4439406514423077 0.7296155817307692 0.45381894951923074 0.7225910120192308 0.46567290865384614 0.7102980168269231 0.46814248557692306 0.7375182187499999 0.47653903846153844 0.7515673557692307 0.4839477644230769 0.7717629903846154 0.49382606250000005 0.7673726346153846 0.4962956370192308 0.780543701923077 0.5007408725961539 0.8086419759615384 0.5116070024038462 0.8060077620192309 0.523954875 0.7945928389423076 0.5382784110576924 0.8191788269230769 0.5387723245192307 0.8420086754807692 0.5387723245192307 0.8560578125 0.526424451923077 0.8376183197115386 0.507161766826923 0.8262033966346153 0.5007408725961539 0.8200568990384615 0.5037043629807691 0.8499113149038462 0.507161766826923 0.8806438028846154 0.5086435120192307 0.9043517211538461 0.5140765769230768 0.9175227860576923 0.5293879399038461 0.9087420745192307 0.5402540697115384 0.9175227860576923 0.549638454326923 0.9131324302884616 0.5545776033653846 0.8973271514423077 0.5545776033653846 0.8806438028846154 0.5535897740384615 0.8701069495192308 0.5693950528846154 0.8762534471153847 0.570876798076923 0.86571659375 0.5649498173076923 0.8472771009615384 0.5550715192307693 0.8262033966346153 0.5560593485576922 0.8130323317307693 0.5684072235576922 0.8051296899038461 0.5753220336538462 0.7981051225961538 0.5807550961538461 0.7858121274038462 0.5689011370192307 0.7691287788461539 0.5753220336538462 0.7383962908653847 0.5847064158653846 0.7050295913461538 0.58766990625 0.6901023822115384 0.5950786322115384 0.6655163942307692 0.6029812716346153 0.6312716225961539 0.5827307572115384 0.61546634375 0.565443733173077 0.6101979182692308 0.5545776033653846 0.5935145673076924 0.5481567091346153 0.5900022836538461 0.5254366201923077 0.6031733485576922 0.5091374278846155 0.5908803533653846
4 0.4360380120192308 0.8569358822115384 0.44492848076923075 0.8323498942307693 0.44937371634615386 0.8139104014423076 0.4399893317307692 0.8033735480769231 0.42912320192307696 0.7972270504807693 0.42270230769230765 0.8218130408653846 0.41628141346153846 0.8437648173076924 0.43109886298076927 0.8534235985576923 0.4360380120192308 0.8569358822115384
8 0.3367611033653847 0.7981051225961538 0.35157855288461537 0.8007393365384616 0.36293859615384616 0.7972270504807693 0.38417693990384616 0.8051296899038461 0.39109174999999996 0.7963489807692308 0.39800656009615387 0.790202483173077 0.4004761346153846 0.7779094879807692 0.3836830240384615 0.7726410625 0.36985340624999996 0.7691287788461539 0.35503595673076926 0.7682507067307692 0.3382428485576923 0.7700068485576923 0.3367611033653847 0.7981051225961538
9 0.38664651442307696 0.9175227860576923 0.3989943894230769 0.9087420745192307 0.39998221875 0.8876683701923077 0.39158566346153845 0.8736192331730769 0.38022562019230766 0.88503415625 0.3782499615384615 0.9069859326923078 0.38664651442307696 0.9175227860576923
5 0.39158566346153845 0.9570359831730768 0.3817073653846154 0.9596701971153846 0.38318911057692306 0.9860123293269231 0.39553698317307695 0.9816219735576923 0.3925734951923077 0.9719631923076922 0.39158566346153845 0.9570359831730768
6 0.34021850721153846 0.9140105024038461 0.3476272331730769 0.9184008581730769 0.3520724663461538 0.8938148677884615 0.34318199759615386 0.88503415625 0.34021850721153846 0.9140105024038461
6 0.34910897836538457 0.8437648173076924 0.33231586778846156 0.8384963918269231 0.33231586778846156 0.8499113149038462 0.33626718749999995 0.8543016706730769 0.34663940144230765 0.8595700961538462 0.34910897836538457 0.8437648173076924
6 0.3405103677884615 0.8682044615384614 0.33852974759615384 0.8609062908653846 0.33177599759615384 0.8524309975961538 0.32336553125 0.8534235985576923 0.3234331298076923 0.8700878605769231 0.33054226442307694 0.8682044615384614 0.3405103677884615 0.8682044615384614
4 0.3752864711538461 0.844642889423077 0.3767682163461539 0.8569358822115384 0.3891160889423077 0.8499113149038462 0.3856586850961538 0.8393744615384615 0.3752864711538461 0.844642889423077
4 0.40739094471153847 0.8147884735576922 0.39751264423076926 0.7989831947115384 0.3886221754807692 0.7945928389423076 0.38220128125 0.8051296899038461 0.39109174999999996 0.8279595384615385 0.39751264423076926 0.83674025 0.40739094471153847 0.8147884735576922
13 0.3555298725961539 0.4574135528846154 0.3649142572115384 0.46707233653846153 0.3767682163461539 0.48375568509615385 0.38417693990384616 0.4732188341346154 0.40837877403846157 0.4635600504807692 0.4320866923076923 0.45390126923076923 0.40788485817307696 0.40911964663461536 0.3886221754807692 0.3801433004807692 0.3812134495192308 0.3994608653846154 0.37232298076923076 0.39594857932692307 0.3584933629807692 0.42053456971153846 0.3451576586538462 0.4363398485576923 0.3555298725961539 0.4574135528846154
9 0.3886221754807692 0.5900022836538461 0.39701872836538465 0.5882461418269231 0.40343962499999997 0.5715627908653846 0.4004761346153846 0.5469768004807692 0.3896100048076923 0.5329276634615385 0.38467085576923077 0.5320495937499999 0.3742986418269231 0.5373180192307692 0.37182906490384615 0.5654162932692308 0.38022562019230766 0.5777092884615385 0.3886221754807692 0.5900022836538461
7 0.4380136706730769 0.5575136538461538 0.43554409615384615 0.5548794399038461 0.42517188221153845 0.5381960913461539 0.41578749759615385 0.5197565985576923 0.41776315865384617 0.55136715625 0.4128240072115385 0.5794654302884615 0.4256657980769231 0.594392639423077 0.4296171177884615 0.5820996442307692 0.4380136706730769 0.5575136538461538
8 0.41776315865384617 0.48024340144230765 0.4236901370192308 0.4916583245192308 0.44245890625 0.5118539591346154 0.44986762980769235 0.5267811658653846 0.4612276754807692 0.5329276634615385 0.4711059735576923 0.5408303052884615 0.47308163461538466 0.5346838076923077 0.4711059735576923 0.524146954326923 0.46814248557692306 0.5083416754807693 0.44739805528846155 0.47936532932692305 0.43554409615384615 0.4600477668269231 0.42714754326923077 0.45390126923076923 0.41776315865384617 0.48024340144230765
7 0.36985340624999996 0.26335985096153847 0.3767682163461539 0.26423792307692306 0.3836830240384615 0.2598475673076923 0.38318911057692306 0.24492035817307695 0.38318911057692306 0.23087122115384615 0.38516476923076925 0.20979751682692308 0.3752864711538461 0.17906502884615383 0.36442034134615386 0.17994310096153845 0.3476272331730769 0.19926066346153848 0.3500968076923077 0.25106685576923077 0.3579994471153846 0.2677502067307692 0.36985340624999996 0.26335985096153847
2 0.4236901370192308 0.3538011706730769 0.42912320192307696 0.35906959615384615 0.43751975721153846 0.3371178197115385 0.45826418509615385 0.28179934375 0.47950252884615385 0.21945629807692307 0.48938082932692306 0.18696766826923075 0.48493559375 0.17291853365384616 0.47752686778846154 0.19399223798076923 0.4592520144230769 0.2501887860576923 0.43702584134615385 0.31516604326923076 0.4236901370192308 0.3538011706730769
12 0.41875098798076926 0.04296401682692308 0.4029457091346154 0.009597317307692308 0.3960308990384615 0.014865742788461537 0.4068970288461538 0.039451733173076924 0.4068970288461538 0.05437893990384615 0.4172692427884615 0.06140350961538461 0.41875098798076926 0.04296401682692308
2 0.4029457091346154 0.11584391346153847 0.43751975721153846 0.09916056490384614 0.4651789951923077 0.08862371153846153 0.47505729326923074 0.07633071634615385 0.48987474278846155 0.06228157932692308 0.47061206009615386 0.07106229086538461 0.44492848076923075 0.0824772139423077 0.40146396394230766 0.1017947764423077 0.35503595673076926 0.12462462499999999 0.35948119230769227 0.13779568990384614 0.4029457091346154 0.11584391346153847
2 0.46468507932692305 0.06755000721153846 0.4908625721153846 0.055257012019230764 0.5096313413461538 0.04911051442307693 0.5101252572115385 0.03681751923076923 0.47505729326923074 0.05350087019230769 0.43307452163461535 0.07281843269230769 0.39504306971153846 0.08686756971153847 0.3985004735576923 0.09828249278846155 0.43307452163461535 0.08511142788461538 0.46468507932692305 0.06755000721153846
2 0.41875098798076926 0.009597317307692308 0.45777026923076924 0.02452452403846154 0.4943199783653846 0.039451733173076924 0.49777738221153844 0.021012240384615386 0.48345384855769236 0.01749995673076923 0.44739805528846155 0.009597317307692308 0.4205406057692308 0 0.3920795793269231 0.002572747596153846 0.41875098798076926 0.009597317307692308
9 0.5476627932692307 0.35819152403846155 0.5377844951923076 0.3353616778846154 0.522967045673077 0.3353616778846154 0.5121009158653846 0.35116695673076925 0.5200035552884615 0.3801433004807692 0.5367966658653847 0.38189944230769235 0.5476627932692307 0.35819152403846155
3 0.49925912740384615 0.42931528125 0.4933321490384615 0.3827775144230769 0.47851469951923076 0.39068015384615384 0.48493559375 0.4363398485576923 0.4928382331730769 0.46180390865384613 0.501728701923077 0.4477547716346154 0.49925912740384615 0.42931528125
6 0.48938082932692306 0.4942925384615385 0.48740516826923075 0.4512670576923077 0.4824660192307692 0.43194949278846156 0.4745633798076923 0.38628979807692304 0.4612276754807692 0.39770472115384614 0.47061206009615386 0.4372179206730769 0.48049035817307695 0.47936532932692305 0.4780207836538462 0.5004390360576922 0.48938082932692306 0.4942925384615385
7 0.48987474278846155 0.46531619230769233 0.48987474278846155 0.4916583245192308 0.4908625721153846 0.5057074615384616 0.4962956370192308 0.5144881730769231 0.4780207836538462 0.530293451923077 0.46221550480769236 0.5469768004807692 0.45530069471153845 0.5671724350961539 0.45678243990384615 0.594392639423077 0.4711059735576923 0.5864899975961538 0.48938082932692306 0.5900022836538461 0.501728701923077 0.6014172067307693 0.5145704927884616 0.5900022836538461 0.5209913870192308 0.59614878125 0.523954875 0.5856119278846154 0.5096313413461538 0.5768312163461539 0.49975304326923076 0.5636601514423076 0.5066678509615385 0.5478548725961538 0.5140765769230768 0.5364399495192308 0.5254366201923077 0.48463375721153845 0.5066678509615385 0.4828776153846154 0.5111130865384615 0.4644381225961538 0.5165461514423076 0.4503889855769231 0.5417358149038461 0.44424248798076926 0.5417358149038461 0.4179003557692308 0.5432175600961539 0.40911964663461536 0.523954875 0.40121700721153847 0.5135826610576923 0.40121700721153847 0.5046921923076924 0.4363398485576923 0.48987474278846155 0.46531619230769233
8 0.577791608173077 0.5021951778846154 0.586682076923077 0.4740969038461538 0.6039691009615384 0.4556574110576923 0.6143413149038461 0.4196564975961538 0.60890825 0.40911964663461536 0.5901394807692307 0.44424248798076926 0.5738402884615385 0.4776091875 0.5614924134615384 0.4986828942307693 0.5674193942307693 0.5153662427884615 0.577791608173077 0.5021951778846154
8 0.3357732740384615 0.48024340144230765 0.34960289182692306 0.5074636033653847 0.35997510576923075 0.530293451923077 0.36985340624999996 0.524146954326923 0.3604690216346154 0.4986828942307693 0.35059072115384615 0.469706548076923 0.3377489326923077 0.4477547716346154 0.32984629326923076 0.45916969471153846 0.3357732740384615 0.48024340144230765
13 0.5145704927884616 0.45302319951923076 0.5091374278846155 0.4811214735576923 0.5249427067307693 0.48726796875 0.523954875 0.5004390360576922 0.5130887475961539 0.5548794399038461 0.5209913870192308 0.5601478677884615 0.526424451923077 0.5452206586538462 0.5377844951923076 0.530293451923077 0.549638454326923 0.5100978173076923 0.5580350096153845 0.4934144663461538 0.5659376490384616 0.4828776153846154 0.561986329326923 0.4609258389423077 0.5624802427884615 0.4503889855769231 0.5743342019230769 0.4380959903846154 0.5684072235576922 0.42229071153846154 0.558528923076923 0.4249249254807692 0.5476627932692307 0.4372179206730769 0.5402540697115384 0.4503889855769231 0.5308696850961538 0.44863284374999995 0.5145704927884616 0.45302319951923076
7 0.5328453461538462 0.5935145673076924 0.5476627932692307 0.5882461418269231 0.5649498173076923 0.5794654302884615 0.5787794374999999 0.55136715625 0.5634680721153846 0.5452206586538462 0.5516141129807692 0.5338057355769231 0.5540836899038462 0.5039513197115385 0.5377844951923076 0.5329276634615385 0.5303757716346154 0.5443425889423077 0.5185218100961538 0.5610259375 0.522967045673077 0.5847338557692308 0.5328453461538462 0.5935145673076924
6 0.5797672668269231 0.5487329423076923 0.5639619879807692 0.5785873581730769 0.558528923076923 0.5917584254807692 0.5837185865384615 0.6005391346153846 0.5896455673076922 0.5768312163461539 0.6010056105769231 0.5285373100961539 0.570876798076923 0.5109758894230769 0.5639619879807692 0.5021951778846154 0.5545776033653846 0.5074636033653847 0.5491445384615384 0.5311715216346153 0.558528923076923 0.541708375 0.5797672668269231 0.5487329423076923
6 0.6340979134615385 0.43194949278846156 0.6424944687499999 0.4565354831730769 0.6578058317307692 0.47058462019230773 0.6790441754807692 0.47585304567307696 0.6963311995192308 0.45214512740384616 0.6889224759615384 0.43458370673076924 0.6829954951923077 0.4117538581730769 0.6721293653846154 0.39594857932692307 0.6617571514423077 0.3722406610576923 0.6597814927884615 0.3415081754807692 0.643482298076923 0.3608257379807692 0.6528666826923076 0.37311873317307687 0.6444701274038462 0.3924362956730769 0.6449640432692308 0.4056073605769231 0.6340979134615385 0.43194949278846156
6 0.5906333966346154 0.42931528125 0.5960664615384615 0.4310714230769231 0.6084143365384616 0.40472929086538467 0.6153291442307692 0.4196564975961538 0.6064386754807692 0.45390126923076923 0.6049569302884615 0.4635600504807692 0.599029951923077 0.47234076201923075 0.5950786322115384 0.4819995432692308 0.5886577355769231 0.4740969038461538 0.5817429278846153 0.49253639663461535 0.5807550961538461 0.5144881730769231 0.5960664615384615 0.524146954326923 0.6143413149038461 0.5294153798076923 0.628170935096154 0.5259030961538461 0.6291587644230769 0.5039513197115385 0.622243954326923 0.49078025480769233 0.622243954326923 0.47673111778846156 0.628170935096154 0.4556574110576923 0.6247135288461538 0.4372179206730769 0.6316283389423076 0.4161442139423077 0.6415066370192307 0.39507050961538465 0.6326161682692307 0.37136259134615385 0.6286648485576923 0.3573134543269231 0.622243954326923 0.3485327427884615 0.6094021658653846 0.35906959615384615 0.5916212259615384 0.37663101682692307 0.5782855216346154 0.3792652307692308 0.5847064158653846 0.40472929086538467 0.5906333966346154 0.42931528125
13 0.586682076923077 0.5100978173076923 0.5935968870192307 0.5206346706730769 0.6024873557692307 0.5276592379807693 0.6128595697115384 0.5118539591346154 0.6049569302884615 0.4951706081730769 0.5950786322115384 0.48024340144230765 0.5861881610576923 0.47146268990384615 0.5797672668269231 0.5030732475961538 0.5822368413461538 0.5180004567307692 0.586682076923077 0.5100978173076923
4 0.6637328124999999 0.5838557860576923 0.6780563461538461 0.57068471875 0.6904042211538461 0.559269795673077 0.6879346442307692 0.5329276634615385 0.6854650697115384 0.5180004567307692 0.6711415360576923 0.5109758894230769 0.6617571514423077 0.5223908125000001 0.6617571514423077 0.5671724350961539 0.6637328124999999 0.5838557860576923
4 0.6415066370192307 0.530293451923077 0.6494092788461538 0.5197565985576923 0.6592875769230768 0.5057074615384616 0.6518788533653846 0.4863898990384615 0.6469397019230769 0.48024340144230765 0.6355796586538461 0.47848725961538463 0.628170935096154 0.4942925384615385 0.628170935096154 0.5223908125000001 0.6415066370192307 0.530293451923077
9 0.7684427860576922 0.6216128413461538 0.7738758485576922 0.5970268509615384 0.7615279759615384 0.5794654302884615 0.7481922716346154 0.57068471875 0.737326141826923 0.5970268509615384 0.7427592067307691 0.6119540600961538 0.7605401466346154 0.6260031971153845 0.7684427860576922 0.6216128413461538
4 0.32836454807692306 0.5294153798076923 0.3214497403846154 0.5004390360576922 0.3026809711538462 0.5153662427884615 0.27551564663461536 0.5329276634615385 0.27847913701923077 0.5548794399038461 0.29675399038461536 0.5487329423076923 0.31157143990384617 0.5364399495192308 0.32836454807692306 0.5294153798076923
8 0.3268828028846154 0.4942925384615385 0.32984629326923076 0.46531619230769233 0.3278706346153846 0.458291625 0.3229314831730769 0.45214512740384616 0.31502884375 0.4512670576923077 0.3051505456730769 0.47673111778846156 0.31058361057692313 0.4899021826923077 0.31947407932692307 0.5039513197115385 0.3268828028846154 0.4942925384615385
8 0.34071242307692307 0.4056073605769231 0.34910897836538457 0.39858279326923074 0.3500968076923077 0.3810213725961538 0.3288584639423077 0.36345995192307695 0.3140410144230769 0.35467924038461535 0.31157143990384617 0.36433802163461537 0.31502884375 0.3722406610576923 0.32737671875 0.38980208173076925 0.34071242307692307 0.4056073605769231
7 0.25477121875 0.4099977163461539 0.2774913076923077 0.4416082740384616 0.28687569230769233 0.45302319951923076 0.2942844158653846 0.4416082740384616 0.3076201201923077 0.42755913701923076 0.3145349302884615 0.4170222860576923 0.3041627163461538 0.3941924375 0.29527224519230766 0.37663101682692307 0.2587225384615385 0.35994766586538457 0.23649636538461538 0.3564353822115385 0.2473624951923077 0.38189944230769235 0.25477121875 0.4099977163461539
4 0.4469041418269231 0.44248634615384613 0.4404832451923077 0.4547793413461539 0.44986762980769235 0.46619426442307693 0.45875810096153846 0.47585304567307696 0.46567290865384614 0.46180390865384613 0.4469041418269231 0.44248634615384613
8 0.41233009374999996 0.40385121874999996 0.4103544326923077 0.4099977163461539 0.4207266466346154 0.4266810673076923 0.42665362740384616 0.4108757884615385 0.43702584134615385 0.38453365625 0.4444345673076923 0.3660941634615385 0.43258060576923074 0.3538011706730769 0.4197388173076923 0.3854117283653846 0.41233009374999996 0.40385121874999996
8 0.23007547115384613 0.55136715625 0.23847202403846154 0.5496110144230769 0.23995376923076922 0.5259030961538461 0.2439050889423077 0.5065855336538462 0.2439050889423077 0.47058462019230773 0.23995376923076922 0.4363398485576923 0.23205112980769232 0.4284372091346154 0.2197032548076923 0.44248634615384613 0.22019717067307693 0.5109758894230769 0.22809981009615385 0.5285373100961539 0.23007547115384613 0.55136715625
6 0.24933815384615385 0.5741970048076923 0.26909475240384617 0.5777092884615385 0.27502173317307693 0.5540013701923077 0.2700825817307692 0.5346838076923077 0.26909475240384617 0.49692675240384615 0.26563734855769233 0.48463375721153845 0.2592164543269231 0.47234076201923075 0.2448929182692308 0.4855118269230769 0.2473624951923077 0.5065855336538462 0.24192943028846156 0.5338057355769231 0.24192943028846156 0.5478548725961538 0.23205112980769232 0.5671724350961539 0.24933815384615385 0.5741970048076923
9 0.33280978365384617 0.7313717235576923 0.3461454879807692 0.7138103004807692 0.34318199759615386 0.6944927379807692 0.33972459375 0.67956553125 0.33231586778846156 0.6786874591346154 0.3214497403846154 0.6936146682692308 0.31947407932692307 0.7138103004807692 0.33280978365384617 0.7313717235576923
4 0.2315572139423077 0.36697223557692304 0.23007547115384613 0.3362397475961538 0.2231606610576923 0.30814147355769234 0.22019717067307693 0.2870677692307692 0.19747708173076922 0.29584848076923076 0.2034040625 0.34677660096153845 0.20636755288461536 0.3889240120192307 0.2315572139423077 0.38365558653846155 0.2315572139423077 0.36697223557692304
9 0.2695886682692308 0.5996610649038462 0.2804547980769231 0.6084417740384616 0.28736960576923076 0.6075637043269231 0.29774181971153846 0.5908803533653846 0.3031748846153846 0.5724408629807692 0.2957661610576923 0.5575136538461538 0.28786352163461537 0.5522452283653846 0.27502173317307693 0.5636601514423076 0.2705764975961538 0.5856119278846154 0.2695886682692308 0.5996610649038462
4 0.2621799423076923 0.7059076610576922 0.26415560336538463 0.6760532451923077 0.2597103677884615 0.6611260384615385 0.24933815384615385 0.6523453269230769 0.24637466346153847 0.67956553125 0.24192943028846156 0.6962488798076923 0.25674687740384616 0.7138103004807692 0.2621799423076923 0.7059076610576922
4 0.20587363701923078 0.7225910120192308 0.21328236057692307 0.7041515192307692 0.21081278605769233 0.687468170673077 0.19698316826923076 0.6742971033653846 0.18858661298076923 0.6830778149038461 0.18908052884615384 0.6980050216346154 0.19797099759615386 0.7155664447115384 0.20587363701923078 0.7225910120192308
6 0.265614375 0.8280822644230769 0.2734768125 0.83979328125 0.28490003124999996 0.8507893870192308 0.2942844158653846 0.8481551730769231 0.30564445913461535 0.8297156802884615 0.2919641634615385 0.8265711658653847 0.29922356490384616 0.8060077620192309 0.2932965865384615 0.7981051225961538 0.2819365408653846 0.7866901995192308 0.26711909375 0.7893244134615384 0.2626738581730769 0.8068858341346155 0.265614375 0.8280822644230769
6 0.4409771610576923 0.7647384230769231 0.43554409615384615 0.780543701923077 0.4380136706730769 0.7998612644230769 0.44739805528846155 0.8033735480769231 0.4745633798076923 0.8191788269230769 0.4745633798076923 0.8024954783653846 0.476045125 0.7787875600961538 0.47851469951923076 0.7603480673076923 0.47061206009615386 0.7489331442307693 0.46666074038461536 0.7515673557692307 0.4572763557692308 0.7498112139423078 0.4444345673076923 0.7462989302884615 0.4409771610576923 0.7647384230769231
6 0.44542239663461536 0.7243471538461539 0.4404832451923077 0.7050295913461538 0.42220839182692305 0.708541875 0.4202327331730769 0.719956798076923 0.4217144783653846 0.7375182187499999 0.43702584134615385 0.7313717235576923 0.44542239663461536 0.7243471538461539
6 0.42912320192307696 0.7770314182692307 0.4385075865384615 0.7612261394230769 0.44789197115384616 0.7462989302884615 0.4439406514423077 0.7313717235576923 0.42862928605769235 0.7454208581730769 0.41776315865384617 0.7568357836538462 0.4108483485576923 0.7700068485576923 0.41578749759615385 0.784055985576923 0.42912320192307696 0.7770314182692307
6 0.4543128653846154 0.7462989302884615 0.4651789951923077 0.7462989302884615 0.46715465384615384 0.7287375096153846 0.45184329086538466 0.7278594375 0.4543128653846154 0.7462989302884615
10 0.2937905 0.34063010336538463 0.2883574375 0.3538011706730769 0.28983918028846156 0.3678503052884615 0.3036688004807692 0.374874875 0.30811403605769233 0.34589853125 0.2937905 0.34063010336538463
4 0.24884423798076924 0.2738967043269231 0.25230164423076923 0.24755457211538462 0.23205112980769232 0.2396519326923077 0.22612415144230769 0.2501887860576923 0.22661806490384617 0.27740898798076924 0.24637466346153847 0.2853116274038462 0.24884423798076924 0.2738967043269231
6 0.8010411730769231 0.37311873317307687 0.7970898533653846 0.3968266514423077 0.8079559831730769 0.4056073605769231 0.8282064951923077 0.41263193028846157 0.8370969663461539 0.39594857932692307 0.8484570096153846 0.3739968028846154 0.8538900745192308 0.3573134543269231 0.852408329326923 0.3485327427884615 0.839072625 0.35906959615384615 0.8198099423076923 0.3722406610576923 0.8138829615384615 0.3625818798076923 0.8010411730769231 0.37311873317307687
7 0.13721945673076924 0.31692218509615383 0.12141417788461539 0.29497040865384616 0.11449936778846154 0.2800432019230769 0.10017583413461538 0.3055072620192308 0.11449936778846154 0.3292151802884616 0.11351153846153846 0.34589853125 0.13524379567307693 0.3336055360576923 0.13721945673076924 0.31692218509615383
7 0.9704540072115384 0.1096974158653846 0.9837897115384616 0.1096974158653846 0.9951497548076923 0.08686756971153847 0.9946558389423077 0.05613508173076923 0.9862592860576923 0.04032980288461538 0.9714418365384615 0.04735437259615384 0.9610696225961538 0.05789122355769231 0.9650209423076923 0.07896493028846155 0.9704540072115384 0.1096974158653846
7 0.11237438461538461 0.09915035336538461 0.13805796394230768 0.1009064951923077 0.14447885817307693 0.07895471875 0.11435004567307692 0.05173451682692308 0.08965429567307694 0.029782740384615387 0.07928208173076924 0.03944152163461538 0.07384901682692308 0.06490558173076923 0.08718472115384615 0.08861350240384615 0.11237438461538461 0.09915035336538461
6 0.1490734158653846 0.3037511201923077 0.15845780048076924 0.3239467548076923 0.1742630793269231 0.32658096634615386 0.18611703846153846 0.2993607644230769 0.1955014230769231 0.27301863221153844 0.2019223173076923 0.24404228846153847 0.21180061538461536 0.22472472596153845 0.20784929567307692 0.21067558653846152 0.19105618750000003 0.19838259375 0.18710486778846153 0.21770015625 0.17821439903846154 0.23174929326923077 0.17031175961538464 0.25545721153846157 0.15697605528846154 0.27653091586538464 0.1490734158653846 0.3037511201923077
6 0.02707641826923077 0.05789122355769231 0.030533822115384617 0.07018421875 0.01719812019230769 0.09301406730769231 0.02213726923076923 0.09916056490384614 0.03448514423076923 0.08511142788461538 0.04831476201923077 0.06667193509615385 0.055723485576923075 0.05789122355769231 0.06609570192307693 0.04911051442307693 0.06658961538461539 0.033305235576923074 0.062144382211538465 0.006963103365384615 0.055723485576923075 0.0016946778846153845 0.04633910336538461 0.0060850336538461535 0.04041212259615385 0.02452452403846154 0.03300339903846154 0.04384208653846154 0.02707641826923077 0.05789122355769231
7 0.13425596634615383 0.12374655288461539 0.12388375240384615 0.14657640144230769 0.11696894230769231 0.16325974999999998 0.12338983653846153 0.18082117307692308 0.1377133701923077 0.1931141658653846 0.1545064807692308 0.2001387355769231 0.16932393028846154 0.19047995432692308 0.17080567307692307 0.1755527451923077 0.17080567307692307 0.15623518269230768 0.16784218509615384 0.14042990384615386 0.14808558653846154 0.1298930504807692 0.13425596634615383 0.12374655288461539
6 0.16043345913461537 0.1641378221153846 0.14413426682692307 0.16150360817307693 0.14660384134615384 0.16852817788461538 0.1490734158653846 0.18257731490384616 0.16191520432692308 0.1781869591346154 0.16043345913461537 0.1641378221153846
7 0.10313932451923077 0.2493107139423077 0.11301762259615386 0.22999315144230767 0.11202979326923077 0.21155365865384615 0.09227319471153847 0.1931141658653846 0.08338272596153845 0.19223609615384613 0.07251659615384615 0.21330980048076925 0.08535838461538461 0.22121243990384618 0.09276710817307691 0.23350543509615385 0.10313932451923077 0.2493107139423077
7 0.056711317307692306 0.30462918990384613 0.06807136057692308 0.29497040865384616 0.06066263701923077 0.28267741346153846 0.062144382211538465 0.2668721346153846 0.05078433653846153 0.2668721346153846 0.044363442307692305 0.28355548557692306 0.040906038461538466 0.2932142668269231 0.044363442307692305 0.3107756875 0.056711317307692306 0.30462918990384613
6 0.18809269711538462 0.07018421875 0.18414137740384615 0.0833552860576923 0.19204401682692307 0.09916056490384614 0.20093448798076924 0.11233162980769232 0.20636755288461536 0.0947702091346154 0.18809269711538462 0.07018421875
6 0.14314643509615385 0.05350087019230769 0.13870120192307692 0.030671021634615384 0.12487158173076923 0.035061377403846156 0.12289592307692308 0.06842807692307692 0.12832898798076922 0.057013153846153845 0.1377133701923077 0.06579386538461539 0.14314643509615385 0.05350087019230769
6 0.3344638245192308 0.07366607692307693 0.33318883413461536 0.06308838461538462 0.326388889423077 0.06308838461538462 0.3183139543269231 0.06951055528846153 0.32298891586538464 0.08159934615384616 0.3293638653846154 0.08462154567307692 0.3344638245192308 0.07366607692307693
6 0.07819087499999999 0.16357646874999998 0.08095335336538462 0.16622089182692307 0.08881578846153845 0.1722652884615385 0.09625323076923077 0.16735421634615386 0.0932782548076923 0.15224322596153847 0.08775329807692309 0.13977665865384614 0.07840337259615385 0.13524336298076925 0.07457840384615386 0.13977665865384614 0.07436590625 0.14582105528846154 0.07946586538461539 0.14997657692307692 0.07819087499999999 0.16357646874999998
6 0.14087787259615386 0.09104371634615385 0.1423653605769231 0.0978436610576923 0.14002787980769232 0.10426583173076923 0.13811539423076924 0.11711017307692308 0.13854039182692307 0.12579899278846154 0.14661532692307694 0.12806564182692307 0.15001530048076922 0.12466566826923077 0.14980280048076924 0.11597685096153845 0.15107779086538461 0.10539915625 0.1517152860576923 0.1012436346153846 0.15086529326923076 0.08839929326923078 0.15639025 0.07857714903846154 0.1551152596153846 0.07555495192307692 0.15129028846153847 0.07253275240384616 0.14619032932692308 0.06044396153846154 0.14002787980769232 0.06119950961538461 0.14002787980769232 0.07404385336538462 0.14279035817307692 0.08159934615384616 0.14087787259615386 0.09104371634615385
6 0.006366449519230769 0.14657660576923076 0.001691485576923077 0.1529987764423077 0.0006289951923076924 0.1650875673076923 0.00041649759615384617 0.17528748557692309 0.0008414927884615385 0.19304290144230768 0.0006289951923076924 0.2096649903846154 0.009553923076923078 0.21306496153846155 0.005516456730769231 0.2168427091346154 0.002541480769230769 0.22099823076923078 0.007003944711538462 0.22590930288461536 0.014441384615384615 0.2311981514423077 0.018691350961538462 0.23799809615384618 0.017628858173076925 0.2478202403846154 0.02294131730769231 0.24895356490384615 0.02506630048076923 0.2383758701923077 0.02591629326923077 0.23308702403846154 0.03229124278846154 0.21797603365384616 0.02825377403846154 0.20097617067307694 0.025278798076923077 0.18586518028846152 0.028678771634615387 0.1745319375 0.025278798076923077 0.16886531490384618 0.019753841346153846 0.15942094711538463 0.006366449519230769 0.14657660576923076
10 0.9481589134615385 0.4147966826923077 0.9545338629807693 0.4113967091346154 0.9581463341346154 0.4083745096153846 0.9572963413461538 0.39628571875 0.95708384375 0.38457470192307697 0.9490089086538462 0.3841969254807692 0.9424214615384615 0.3875968990384615 0.9436964495192307 0.39439684375 0.9447589423076923 0.4042189879807693 0.9481589134615385 0.4147966826923077
4 0.3882258942307692 0.3789080793269231 0.3924758605769231 0.38306360096153846 0.3950258389423077 0.37550810576923077 0.38992587980769233 0.3573749182692308 0.3780259759615384 0.347175 0.3761134903846154 0.3577526947115385 0.3829134375 0.3732414591346154 0.3846134230769231 0.3834413774038462 0.3882258942307692 0.3789080793269231
5 0.43221304326923077 0.4404853653846154 0.43476302163461533 0.4287743485576923 0.4292380673076923 0.4234855 0.4230756153846154 0.42235217788461543 0.42286311778846153 0.4261299254807692 0.42583809375000004 0.44388533894230775 0.43221304326923077 0.4404853653846154
6 0.43136304807692305 0.42499660096153846 0.4385879903846154 0.42688547355769235 0.4392254855769231 0.4193299783653846 0.4409254735576923 0.4011967908653846 0.4341255264423077 0.3996856923076923 0.42945056490384614 0.40346343990384614 0.4279630769230769 0.4087522860576923 0.4260505913461538 0.41857443028846153 0.43136304807692305 0.42499660096153846
6 0.43816299519230767 0.42650769951923073 0.4368880048076923 0.4367076177884615 0.4300880600961538 0.4450186610576923 0.4307255552884615 0.45068528365384614 0.43051305528846157 0.4593741033653846 0.4349755192307692 0.4612629759615385 0.4411379711538462 0.4578630048076923 0.4411379711538462 0.45295193269230766 0.44645042788461536 0.44124091346153843 0.4509128918269231 0.4431297884615385 0.45346287259615387 0.4431297884615385 0.4555878557692308 0.4359520673076923 0.4498504014423077 0.4291521225961539 0.45133788942307695 0.4242410504807692 0.44857541105769233 0.41253003365384616 0.4439004495192308 0.39628571875 0.4396504831730769 0.38079695432692307 0.4341255264423077 0.38608580048076924 0.4300880600961538 0.4019523389423077 0.4341255264423077 0.3993079158653846 0.4411379711538462 0.4011967908653846 0.44050047596153846 0.4083745096153846 0.43816299519230767 0.42650769951923073
6 0.4107507139423077 0.5421067740384615 0.4096882235576923 0.5156625408653845 0.4079882355769231 0.48619611057692314 0.40586325240384613 0.4646629495192308 0.39353835096153844 0.46919624759615386 0.39438834375 0.4820405889423077 0.39651332692307695 0.5209513870192308 0.3971508221153846 0.5462622956730769 0.4107507139423077 0.5421067740384615
6 0.375051 0.5043292980769231 0.3742010072115385 0.5156625408653845 0.3780259759615384 0.5201958389423077 0.38440092548076926 0.5285068822115385 0.3973633221153846 0.5409734495192308 0.39651332692307695 0.5228402620192308 0.3971508221153846 0.5073514975961538 0.3909883725961538 0.49337383173076926 0.3848259206730769 0.47788506490384614 0.3820634447115384 0.47448509375 0.37717598317307693 0.4858183365384615 0.37972596153846155 0.48884053365384617 0.3784509735576923 0.49224050721153845 0.375051 0.5043292980769231
7 0.3340388269230769 0.6433504086538462 0.3368013052884615 0.649772579326923 0.34253875961538466 0.6482614807692308 0.33935128605769227 0.6629946947115385 0.33850129086538466 0.6777279110576924 0.33977628125000003 0.6898167043269231 0.34742622115384614 0.6992610721153846 0.3535886706730769 0.7030388197115385 0.3610261129807692 0.6920833533653846 0.37058853605769226 0.6765945865384615 0.37271351923076923 0.6716835144230769 0.3754759951923077 0.6527947788461539 0.37781347836538465 0.6376837884615385 0.36740106009615386 0.6289949687499999 0.35465116346153847 0.6339060408653846 0.34551373557692305 0.6354171394230769 0.3340388269230769 0.6433504086538462
7 0.33573881490384616 0.575350951923077 0.32915136778846155 0.5609955120192308 0.3261763894230769 0.5492844951923077 0.322351420673077 0.5496622692307692 0.3183139543269231 0.5594844134615384 0.3212889302884615 0.5693065576923076 0.31640146874999997 0.5742176274038462 0.3113015096153846 0.5795064759615385 0.30598905288461536 0.5806397980769231 0.30110159134615383 0.5829064471153846 0.29940160576923075 0.5957507884615384 0.3023765817307692 0.6048173846153846 0.3070515432692308 0.6127506538461538 0.3110890120192308 0.6161506274038462 0.3202264375 0.6108617788461539 0.32320141346153847 0.6036840600961538 0.3259638918269231 0.5949952403846154 0.3302138581730769 0.5942396899038461 0.33276383894230765 0.5825286730769231 0.33573881490384616 0.575350951923077
4 0.3000390985576923 0.5681732331730769 0.30768903846153844 0.5700621057692308 0.3153389783653846 0.5704398798076923 0.31682646634615386 0.5640177091346155 0.3172514615384615 0.5523066923076922 0.3202264375 0.548151170673077 0.30875152884615387 0.5409734495192308 0.30386406971153845 0.5455067475961538 0.29961410336538463 0.5617510625000001 0.3000390985576923 0.5681732331730769
4 0.3351013197115385 0.6033062836538462 0.3442387451923077 0.5949952403846154 0.34806371634615385 0.5893286177884616 0.34466374278846157 0.5795064759615385 0.3412637692307693 0.5700621057692308 0.3372263028846154 0.5609955120192308 0.3351013197115385 0.5647732596153846 0.33361383173076925 0.56892878125 0.3372263028846154 0.5757287283653846 0.33382632932692313 0.5832842235576924 0.32957636298076926 0.5946174663461539 0.3351013197115385 0.6033062836538462
7 0.3431762548076923 0.6138839783653846 0.34551373557692305 0.6210616971153846 0.35061369471153847 0.619928375 0.3535886706730769 0.6127506538461538 0.3540136682692308 0.6048173846153846 0.34870121153846156 0.5991507620192308 0.3404137764423077 0.5995285360576923 0.33573881490384616 0.6021729615384616 0.3351013197115385 0.6074618076923077 0.3372263028846154 0.6127506538461538 0.3431762548076923 0.6138839783653846
6 0.30216408173076925 0.6361726875 0.30450156490384617 0.6327727163461538 0.3047140625 0.6274838701923078 0.3032265745192308 0.60897290625 0.2985516105769231 0.5927285913461539 0.29345165144230767 0.5987729879807693 0.2889891875 0.6051951586538462 0.2917516658653846 0.6218172475961539 0.2949391394230769 0.6346615889423077 0.30088909375 0.6323949399038462 0.30216408173076925 0.6361726875
6 0.24946450480769233 0.6320171658653847 0.24776451682692308 0.6380615625 0.2505269951923077 0.6463726057692308 0.25350197115384615 0.651661454326923 0.2628518966346154 0.658083625 0.2728393173076923 0.6614835961538461 0.2777267788461538 0.6599724975961538 0.2883516923076923 0.6656391201923076 0.29387664903846156 0.6675279927884615 0.29536413701923075 0.6595947235576923 0.29961410336538463 0.6535503269230769 0.2974891201923077 0.6475059302884615 0.2881391947115385 0.6463726057692308 0.29345165144230767 0.6448615072115385 0.30173908653846154 0.6429726346153846 0.29961410336538463 0.6354171394230769 0.29515163942307693 0.6373060120192308 0.29260165865384613 0.6210616971153846 0.28877668990384614 0.6051951586538462 0.28282673798076924 0.6078395817307692 0.2753892980769231 0.6048173846153846 0.26965184375 0.5949952403846154 0.2628518966346154 0.5840397716346154 0.2564769471153846 0.6036840600961538 0.25307697596153844 0.6150173028846153 0.25307697596153844 0.6169061754807692 0.25307697596153844 0.6259727692307693 0.24946450480769233 0.6320171658653847
7 0.3119390048076923 0.7415718461538462 0.30195158413461537 0.7325052500000001 0.2919641634615385 0.7291052788461538 0.2919641634615385 0.7362829975961538 0.2966391274038461 0.7544161875 0.3023765817307692 0.7683938533653846 0.31045151682692307 0.7774604471153845 0.31597647115384614 0.7721716009615385 0.3183139543269231 0.7850159423076923 0.3198014423076923 0.7793493197115384 0.3238389086538461 0.7668827548076924 0.326388889423077 0.7536606370192308 0.326388889423077 0.7317497019230769 0.31682646634615386 0.7355274495192308 0.3189514495192308 0.7400607451923077 0.3202264375 0.7529050865384614 0.3183139543269231 0.7457273677884615 0.3119390048076923 0.7415718461538462
9 0.3155514759615385 0.7408162956730769 0.31852645192307694 0.7294830528846153 0.31767645913461534 0.7185275841346154 0.3089640288461538 0.7185275841346154 0.3032265745192308 0.7245719807692308 0.3051390576923077 0.7343941249999999 0.31045151682692307 0.7393051971153847 0.3155514759615385 0.7408162956730769
4 0.9175591586538462 0.08499931971153847 0.9160716706730769 0.07555495192307692 0.9092717259615385 0.0778215985576923 0.9014092884615384 0.08613264423076925 0.8988593100961538 0.09519923798076922 0.9058717524038461 0.09104371634615385 0.9175591586538462 0.08499931971153847
5 0.18637172596153845 0.6949317740384615 0.18796084375 0.6864564783653846 0.17882341826923076 0.6822188317307692 0.17564518269230772 0.6977568725961538 0.1831934903846154 0.7083509903846154 0.18637172596153845 0.6949317740384615