7 0.8549977019230769 0.2258771923076923 0.8771850576923076 0.2214199110576923 0.892240764423077 0.20314505769230767 0.8779774639423077 0.16570389423076926 0.8621293533653845 0.14475467067307693 0.8391495913461539 0.1394059326923077 0.8280559134615384 0.12246826442307693 0.7781343605769231 0.12380544951923077 0.7583242211538461 0.13182855528846155 0.7297976201923077 0.14921195192307693 0.704440641826923 0.16347525240384617 0.7052330456730769 0.1786300096153846 0.725043185096154 0.21250534855769232 0.743268514423077 0.23211738701923076 0.7694178990384616 0.24192340625 0.7892280384615386 0.24682641586538462 0.8090381778846154 0.2428148629807692 0.83439515625 0.22899729086538462 0.8454888341346154 0.22052845432692306 0.8549977019230769 0.2258771923076923
1 0.9975219447115384 0.9219341249999999 0.9866924038461539 0.9244424375 0.974588795673077 0.9341173605769231 0.9599370625 0.948092247596154 0.9643962860576922 0.9545421971153847 0.9726776995192308 0.9559755192307692 0.96184815625 0.9749670336538461 0.9542037740384616 0.99360021875 0.9542037740384616 0.9996918365384615 0.9764998918269231 0.9996918365384615 0.9968849134615384 0.9989751754807692 0.9981589783653846 0.9807003221153846 0.9981589783653846 0.9545421971153847 0.9981589783653846 0.9359090120192307 0.9975219447115384 0.9219341249999999
8 0.9236262403846154 0.9316090480769231 0.9261743677884616 0.93626734375 0.9306335913461539 0.9387756562499999 0.9363668798076923 0.9394923173076923 0.9389150072115384 0.9348340216346155 0.9427371995192307 0.9169174975961538 0.9427371995192307 0.9079592355769232 0.9357298485576924 0.9043759326923078 0.9357298485576924 0.9154841754807692 0.9280854639423077 0.9162008365384615 0.9236262403846154 0.9316090480769231
6 0.5930066634615385 0.9326840384615385 0.5930066634615385 0.9276674110576923 0.5840882163461538 0.9158425072115384 0.5809030576923078 0.9129758629807692 0.5637031947115385 0.9187091514423076 0.5828141514423076 0.9380589951923077 0.5930066634615385 0.9326840384615385
10 0.4649632427884616 0.9215757932692308 0.4777038822115385 0.9176341586538462 0.48280013701923075 0.9097508894230769 0.4757927860576923 0.9043759326923078 0.46114105048076925 0.9033009399038462 0.45731886057692306 0.9083175673076924 0.45285963701923077 0.9129758629807692 0.4534966682692308 0.9201424711538462 0.4649632427884616 0.9215757932692308
2 0.8108715865384616 0.6478113173076923 0.7955828197115384 0.6585612307692308 0.7943087572115384 0.6668028317307692 0.7853903100961539 0.6775527451923077 0.7828421826923078 0.6847193557692308 0.7898495336538461 0.6872276682692308 0.7949457884615385 0.6840026947115384 0.8019531394230769 0.6746861033653846 0.8095975240384615 0.6711027980769231 0.8204270673076923 0.6646528485576924 0.8287084807692308 0.6542612668269231 0.8185159711538461 0.6510362908653846 0.8108715865384616 0.6478113173076923
8 0.8815821322115384 0.5309955865384615 0.8713896225961538 0.534578889423077 0.8707525889423077 0.5406705072115384 0.8828561971153845 0.5428204903846153 0.8949598028846153 0.5456871346153845 0.9013301225961539 0.5499871009615385 0.9089745048076924 0.5496287692307692 0.9159818581730769 0.5492704399038462 0.9127966971153847 0.5424621610576923 0.9032412187500001 0.5388788557692308 0.8917746442307692 0.53242890625 0.8815821322115384 0.5309955865384615
5 0.9077004423076923 0.6352697500000001 0.9070634110576923 0.6281031418269231 0.8975079302884615 0.6277448125 0.8917746442307692 0.6338364302884615 0.8994190264423078 0.6359864110576924 0.9077004423076923 0.6352697500000001
4 0.9395520384615386 0.6259531586538463 0.9535667427884615 0.6241615072115384 0.9542037740384616 0.6155615745192308 0.9382779759615385 0.6166365673076922 0.9395520384615386 0.6259531586538463
7 0.9975219447115384 0.6273864807692308 0.98924053125 0.6255948293269231 0.9790480192307692 0.6230865144230768 0.9720406682692307 0.6255948293269231 0.9548408052884615 0.6316864471153847 0.9522926778846154 0.6402863774038461 0.9669444134615385 0.64458634375 0.9707666033653847 0.64709465625 0.9764998918269231 0.64458634375 0.9873294350961538 0.6456613341346155 0.9911516274038461 0.6531862740384615 0.9994330408653845 0.6592778918269231 0.9987960096153846 0.6503196298076923 0.9981589783653846 0.6377780649038461 0.9975219447115384 0.6273864807692308
6 0.9573889326923077 0.47402104086538466 0.9503815817307693 0.4657794399038462 0.945285326923077 0.4589711610576923 0.9325446875 0.46649610096153843 0.929996560096154 0.48011265865384617 0.9491075192307693 0.4912209038461538 0.9573889326923077 0.49516253846153846 0.9675814447115385 0.49229589423076925 0.9739517644230768 0.48871259134615386 0.9573889326923077 0.47402104086538466
7 0.8076864278846153 0.7753769639423077 0.8236122259615384 0.7753769639423077 0.8363528653846154 0.7664187019230769 0.8274344182692308 0.7506521610576923 0.8108715865384616 0.7445605432692308 0.7917606298076922 0.7456355360576924 0.78730140625 0.7578187716346154 0.7936717259615385 0.7646270504807693 0.7892125000000001 0.7717936586538462 0.8076864278846153 0.7753769639423077
7 0.9784109879807693 0.9233674471153847 0.9809591153846154 0.9151258461538462 0.9815961466346154 0.9119008725961538 0.9752258269230769 0.9119008725961538 0.9605740937499999 0.9172758293269231 0.9446482956730768 0.9215757932692308 0.9503815817307693 0.9298173942307693 0.9624851899038462 0.9373423341346154 0.9714036370192307 0.9301757259615384 0.9784109879807693 0.9233674471153847
6 0.9828702115384615 0.8083433677884616 0.9707666033653847 0.8033267403846154 0.9522926778846154 0.8087016971153846 0.9491075192307693 0.8155099759615384 0.9567519014423076 0.8198099423076923 0.9701295721153845 0.8237515769230769 0.9847813076923077 0.8162266370192307 0.9828702115384615 0.8083433677884616