8 0.6200482379807692 0.9896236009615385 0.6230768389423077 0.9832738629807692 0.6222508557692308 0.9759948966346154 0.6252794567307693 0.9696451586538462 0.620598891826923 0.9645343942307693 0.6200482379807692 0.9592687572115385 0.6153676730769231 0.9580297860576923 0.6123390721153846 0.9628308052884615 0.6090351418269231 0.9656184951923077 0.6076585048076922 0.9711938750000001 0.6043545769230769 0.9749107932692307 0.6051805600961538 0.9849774495192307 0.6115130889423077 0.9914820600961539 0.6156429999999999 0.9989158990384616 0.6200482379807692 0.9982964110576924 0.62087421875 0.9947343653846155 0.6200482379807692 0.9896236009615385
6 0.020660564903846153 0.96685746875 0.02396449278846154 0.9746010504807692 0.009096817307692307 0.9824995048076922 0.02479047596153846 0.986216423076923 0.0022136322115384613 0.9987610264423077 0.04323740865384615 0.9989158990384616 0.049294610576923074 0.9890041129807692 0.061684343749999995 0.9713487451923076 0.05259853846153846 0.9518349182692307 0.020660564903846153 0.96685746875
6 0.09444829807692308 0.879664733173077 0.1079393389423077 0.8644873124999999 0.07710267548076924 0.8493098918269231 0.06939350961538461 0.8485355336538463 0.07792865624999999 0.8428052836538461 0.07765332932692307 0.8376945192307693 0.050395920673076924 0.8482257908653845 0.021761875 0.8542657836538462 0.0016629783653846154 0.8595314206730769 0.009922798076923077 0.8714565360576922 0.01157476201923077 0.8787355048076922 0.007169524038461538 0.8967006153846153 0.025341129807692306 0.8997980480769231 0.03800618990384615 0.9016565072115384 0.03029702403846154 0.9061477836538461 0.03470226201923077 0.9101744471153845 0.05149723076923077 0.9039795817307692 0.06581425240384615 0.8922093365384616 0.08068193028846153 0.8770319158653846 0.09444829807692308 0.879664733173077
7 0.42429048076923076 0.9219446923076924 0.41768262500000003 0.9261262259615385 0.4220878629807692 0.9368123701923078 0.46421294951923076 0.92364828125 0.4474179807692308 0.9080062451923077 0.4207112259615385 0.910019576923077 0.4091474759615385 0.9157498269230769 0.42263851682692305 0.9168339278846154 0.42429048076923076 0.9219446923076924
8 0.27038248557692307 0.8287119639423076 0.27588903124999997 0.830725295673077 0.2838735264423077 0.8259242740384616 0.2877281081730769 0.8186453076923077 0.2654265913461539 0.8116760817307692 0.2541381706730769 0.8056360889423076 0.24174843990384615 0.8048617307692307 0.23514058173076924 0.8039325 0.23183665384615385 0.8073396778846154 0.23789385576923075 0.8116760817307692 0.24340040384615386 0.8170965913461538 0.2516602235576923 0.819109920673077 0.2632239735576923 0.8240658149038461 0.27038248557692307 0.8287119639423076
8 0.8407750673076924 0.8432845072115385 0.8426140480769231 0.8406984447115384 0.8403153245192307 0.8399226249999999 0.8398555793269231 0.8376813701923077 0.8347983870192308 0.8357849230769231 0.8243775048076922 0.8306127932692308 0.8138033774038462 0.8301817836538461 0.8095124254807692 0.8336298677884616 0.8150293629807692 0.8383709855769231 0.8188605697115385 0.8403536346153846 0.8265229807692307 0.84268109375 0.8335724014423077 0.8450085504807692 0.8387828413461539 0.842594891826923 0.8407750673076924 0.8432845072115385
7 0.5945051298076923 0.8625075865384615 0.5966506057692308 0.8689727451923077 0.5902141802884615 0.8727656394230769 0.5905206754807693 0.88095484375 0.5886816971153845 0.8977642620192309 0.596190860576923 0.9008675384615384 0.6067649903846154 0.8950919951923078 0.615346891826923 0.8837133125 0.6161131346153846 0.8771619495192307 0.6004818125 0.8637144158653847 0.5945051298076923 0.8625075865384615
4 0.8516556947115385 0.8044935456730768 0.8513491971153846 0.8086312475961539 0.8498167139423077 0.8134585673076924 0.8564063894230769 0.8152688125 0.867133766826923 0.8148378028846154 0.8642220504807692 0.8111311105769231 0.8634558100961538 0.8072520144230769 0.8610038365384616 0.7910460120192307 0.850736204326923 0.7939768846153845 0.850736204326923 0.796218139423077 0.8516556947115385 0.8044935456730768
9 0.9025341129807691 0.8048383533653846 0.9005418870192308 0.7986318004807693 0.8905807499999999 0.7960457355769232 0.8842975721153846 0.7972525649038461 0.8798533725961538 0.8017350769230769 0.8798533725961538 0.8060451826923077 0.8861365504807692 0.8093208653846153 0.8957911899038462 0.8095794711538461 0.9025341129807691 0.8048383533653846
8 0.9023808653846154 0.7995800240384615 0.9023808653846154 0.8053555673076923 0.9095835336538461 0.8075968221153846 0.916479704326923 0.7936320745192307 0.9114225120192307 0.7913908197115384 0.9060588221153847 0.7960457355769232 0.9023808653846154 0.7995800240384615
7 0.9083575456730769 0.7847532548076923 0.8996223966346153 0.7794087211538462 0.8944119567307692 0.7790639134615385 0.8847573173076922 0.7738917860576924 0.8770949038461539 0.7807879567307693 0.8801598677884616 0.7815637764423078 0.8819988485576923 0.7844946490384616 0.8869027908653847 0.7861324903846154 0.886443045673077 0.7895805745192307 0.8895080120192307 0.7944940961538461 0.8934924663461538 0.796218139423077 0.9017678725961538 0.7983731923076923 0.9062120721153846 0.7958733317307692 0.9117290072115385 0.7908736057692308 0.9083575456730769 0.7847532548076923
8 0.8188605697115385 0.7789777115384615 0.8246840024038461 0.7779432860576924 0.8378633509615384 0.7725987524038461 0.8378633509615384 0.7709609134615385 0.8308139326923077 0.7657025817307692 0.8180943269230769 0.7725125504807693 0.8099721706730769 0.7778570841346154 0.8055279711538461 0.7800983389423077 0.8043019855769231 0.7813913725961539 0.8061409639423077 0.7822533918269231 0.8115046538461539 0.7813913725961539 0.8145696177884615 0.7808741586538462 0.8188605697115385 0.7789777115384615
8 0.8511959495192307 0.7937182764423076 0.8602375961538461 0.7920804375 0.8611570865384616 0.7869945096153846 0.8560998942307693 0.7840636370192308 0.847977735576923 0.7856152764423077 0.845372516826923 0.7857014783653846 0.845372516826923 0.7896667764423076 0.8403153245192307 0.7906150000000001 0.8450660192307692 0.7941492884615384 0.8511959495192307 0.7937182764423076
7 0.28601640384615384 0.8175962716346153 0.28862162259615387 0.8244924423076923 0.29796976682692305 0.8271647091346155 0.30149447596153844 0.8245786442307692 0.29674378125 0.8231132067307693 0.29965549759615384 0.8216477716346154 0.30762440625000004 0.8225097932692308 0.31789203846153846 0.8190617067307693 0.31973101923076924 0.8111311105769231 0.3237154735576923 0.8075106201923077 0.3201907644230769 0.8063899927884616 0.31574656490384617 0.8016488749999999 0.3136010889423077 0.7949251081730769 0.31314134374999997 0.7875979254807692 0.30624517307692306 0.7795811274038461 0.2935255673076923 0.7736331778846155 0.2795799783653846 0.7802707427884615 0.2812657067307692 0.7845808509615384 0.27421628846153845 0.7918218317307691 0.2642551514423077 0.7917356274038462 0.26241617307692305 0.7951837139423077 0.26410190384615384 0.8013040649038461 0.26869935096153846 0.8027695024038461 0.26762661298076923 0.8051831634615384 0.2746760336538462 0.808545045673077 0.27544227403846155 0.8144067908653846 0.28601640384615384 0.8175962716346153
13 0.860995079326923 0.7450657884615384 0.8665645600961539 0.7333176682692308 0.8628515745192308 0.732273391826923 0.8380209783653847 0.7446741850961539 0.836396545673077 0.7572055144230769 0.8366286081730769 0.7680398918269231 0.8670286826923077 0.772217 0.8709737307692307 0.7688230985576923 0.8663324975961538 0.7586413942307693 0.8712057932692308 0.7566833749999999 0.8777035192307692 0.7487207596153845 0.860995079326923 0.7450657884615384
7 0.7964819447115384 0.732142858173077 0.7925368966346155 0.7313596490384615 0.7809338173076923 0.7463711370192307 0.7841826778846154 0.7484596899038463 0.8008911177884616 0.7527673341346154 0.8085491514423077 0.7504177115384615 0.8159751225961538 0.7351451538461539 0.7964819447115384 0.732142858173077
13 0.748213125 0.7526368004807692 0.7421795216346154 0.7544642860576923 0.7414833389423077 0.7585108605769231 0.7507658028846154 0.7586413942307693 0.7584238365384616 0.7553780288461538 0.748213125 0.7526368004807692
2 0.6416968341346153 0.7617742259615384 0.6354311706730769 0.7645154543269231 0.6291655072115384 0.7662124062500001 0.6280051971153846 0.7774383870192308 0.634502923076923 0.778743733173077 0.6451777596153847 0.7803101514423076 0.6486586826923078 0.7780910600961538 0.6465701298076922 0.7698673774038463 0.6416968341346153 0.7617742259615384
8 0.8876821682692307 0.7244413125 0.8860577379807691 0.7219611538461539 0.8865218605769231 0.7205252716346154 0.8821126899038462 0.7185672524038461 0.8807203197115385 0.7192199254807693 0.8737584711538461 0.7197420625 0.8730622860576923 0.7240497067307692 0.8716699158653847 0.7277046778846153 0.8665645600961539 0.7271825384615384 0.8630836346153846 0.7296626995192308 0.8619233269230769 0.7309680456730769 0.8654042524038462 0.7329260649038462 0.8665645600961539 0.7364505024038461 0.8672607451923077 0.7397138677884616 0.8719019783653846 0.7395833341346154 0.8767752716346154 0.7351451538461539 0.8816485649038461 0.7301848365384616 0.8860577379807691 0.7287489567307692 0.8876821682692307 0.7244413125
6 0.9897892884615385 0.7737834158653847 0.9979114447115385 0.7608604855769231 0.9990717524038462 0.7465016706730769 0.9923419663461538 0.7437604423076922 0.9851480552884616 0.7615131586538462 0.9816671298076923 0.7679093557692307 0.9897892884615385 0.7737834158653847
0 0.9134068004807693 0.7849246298076923 0.9214318822115384 0.7758236057692307 0.9125007451923076 0.7673778557692308 0.9046051009615385 0.7745858677884615 0.9134068004807693 0.7849246298076923
0 0.9070643990384616 0.7718191562500001 0.9078410216346153 0.7740034014423076 0.9214318822115384 0.7748771009615385 0.9189725817307692 0.7671594326923077 0.9058994687499999 0.7662129254807692 0.9070643990384616 0.7718191562500001
0 0.9269976634615384 0.7870360673076923 0.9247972379807692 0.7718919639423076 0.9218201923076923 0.7717463485576924 0.9066760889423077 0.7719647716346153 0.9123713076923077 0.787108875 0.9269976634615384 0.7870360673076923
0 0.9175487788461538 0.7898027764423077 0.9286803413461538 0.7750227163461538 0.9055111586538461 0.7607523125 0.9013691826923077 0.7774981947115385 0.9175487788461538 0.7898027764423077
0 0.9011103076923077 0.7619900504807693 0.8955445264423076 0.7723288125000001 0.9000748149038462 0.7772797692307692 0.9049934110576923 0.7625725168269231 0.9011103076923077 0.7619900504807693
9 0.8744507211538461 0.7556899831730769 0.8656402451923076 0.758555110576923 0.8715597836538461 0.7692412524038462 0.8788559591346154 0.7708674062499999 0.8864274615384615 0.7673827932692308 0.883674189903846 0.7573161370192308 0.8744507211538461 0.7556899831730769
7 0.3326788173076923 0.745752764423077 0.33007024278846153 0.7497545576923077 0.32556451923076923 0.7570911778846153 0.3262759495192308 0.7597590384615385 0.32129593990384614 0.7617599350961538 0.31773879086538465 0.7665620865384616 0.33599882451923074 0.7764331754807692 0.3611360120192308 0.75602403125 0.36493030288461537 0.74588615625 0.34097883173076926 0.7330804206730769 0.33576168028846154 0.7350813173076923 0.3345759639423077 0.7405504326923077 0.3326788173076923 0.745752764423077
11 0.4315675649038461 0.7665620865384616 0.4427132980769231 0.7568243918269231 0.4211332596153846 0.7485540192307693 0.3891189182692308 0.7693633413461539 0.3888817740384616 0.7720312043269231 0.3910160649038461 0.7728315625 0.4012132259615384 0.7738987067307692 0.4156789639423077 0.7714976298076923 0.4315675649038461 0.7665620865384616
0 0.8278102668269232 0.6504934206730769 0.8099415216346154 0.6461531442307693 0.8087231971153847 0.6685398389423077 0.8095354134615385 0.6747076033653846 0.8468973365384616 0.6763066514423077 0.8538011706730769 0.6578033629807692 0.8529889543269231 0.6292489038461538 0.8351202067307693 0.626736110576923 0.8310591298076923 0.6342744879807692 0.8278102668269232 0.6504934206730769
0 0.8083170889423077 0.607547514423077 0.8099415216346154 0.6182839903846153 0.8131903822115384 0.6219389615384615 0.8107537355769231 0.6237664471153846 0.8079109807692307 0.6237664471153846 0.8038499014423077 0.6271929831730769 0.7997888245192308 0.6299342115384616 0.7973521778846154 0.6404422524038461 0.8257797259615385 0.6502649855769231 0.8290285889423077 0.6338176177884616 0.8452729038461538 0.6098318701923077 0.848927875 0.6070906442307693 0.8217186490384615 0.5965826033653846 0.8083170889423077 0.607547514423077
2 0.8588110985576923 0.7248524350961538 0.8621510504807692 0.7243400552884616 0.8378604879807692 0.67685959375 0.8333060072115385 0.6770303870192307 0.8588110985576923 0.7248524350961538
2 0.8002101129807693 0.64287178125 0.7996028485576924 0.71221375 0.7974774254807693 0.7357831874999999 0.8029428028846154 0.7362955673076923 0.8059791225961538 0.6442381274038461 0.8002101129807693 0.64287178125
2 0.7665069567307692 0.7096518557692307 0.7719723341346154 0.711530579326923 0.8044609615384615 0.6529485697115385 0.8005137451923077 0.6497035024038461 0.7665069567307692 0.7096518557692307
2 0.8044609615384615 0.6558520528846153 0.7989955841346154 0.661659014423077 0.794744735576923 0.7118721658653846 0.7980846899038462 0.711530579326923 0.8044609615384615 0.6558520528846153
2 0.6833117764423077 0.6801046610576923 0.6796681899038461 0.6778843533653846 0.6726846538461538 0.6742976995192307 0.6468759302884616 0.6727605625 0.6386778653846155 0.6758348365384615 0.6389814975961539 0.6830081442307693 0.6423214495192308 0.6869363822115384 0.6441432403846155 0.6898398653846154 0.6520376754807693 0.6900106586538463 0.6672192764423077 0.6900106586538463 0.6778463990384616 0.6865947980769231 0.6833117764423077 0.6801046610576923
8 0.64635940625 0.6719978822115386 0.6435586634615384 0.6663263774038461 0.6258206177884615 0.66832190625 0.6131239134615385 0.6701073798076924 0.6082692908653846 0.6725230216346154 0.6043482475961539 0.6739934134615384 0.6052818293269231 0.6768291658653846 0.6092028701923077 0.6765140817307693 0.6118168990384615 0.6767241370192308 0.6149910745192307 0.6768291658653846 0.6280612139423076 0.6757788870192307 0.6426250817307693 0.6739934134615384 0.64635940625 0.6719978822115386
10 0.5931452716346154 0.6819755336538461 0.5974397475961538 0.6825006730769231 0.6103231682692308 0.6794548629807693 0.6133106298076924 0.6759889423076924 0.6093895865384615 0.6713677163461539 0.6026678028846153 0.6704224639423076 0.6009873557692308 0.6719978822115386 0.593705420673077 0.6748336346153846 0.5894109471153846 0.6777744158653847 0.5899710961538461 0.6802950865384615 0.5931452716346154 0.6819755336538461
7 0.6672716274038462 0.6570839206730769 0.6627904375 0.6541431394230769 0.6545749206730769 0.6478414663461538 0.6379571754807691 0.6426951009615384 0.6342228485576923 0.6504671634615384 0.6265674831730769 0.6539330841346154 0.6170449543269231 0.6551934182692307 0.6161113725961538 0.6579241442307692 0.6177918197115384 0.6638057067307692 0.6207792788461538 0.6686369903846153 0.6310486730769231 0.6675867115384615 0.6428117980769231 0.6655911802884616 0.6517741778846153 0.6640157620192307 0.6616701394230768 0.6619152043269231 0.6672716274038462 0.6570839206730769
4 0.7169381514423077 0.6892224567307692 0.7148842740384616 0.6801900576923077 0.7111499471153846 0.6775643605769232 0.703868014423077 0.6790347524038461 0.7021875673076923 0.6816604495192308 0.6965860793269231 0.6847062572115384 0.6984532427884615 0.6879621225961539 0.6999469735576922 0.6896425697115384 0.7048015961538462 0.6912179879807692 0.7107765144230769 0.690797875 0.7169381514423077 0.6892224567307692
7 0.8984263557692308 0.698149829326923 0.8805015937499999 0.6843911754807692 0.8754602548076923 0.6861766490384615 0.8765805528846153 0.6942637956730769 0.8726595120192309 0.7069721706730768 0.8758336875 0.7133788725961538 0.8836757716346154 0.714324125 0.8847960697115386 0.7099129519230769 0.8885303942307693 0.7112783149038461 0.8855429326923077 0.7178950721153845 0.8883436778846154 0.7220961899038462 0.8887171105769232 0.7295531682692308 0.8995466538461538 0.7172649062500001 0.9062684375000001 0.7072872548076923 0.8984263557692308 0.698149829326923
13 0.8872233798076923 0.6742034687499999 0.8831156225961538 0.6836559783653846 0.8851694999999999 0.6872269278846154 0.9002935168269232 0.6980448004807692 0.9174714134615385 0.6974146322115384 0.9114964927884616 0.6905878197115385 0.9012270985576923 0.6879621225961539 0.8993599375 0.6790347524038461 0.8959990432692307 0.6739934134615384 0.8872233798076923 0.6742034687499999
7 0.9518272043269231 0.7183151850961539 0.9443585552884616 0.7158995432692308 0.9497733269230769 0.7108582043269231 0.9439851225961539 0.7069721706730768 0.9221393197115385 0.7057118365384615 0.9217658870192308 0.7105431201923077 0.9137370889423077 0.7163196538461538 0.9193385769230769 0.7201006586538461 0.9277408076923077 0.7215710504807693 0.9357696081730769 0.7219911610576923 0.9426781081730768 0.7218861322115384 0.9518272043269231 0.7183151850961539
6 0.9025341129807691 0.6870168725961538 0.9124300745192309 0.6901677091346153 0.916724548076923 0.6925833509615384 0.9208323052884615 0.690272735576923 0.9329688629807692 0.6738883846153846 0.9107496274038461 0.6622302884615384 0.9008536658653846 0.6676917379807693 0.9006669495192308 0.6745185528846154 0.9010403822115385 0.6818705048076924 0.9025341129807691 0.6870168725961538
0 0.9548146658653847 0.6797699471153845 0.9484663125 0.6890124014423077 0.9550013822115384 0.6955241322115384 0.9600427211538461 0.6976246899038461 0.9678848028846154 0.685441454326923 0.9891704567307692 0.67714425 0.9886103076923077 0.6655911802884616 0.9798346442307693 0.6630705120192307 0.9619098822115385 0.6714727427884615 0.9548146658653847 0.6797699471153845
8 0.8552948990384616 0.7301833365384615 0.8549214663461538 0.7203107139423076 0.8470793846153846 0.7211509374999999 0.8455856538461538 0.7261922764423077 0.844278639423077 0.7324939495192309 0.846519235576923 0.7339643413461538 0.8483863990384616 0.7374302620192308 0.8523074399038462 0.7365900384615384 0.8552948990384616 0.7301833365384615
6 0.9413710937499999 0.726507360576923 0.9436116899038461 0.7280827788461538 0.9432382572115384 0.7315486995192307 0.9639637620192307 0.7344894807692307 0.9641504783653846 0.7249319423076923 0.9275540913461539 0.7217811057692308 0.9256869302884615 0.7233565240384615 0.9344625937500001 0.7268224447115385 0.9413710937499999 0.726507360576923
6 0.8896506923076923 0.737325233173077 0.8864765144230768 0.7438369639423077 0.8946920312500001 0.7501386370192308 0.8963724759615384 0.7543397524038462 0.9081356009615384 0.7577006442307692 0.9178448461538462 0.7585408677884615 0.9154175336538461 0.7498235528846154 0.900480233173077 0.7398459038461538 0.8969326249999999 0.734384451923077 0.8896506923076923 0.737325233173077
6 0.9335290120192308 0.7361699278846154 0.9335290120192308 0.7288179735576924 0.9243799158653846 0.7223062451923077 0.8999200865384616 0.7188403245192307 0.8954388942307693 0.7245118293269232 0.8991732211538461 0.7329140625 0.900480233173077 0.735329704326923 0.9144839543269231 0.7482481346153846 0.9372633365384615 0.7425766274038461 0.9292345384615385 0.7398459038461538 0.9335290120192308 0.7361699278846154
1 0.3137278485576923 0.7168525745192308 0.30971690865384616 0.7224929615384615 0.2976840817307692 0.7220417307692307 0.2740195264423077 0.7242978846153847 0.2651954543269231 0.7021875673076923 0.27281624278846156 0.6983521033653847 0.27803046634615386 0.6927117187499999 0.2696074903846154 0.6843639447115385 0.27762937259615383 0.6674427836538462 0.18377333413461538 0.67488809375 0.14526829086538462 0.7380604278846155 0.23391010576923074 0.7522742043269232 0.24193199038461538 0.7669392091346154 0.3109201899038462 0.7574633605769231 0.3217497331730769 0.7197855745192308 0.3137278485576923 0.7168525745192308
8 0.28845891586538464 0.6146487620192308 0.2832446923076923 0.6076546826923077 0.2816403149038461 0.6015630649038461 0.27241514903846153 0.6024655264423078 0.27281624278846156 0.605624141826923 0.26359107692307693 0.6135206850961539 0.2672009230769231 0.6238989975961539 0.2639921706730769 0.6354053870192308 0.2599812283653846 0.6437531586538461 0.2672009230769231 0.6466861610576923 0.2800359375 0.6466861610576923 0.28605235096153847 0.6426250817307693 0.2852501634615385 0.629765 0.28645344471153844 0.6232221490384616 0.28845891586538464 0.6146487620192308
6 0.4188145264423077 0.612392608173077 0.40477623076923075 0.6288625360576923 0.4472922139423077 0.6322467692307693 0.47416552403846157 0.6324723846153847 0.510264 0.6250270745192308 0.5130716586538462 0.6225453028846153 0.4188145264423077 0.612392608173077
6 0.4791253942307692 0.6028562259615384 0.4899549375 0.5976560649038462 0.4912756153846154 0.5945359663461539 0.4815026129807692 0.5894843822115384 0.47727644951923076 0.5914158701923077 0.4743709615384616 0.5972103365384616 0.46618277163461536 0.6007761610576924 0.46618277163461536 0.6046391394230769 0.46486209375 0.6080563870192308 0.46908825721153846 0.6087992668269231 0.47357855769230767 0.6070163557692307 0.4791253942307692 0.6028562259615384
7 0.5824022572115385 0.6432689110576923 0.571308579326923 0.6414859975961539 0.5686672259615384 0.6438632139423077 0.5596866298076922 0.6452003990384616 0.5557246009615384 0.6570864831730769 0.5544039254807692 0.6664467740384615 0.5607431706730769 0.6735784254807692 0.5728933894230769 0.6720926634615385 0.5800250408653846 0.6615437644230769 0.581873985576923 0.6553035697115385 0.5802891754807692 0.650251985576923 0.5845153389423077 0.6496576802884615 0.5824022572115385 0.6432689110576923
7 0.5686672259615384 0.6284113052884616 0.5549321971153847 0.6298970673076922 0.5430461129807692 0.6368801418269231 0.5427819783653847 0.6435660624999999 0.5353861923076922 0.6506977139423077 0.5330089759615384 0.6550064182692308 0.5348579206730769 0.6576807884615385 0.546215735576923 0.6578293629807692 0.55308325 0.6575322115384614 0.5596866298076922 0.6509948653846155 0.5617997115384615 0.6452003990384616 0.5699879014423077 0.6419317259615384 0.5710444423076922 0.6386630528846153 0.5726292548076923 0.6342057716346154 0.5686672259615384 0.6284113052884616
4 0.1505412139423077 0.6701611754807693 0.13416483173076924 0.6581265144230769 0.1257125048076923 0.6712012067307692 0.1257125048076923 0.6795214663461538 0.12914626201923077 0.6845730528846155 0.13654204807692308 0.6884360288461538 0.13891926442307692 0.6922990072115385 0.15450324038461538 0.691704701923077 0.15608805288461539 0.6875445721153847 0.16189902644230772 0.6826415625 0.16401210817307693 0.6783328581730769 0.1505412139423077 0.6701611754807693
7 0.7413405312500001 0.6577983413461539 0.7349142091346154 0.6530790120192307 0.7238466538461539 0.6552880600961538 0.7140286610576924 0.6558905264423077 0.707959358173077 0.653781889423077 0.7042106682692307 0.6528781899038462 0.7013545264423077 0.6576979302884615 0.698676891826923 0.6614131490384616 0.6942141682692308 0.6642246634615384 0.7047461947115384 0.6687431730769231 0.704924704326923 0.6706509855769232 0.7165277860576923 0.6734625024038461 0.7272383245192308 0.6704501634615384 0.7356282451923076 0.6650279543269231 0.7413405312500001 0.6577983413461539
7 0.9896464807692307 0.6145210793269231 0.9800069975961538 0.6161276586538461 0.9787574350961539 0.6217506899038461 0.9810780504807692 0.6261687884615385 0.9787574350961539 0.6320930528846154 0.9739376923076922 0.6392222548076922 0.9705460240384615 0.6457489879807692 0.9805425240384615 0.644443641826923 0.9907175336538461 0.64414240625 0.999107454326923 0.6344025120192308 0.9992859639423077 0.6223531586538461 0.9896464807692307 0.6186379399038462 0.9896464807692307 0.6145210793269231
10 0.9078893822115385 0.6576979302884615 0.9096744711538461 0.6621160264423077 0.9235981682692308 0.6648271322115384 0.9298459831730769 0.6622164374999999 0.9294889639423077 0.6561917620192308 0.9216345697115386 0.6550872379807693 0.9127091225961539 0.6544847692307693 0.9078893822115385 0.6576979302884615
8 0.88968146875 0.6423350048076923 0.8907525216346154 0.6553884711538461 0.8937871754807692 0.6722575673076924 0.8987854254807692 0.6756715504807692 0.9011060408653846 0.6707513966346154 0.8986069158653845 0.6644254879807693 0.8973573533653846 0.6426362379807693 0.88968146875 0.6423350048076923
6 0.9375218677884616 0.6577983413461539 0.937343358173077 0.6692452283653847 0.9418060817307693 0.6750690841346153 0.9544802187499999 0.6670361802884616 0.9673328629807691 0.66281890625 0.9667973341346153 0.6451465192307692 0.9639411923076923 0.6428370600961538 0.9519810913461538 0.6472551562500001 0.9409135384615385 0.6486609158653847 0.9375218677884616 0.6577983413461539
4 0.75008746875 0.6246626177884615 0.7561567740384615 0.6325951105769231 0.7504444879807692 0.6373144399038462 0.75258659375 0.6413308918269232 0.758120372596154 0.644443641826923 0.7666888028846154 0.6415317139423077 0.7706159975961538 0.6343021009615384 0.7706159975961538 0.6257671418269232 0.7682953822115385 0.6227548028846154 0.75008746875 0.6246626177884615
10 0.8655827596153846 0.6714542764423077 0.864690216346154 0.6793867692307691 0.8668323221153845 0.6812945817307692 0.8752222427884615 0.6819974615384615 0.8796849663461538 0.6809933485576922 0.8832551466346155 0.6767760745192307 0.8796849663461538 0.6708518100961538 0.8745082067307692 0.6686427596153847 0.8679033774038462 0.6695464615384614 0.8655827596153846 0.6714542764423077
9 0.8828981298076923 0.6097013365384615 0.8768288245192307 0.6155251923076922 0.8821840937500001 0.6205457548076924 0.8875393605769231 0.6208469903846154 0.8923591033653846 0.6177342403846153 0.89592928125 0.6125128533653846 0.8927161201923077 0.6097013365384615 0.8828981298076923 0.6097013365384615
6 0.9603710120192308 0.6369127956730769 0.9609065408653846 0.6392222548076922 0.9642982091346154 0.6402263677884614 0.9676898798076923 0.6377160841346154 0.9676898798076923 0.6275745456730769 0.9519810913461538 0.6190395865384615 0.9401995024038462 0.6284782475961539 0.9539446899038461 0.6316914086538462 0.9603710120192308 0.6369127956730769
7 0.8116730576923078 0.6215498677884616 0.806496298076923 0.6183367067307692 0.8038186634615384 0.6154247788461539 0.8032831370192308 0.61110709375 0.7963212884615385 0.6088980456730769 0.801498048076923 0.6046807716346154 0.7964997956730768 0.601467610576923 0.7898949663461539 0.6023713125 0.7865032956730769 0.6092996923076923 0.7818620625 0.61231203125 0.7752572307692307 0.6184371177884616 0.7779348653846154 0.6218511009615385 0.78561075 0.6232568605769231 0.7964997956730768 0.6254659086538462 0.806496298076923 0.623859326923077 0.8116730576923078 0.6215498677884616
13 0.8147077091346154 0.5632109110576923 0.8079243701923077 0.56682571875 0.8027476105769231 0.5736536850961539 0.8007840120192308 0.5833935793269232 0.8041756802884615 0.5884141442307692 0.8084598966346154 0.5893178461538462 0.8141721826923077 0.5850001610576923 0.8179208701923077 0.5772684927884616 0.8193489423076923 0.5700388798076923 0.8168498173076923 0.56682571875 0.8147077091346154 0.5632109110576923
13 0.8405915072115384 0.5745573870192308 0.8334511490384616 0.5686331201923077 0.8261322812499999 0.5661228389423077 0.8177423605769231 0.5675285961538461 0.8202414879807692 0.570842170673077 0.81863490625 0.5776701370192308 0.8139936730769232 0.5851005721153846 0.810244985576923 0.5898199014423077 0.8157787620192308 0.5912256610576923 0.8266678100961538 0.5920289495192308 0.8336296586538462 0.5889162019230769 0.8391634350961539 0.5854018052884615 0.8420195793269231 0.5803812427884615 0.8405915072115384 0.5745573870192308
13 0.8636191610576923 0.6053836514423077 0.8643331971153846 0.5973507475961538 0.8584424014423077 0.5912256610576923 0.8536226610576924 0.5940371754807692 0.8496954639423078 0.5993589735576923 0.8473748461538461 0.6050824182692307 0.8466608124999999 0.6099021586538462 0.8496954639423078 0.6129144975961538 0.8541581875 0.6130149086538462 0.8598704735576923 0.609500514423077 0.8636191610576923 0.6053836514423077
9 0.8746867163461538 0.6169309495192308 0.8655827596153846 0.6076931105769231 0.8630836346153846 0.6090988677884616 0.8555862596153846 0.6121112067307692 0.8573713485576923 0.6177342403846153 0.8639761802884615 0.621951514423077 0.867546358173077 0.6200436995192308 0.8748652259615385 0.6194412307692307 0.8746867163461538 0.6169309495192308
4 0.9112810504807692 0.6096009254807693 0.9032481490384616 0.609500514423077 0.9012845504807692 0.6147219014423076 0.8955722644230769 0.6160272475961539 0.892537610576923 0.6189391754807693 0.9016415673076923 0.6230560384615385 0.9064613100961538 0.6234576826923077 0.9134231586538462 0.6187383533653846 0.9169933389423076 0.6184371177884616 0.9121735961538462 0.6131153197115384 0.9112810504807692 0.6096009254807693
6 0.8970003365384615 0.5731516298076923 0.8870038341346155 0.5734528629807693 0.8825411105769232 0.5741557427884616 0.8805775120192307 0.5790758942307692 0.8855757620192308 0.5822890552884615 0.8932516466346154 0.5889162019230769 0.8902169951923077 0.5943384110576923 0.8859327812500001 0.5982544495192308 0.89343015625 0.6039778942307692 0.9007490240384615 0.6008651442307692 0.8978928798076923 0.5987565072115385 0.9021770961538462 0.5953425240384616 0.9077108725961539 0.5902215480769231 0.8970003365384615 0.5731516298076923
13 0.9282394014423077 0.560298985576923 0.9250262403846155 0.5627088557692308 0.9278823846153846 0.5661228389423077 0.9225271153846154 0.569336 0.9284179110576923 0.5726495721153846 0.937343358173077 0.5716454591346154 0.9426986274038461 0.5664240721153846 0.9330591442307692 0.5609014519230769 0.9282394014423077 0.560298985576923
4 0.9642982091346154 0.6052832403846155 0.96572628125 0.6064881754807693 0.96697584375 0.609500514423077 0.9721526033653846 0.6099021586538462 0.9767938365384615 0.6069902307692308 0.9751872572115385 0.6023713125 0.9689394423076922 0.6018692572115385 0.9642982091346154 0.6052832403846155
13 0.6901084615384616 0.5477475745192307 0.6804689783653846 0.5499566225961539 0.67904090625 0.5560817115384615 0.6824325769230769 0.5660224278846153 0.688323372596154 0.5719466947115385 0.694928204326923 0.5767664350961538 0.704924704326923 0.5784734278846154 0.7126005889423077 0.5746577980769231 0.7131361177884615 0.5650183149038461 0.7065312860576923 0.5544751298076923 0.6901084615384616 0.5477475745192307
7 0.7324150841346154 0.5757623221153846 0.7167062956730769 0.5752602668269231 0.7170633125 0.5790758942307692 0.7202764735576923 0.587711264423077 0.7209905096153846 0.5899203125 0.712957608173077 0.5928322403846153 0.7172418221153846 0.5943384110576923 0.7300944663461538 0.5947400552884615 0.7370563173076923 0.5897194903846154 0.7368778076923077 0.5823894663461539 0.7325935913461539 0.5774693149038461 0.7324150841346154 0.5757623221153846
8 0.7065312860576923 0.5867071514423077 0.7099229543269231 0.5921293629807692 0.71581375 0.5919285384615385 0.7208120024038462 0.5895186682692308 0.7136716442307692 0.5760635552884615 0.7106369903846154 0.5769672572115385 0.7047461947115384 0.5787746610576924 0.7065312860576923 0.5867071514423077
6 0.6958207475961539 0.6156256033653846 0.6993909278846153 0.6237589158653846 0.7142071706730769 0.6185375288461539 0.7101014639423078 0.6175334158653847 0.7126005889423077 0.6148223125000001 0.7088519014423077 0.6108058605769231 0.6958207475961539 0.6156256033653846
6 0.7054602307692307 0.6333983990384616 0.6967132932692308 0.6323942860576923 0.6959992572115384 0.641632125 0.7051032139423078 0.6411300697115384 0.7054602307692307 0.6333983990384616
7 0.7811480264423077 0.5909244254807692 0.7741861778846153 0.5818874110576924 0.7690094182692307 0.5795779519230769 0.7534791394230769 0.5796783629807692 0.7541931754807693 0.5856026274038462 0.7574063365384615 0.5889162019230769 0.7549072115384615 0.5943384110576923 0.7508015048076923 0.6019696682692308 0.7508015048076923 0.6049820072115385 0.7649037115384616 0.6141194326923076 0.7716870528846154 0.6174330048076923 0.7793629375000001 0.6149227235576923 0.7872173317307692 0.6052832403846155 0.7865032956730769 0.5980536274038462 0.7811480264423077 0.5909244254807692
2 0.4064577403846154 0.5670265408653846 0.39985290865384615 0.5753606778846154 0.3961042211538462 0.5804816538461538 0.3975322932692308 0.5828915240384616 0.39110597115384615 0.5921293629807692 0.39414062259615384 0.5954429350961539 0.40360159615384616 0.5862050961538462 0.4100279182692308 0.5853013942307692 0.4209169639423077 0.572147516826923 0.4144906418269231 0.5664240721153846 0.4064577403846154 0.5670265408653846
8 0.3152396658653846 0.5784734278846154 0.31666773798076925 0.5809837091346154 0.3168462475961539 0.5826907019230769 0.3204164254807692 0.5836948149038462 0.3291633653846154 0.5832931682692307 0.3343401225961538 0.5798791850961538 0.3220230072115384 0.5592948725961538 0.3155966826923077 0.5542743076923077 0.30899185336538465 0.5518644375 0.3056001826923077 0.5544751298076923 0.3077422908653846 0.5571862355769232 0.30417211057692306 0.5603993966346154 0.3070282548076923 0.564616670673077 0.3093488701923077 0.567729420673077 0.3120265048076923 0.5719466947115385 0.3118479951923077 0.5758627331730769 0.3152396658653846 0.5784734278846154
8 0.2827510360576923 0.5431286538461538 0.2859641971153846 0.5431286538461538 0.29167648557692305 0.5448356466346154 0.2934615745192308 0.5490529206730769 0.29774578846153843 0.5499566225961539 0.30845632692307695 0.5465426394230769 0.3064927283653846 0.5401163173076923 0.2777527860576923 0.5294727211538461 0.27703875 0.5325854711538461 0.28560718028846155 0.533489170673077 0.2904269230769231 0.5380076802884616 0.28185849278846153 0.541622485576923 0.2827510360576923 0.5431286538461538
4 0.2763247139423077 0.5267616153846154 0.2408014326923077 0.52133940625 0.23848081730769233 0.5382085024038461 0.2718619903846154 0.5473459278846154 0.2763247139423077 0.5267616153846154
7 0.33148398076923075 0.5551780096153845 0.34130197355769226 0.5476471634615385 0.3366607403846154 0.5427270096153847 0.3341616153846154 0.5363006875 0.3259502019230769 0.5376060336538462 0.3263072211538462 0.5404175504807692 0.30863483413461534 0.5362002764423077 0.30470763701923076 0.5378068557692308 0.31095545192307694 0.5505590889423077 0.3141686129807692 0.5529689615384615 0.31827431730769234 0.5557804759615385 0.3248791490384615 0.5590940480769231 0.32809231009615386 0.5585919927884615 0.33148398076923075 0.5551780096153845
7 0.17741556490384613 0.5615979230769231 0.1850192860576923 0.5631532283653846 0.19918985817307694 0.5596537884615385 0.2071392043269231 0.5520716682692307 0.21439730048076924 0.5464336826923077 0.22891349759615384 0.538462735576923 0.23375222836538462 0.5244649735576923 0.22027290384615383 0.5155219615384615 0.20610233173076922 0.5085230817307692 0.18640178125 0.5003577211538461 0.16324499278846152 0.4949141466346154 0.13663196634615385 0.4908314663461538 0.11900515625 0.49705269471153846 0.11865953365384616 0.501135375 0.11243830528846153 0.5075510144230769 0.11140143509615384 0.5141610673076923 0.10483458413461538 0.5266035216346154 0.09861335817307691 0.5336024014423077 0.09584836778846154 0.5357409471153847 0.10621707932692306 0.5435174807692308 0.1179682860576923 0.5489610552884615 0.13628634134615386 0.5553766947115385 0.15495002163461538 0.5596537884615385 0.17741556490384613 0.5615979230769231
7 0.21301480528846153 0.503273920673077 0.21336043028846152 0.4966638677884615 0.2088673221153846 0.48908174759615386 0.21405167788461538 0.4813052139423077 0.20437421394230768 0.48169404086538464 0.19849861057692308 0.4789722524038461 0.19400550240384615 0.47994431971153845 0.1895123942307692 0.48266610576923075 0.18674740384615385 0.4809163870192308 0.18571053365384615 0.47916666586538464 0.1805261778846154 0.4770281201923077 0.16428186298076924 0.48461024038461537 0.15875188461538461 0.4886929206730769 0.15909750721153845 0.49433090625000004 0.16877497115384615 0.4953029735576923 0.1850192860576923 0.4980247596153846 0.19469675 0.5040515745192308 0.20921294471153845 0.5093007331730769 0.21301480528846153 0.503273920673077
2 0.3397846466346154 0.5238095240384616 0.3518518509615385 0.5244621971153847 0.35742133173076923 0.5196324134615384 0.35510071394230774 0.5144110264423077 0.3383922764423077 0.5112781947115385 0.31866703846153843 0.5097117788461538 0.30358303125 0.5082758990384615 0.29221201201923075 0.5080148293269231 0.2912837644230769 0.5107560576923077 0.2966211826923077 0.5136278197115385 0.30822426442307693 0.5159774447115384 0.3128654975961539 0.5185881370192308 0.3251647644230769 0.5210682956730769 0.3397846466346154 0.5238095240384616
2 0.3590457620192308 0.49561403605769233 0.357653391826923 0.49300334134615387 0.3483709278846154 0.48491019230769233 0.34233732451923077 0.48582393509615385 0.34233732451923077 0.4889567668269231 0.3479068052884615 0.4960056394230769 0.3465144350961538 0.5022713028846154 0.35231597596153846 0.5102339182692307 0.36275874999999996 0.5219820384615385 0.3736656466346154 0.52172096875 0.3801633701923077 0.5180659975961539 0.37645038461538466 0.5127140769230769 0.36693585817307695 0.4977025889423077 0.3590457620192308 0.49561403605769233
2 0.4221665264423077 0.48034147836538466 0.4100993221153846 0.4829521730769231 0.3885175913461539 0.4928728076923077 0.38990995913461535 0.49639724278846153 0.37645038461538466 0.5046209278846153 0.38132368028846153 0.5076232259615385 0.3943191322115384 0.5033155817307692 0.40476190384615385 0.5008354230769231 0.42680775961538464 0.48804302403846156 0.4284321923076923 0.4829521730769231 0.4221665264423077 0.48034147836538466
8 0.44792537019230766 0.4743368846153846 0.4476933076923077 0.4708124471153846 0.4437482596153846 0.46963763461538466 0.4418917668269231 0.4676796153846154 0.4302886850961538 0.46258876442307695 0.4100993221153846 0.46050020913461537 0.3980321177884615 0.45906432692307697 0.3794671875 0.4568452379807692 0.37830687740384616 0.4616750216346154 0.37018472115384615 0.4659826658653846 0.3714325745192308 0.46652747115384613 0.36786410576923073 0.4685933581730769 0.3741297692307692 0.47120405288461537 0.3810916177884615 0.4736842115384615 0.3971038701923077 0.47394527884615384 0.4131161225961538 0.47681704326923074 0.4302886850961538 0.4781223894230769 0.4416597043269231 0.4747284879807693 0.44792537019230766 0.4743368846153846
8 0.5813608100961538 0.5461309519230769 0.5709180360576923 0.5422149134615385 0.5653485576923077 0.5428675865384616 0.5625638173076923 0.5457393485576923 0.5667409254807693 0.5505691322115385 0.5750951442307692 0.5526576850961539 0.5762554543269232 0.5561821225961538 0.5841455480769231 0.5568347956730769 0.5862341033653846 0.555790516826923 0.5866982259615384 0.5504385961538462 0.5813608100961538 0.5461309519230769
8 0.6300799663461538 0.5680982572115385 0.6323316538461538 0.5621272644230769 0.6246115841346154 0.5597750552884615 0.61431815625 0.5585084831730769 0.6094931129807692 0.5626700817307693 0.6094931129807692 0.5653841706730769 0.614639826923077 0.5688220144230769 0.6233249062499999 0.5700885865384615 0.6300799663461538 0.5747930048076924 0.6300799663461538 0.5680982572115385
7 0.2736700576923077 0.4550112908653846 0.25726490865384616 0.4535637764423077 0.24761481971153848 0.4524781418269231 0.23442636538461536 0.4481356033653846 0.22574128846153846 0.44831654326923076 0.23281801923076922 0.45555410817307695 0.22670629567307693 0.46514388221153846 0.22606295673076923 0.4727433269230769 0.23281801923076922 0.4803427716346154 0.24600647115384613 0.4864947019230769 0.2591949254807692 0.4879422163461538 0.27077503125 0.4872184591346154 0.2765650841346154 0.4872184591346154 0.2897535360576923 0.48215216346153844 0.3029419903846154 0.47600023076923076 0.30712369471153844 0.4714767524038462 0.2958652596153846 0.4662295168269231 0.28203346634615384 0.4584491346153846 0.2736700576923077 0.4550112908653846
8 0.34380751201923077 0.4699198100961538 0.3383603173076923 0.46904436778846154 0.3303840673076923 0.47046696153846157 0.3288277259615385 0.47156126442307694 0.3231859855769231 0.4711235432692308 0.31598790624999995 0.4724367067307692 0.3115134254807692 0.4759384735576923 0.30956799759615383 0.4773610673076923 0.3109297980769231 0.48130055769230773 0.31579336538461533 0.4814099879807693 0.3280495528846154 0.4788930913461539 0.3313567788461539 0.4769233461538462 0.33933302884615385 0.47801764903846156 0.34341842548076923 0.4751724615384615 0.3475038221153846 0.47298385576923074 0.34380751201923077 0.4699198100961538
8 0.34886562259615383 0.46904436778846154 0.35100559134615383 0.4705763918269231 0.35470190144230773 0.4694820889423077 0.35684187259615385 0.46608975 0.3519783052884616 0.46346342307692306 0.3484765360576923 0.46127481971153844 0.33894394471153844 0.45733532932692306 0.33155132211538463 0.4532864086538462 0.3290222668269231 0.45613159615384613 0.3233805288461538 0.4558033052884615 0.32493687019230766 0.4584296322115385 0.32474232932692304 0.46018051682692307 0.32649321153846156 0.46204083173076926 0.3313567788461539 0.4636822836538462 0.3350530913461538 0.4656520288461538 0.34050028605769234 0.4687160769230769 0.34886562259615383 0.46904436778846154
8 0.530957576923077 0.5048280625 0.5321248341346154 0.5001225625 0.5278448942307692 0.5020923076923076 0.5171450480769231 0.5024205985576923 0.5116978509615385 0.5069072379807692 0.5196741009615384 0.5131447620192308 0.5157832475961539 0.5165371009615385 0.5183123028846154 0.5181785552884615 0.5227867860576922 0.5144579254807693 0.530957576923077 0.5048280625
2 0.49282721153846154 0.46652747115384613 0.5025543461538462 0.4753913221153846 0.5027488894230769 0.4792213822115385 0.5218140721153847 0.49486990865384617 0.5290121514423076 0.49377560576923074 0.5362102307692308 0.49049269951923075 0.5169505048076923 0.47353100721153846 0.5095578822115384 0.47232727403846153 0.49632897836538464 0.4635728533653846 0.49282721153846154 0.46652747115384613
8 0.5140323653846154 0.5281367091346154 0.515005076923077 0.5310913269230769 0.520841358173077 0.5319667692307692 0.5356266033653846 0.5316384783653846 0.5416574254807692 0.5289027211538462 0.5424355961538462 0.5262763942307692 0.5387392860576923 0.5261669639423077 0.533097548076923 0.5247443701923077 0.5278448942307692 0.5239783581730769 0.5239540408653846 0.5269329759615384 0.515005076923077 0.5264952548076923 0.5140323653846154 0.5281367091346154
8 0.5576099254807693 0.515005076923077 0.5735624278846154 0.5040620504807692 0.56364075 0.49651136298076926 0.5513845600961539 0.5073449591346153 0.54185196875 0.513582483173077 0.5350429735576923 0.5197105793269231 0.5348484326923078 0.5216803245192307 0.53387571875 0.522993485576923 0.5356266033653846 0.5246349399038461 0.5393229134615385 0.5252915216346155 0.54185196875 0.5236500673076923 0.5541081586538461 0.5201483004807692 0.5576099254807693 0.515005076923077
8 0.5519681875 0.4983716778846154 0.5455482788461539 0.4988093990384615 0.5387392860576923 0.5022017379807692 0.5352375168269231 0.5049374927884616 0.5295957788461538 0.5084392620192307 0.5274558100961538 0.5116127403846155 0.5295957788461538 0.5145673557692307 0.5336811754807692 0.51664653125 0.5358211442307692 0.5158805192307692 0.5393229134615385 0.515005076923077 0.54768825 0.5100807163461538 0.5548863293269231 0.5043903413461538 0.5558590432692307 0.5001225625 0.554302701923077 0.49848110817307695 0.5519681875 0.4983716778846154
8 0.5185068461538461 0.46302570192307696 0.5097524254807693 0.4691537980769231 0.5177286754807692 0.47462531009615383 0.5313466634615385 0.4848023245192307 0.5367938581730769 0.4838174519230769 0.5379611153846153 0.47867423076923077 0.5185068461538461 0.46302570192307696
2 0.5111142235576923 0.43785674278846154 0.5173395889423077 0.4402642091346154 0.5111142235576923 0.44748660576923077 0.5140323653846154 0.45525615384615387 0.5192850168269231 0.4587579230769231 0.5253158413461538 0.46860664663461543 0.5319302908653847 0.46641804086538463 0.5272612668269231 0.4551467235576923 0.5297903221153846 0.4503317932692308 0.52220315625 0.4382944639423077 0.5183123028846154 0.4354492764423077 0.5111142235576923 0.43785674278846154
9 0.15685198798076924 0.44365654567307694 0.15101570673076922 0.45055065384615384 0.1519884206730769 0.4566787475961539 0.15685198798076924 0.4611653894230769 0.17066451923076925 0.4669651923076923 0.18544976201923077 0.4656520288461538 0.19537143990384614 0.4596333653846154 0.19595506971153845 0.4471583149038461 0.18136436778846152 0.44059250000000005 0.16794092067307692 0.4412490817307692 0.15685198798076924 0.44365654567307694
10 0.2235801298076923 0.46937265865384614 0.22027290384615383 0.46433886538461533 0.19965137980769232 0.4619314014423077 0.19342601442307691 0.46598031971153847 0.19537143990384614 0.4714518341346154 0.20120772115384614 0.4736404375 0.21696567788461538 0.47298385576923074 0.2235801298076923 0.46937265865384614
10 0.1957605264423077 0.4463923028846154 0.19731686778846153 0.45131666586538466 0.1965386971153846 0.4607276682692308 0.2097675985576923 0.45952393509615386 0.21288028125000003 0.45711646875 0.20529311778846154 0.4469394543269231 0.19945683653846155 0.4437659759615385 0.1930369278846154 0.44365654567307694 0.1957605264423077 0.4463923028846154
7 0.25451241826923077 0.4941038966346154 0.25178881971153844 0.48830409375 0.23389089182692308 0.4818477091346154 0.22338558653846155 0.4744064495192308 0.21638205048076922 0.4769233461538462 0.21151848317307692 0.47933081250000004 0.21579842307692307 0.4814099879807693 0.2103512283653846 0.48841352403846156 0.21268574038461538 0.49421332692307696 0.21404753846153846 0.4955264903846154 0.22085653365384614 0.497277375 0.22572009855769232 0.5003414230769231 0.2342799783653846 0.5002319927884615 0.23992171634615383 0.49694908413461536 0.2455634543269231 0.4964019326923077 0.25451241826923077 0.4941038966346154
2 0.6157781899038461 0.48644377884615386 0.6066346826923077 0.4762667644230769 0.5978802620192307 0.4751724615384615 0.5914603533653846 0.4790025216346154 0.5947675793269231 0.4849117548076923 0.6031329158653846 0.4925718725961538 0.6140273052884615 0.49366617548076924 0.6134436778846154 0.49749623557692313 0.6155836466346154 0.49913768990384616 0.6188908725961538 0.4978245264423077 0.6155836466346154 0.4923530144230769 0.6157781899038461 0.48644377884615386
8 0.6490449903846154 0.5029677475961538 0.6470995625 0.4985905384615385 0.6414578245192307 0.49749623557692313 0.6181127019230769 0.50340546875 0.61733453125 0.506031795673077 0.6151945625 0.5067978076923076 0.6140273052884615 0.5078921105769231 0.6161672764423076 0.5100807163461538 0.620252673076923 0.5094241346153846 0.6251162379807693 0.5098618557692307 0.6319252331730769 0.5075638197115384 0.640485110576923 0.5066883774038462 0.6455432211538461 0.5054846442307692 0.6490449903846154 0.5029677475961538
8 0.6735573677884615 0.4656520288461538 0.6657756610576923 0.4581013413461538 0.6476831899038462 0.46204083173076926 0.6455432211538461 0.4663086105769231 0.6416523677884616 0.4687160769230769 0.643597795673077 0.4721084158653846 0.6494340745192309 0.47002924038461535 0.6544921850961539 0.47134240384615383 0.6665538317307692 0.46827835576923077 0.6735573677884615 0.4656520288461538
6 0.659550295673077 0.4873192211538461 0.6698610576923076 0.5164276706730769 0.6791991057692308 0.5160993798076923 0.6692774302884616 0.4849117548076923 0.6710283149038462 0.44496970913461537 0.6611066370192307 0.4465017331730769 0.659550295673077 0.45908621394230764 0.659550295673077 0.4873192211538461
6 0.645737764423077 0.44879976923076925 0.6181127019230769 0.46466715625 0.6282289230769231 0.47867423076923077 0.6412632812500001 0.47221784615384615 0.6400960264423077 0.4681689254807692 0.6461268485576923 0.4669651923076923 0.6461268485576923 0.46258798076923074 0.6581884975961538 0.45952393509615386 0.645737764423077 0.44879976923076925
0 0.7194694423076923 0.4711235432692308 0.7017660576923077 0.46674633173076924 0.6846463028846154 0.4988093990384615 0.7025442283653847 0.5028583197115385 0.7194694423076923 0.4711235432692308
0 0.7721905120192307 0.4676217740384615 0.7673269447115385 0.4802062548076923 0.7636306346153846 0.49093042067307696 0.7663542307692308 0.4941038966346154 0.7825012740384616 0.4980433870192308 0.7932011225961539 0.5014357259615385 0.7832794447115384 0.4960736418269231 0.8079863653846153 0.4740781586538461 0.7817231033653846 0.46827835576923077 0.7721905120192307 0.4676217740384615
7 0.7661596875 0.5175219735576924 0.7708287139423077 0.5165371009615385 0.7721905120192307 0.5121598918269231 0.7684942019230768 0.508876983173077 0.7696614567307692 0.5049374927884616 0.7663542307692308 0.5016545865384615 0.7591561514423077 0.5006697139423077 0.7537089567307693 0.4988093990384615 0.7533198701923076 0.50767325 0.7525416995192308 0.5112844495192308 0.7494290168269231 0.5131447620192308 0.7535144134615385 0.5144579254807693 0.7597397788461537 0.5145673557692307 0.7661596875 0.5175219735576924
11 0.7939792932692308 0.46674633173076924 0.8003992019230769 0.46685576201923074 0.8058463966346154 0.46204083173076926 0.8035118846153846 0.4554750144230769 0.7953410913461538 0.45241096634615385 0.7869757572115385 0.4544901418269231 0.7939792932692308 0.46674633173076924
7 0.8877488677884616 0.5487095985576923 0.9015613990384614 0.5535245288461538 0.9031177403846153 0.5387514447115385 0.8965032908653847 0.5334987908653847 0.8821071298076923 0.5365628389423077 0.8762708509615386 0.5387514447115385 0.8877488677884616 0.5487095985576923
7 0.8968923750000001 0.4886323846153846 0.9042849975961539 0.4856777668269231 0.9062304254807692 0.47944024278846153 0.9021450264423077 0.4744064495192308 0.8922233509615385 0.4751724615384615 0.8854143557692308 0.4751724615384615 0.8844416418269231 0.4773610673076923 0.8840525576923077 0.4811911274038462 0.8842471009615385 0.48600605769230765 0.8891106682692308 0.4890701057692307 0.8968923750000001 0.4886323846153846
0 0.9342445721153846 0.5231029158653846 0.9231556370192308 0.5121598918269231 0.9159575576923077 0.515005076923077 0.9171248149038462 0.522118045673077 0.9217938389423076 0.5271518365384615 0.9342445721153846 0.5231029158653846
7 0.8167407884615384 0.5423626442307692 0.8122663052884616 0.5339365120192308 0.8050682259615385 0.5344836634615384 0.7949520072115385 0.5377665721153846 0.794562920673077 0.5412683413461539 0.7978701466346153 0.54925675 0.7998155745192308 0.5543999711538462 0.803317341346154 0.5552754134615385 0.8099317932692307 0.5579017403846154 0.812655391826923 0.5593243341346154 0.8204370985576923 0.5575734495192308 0.8216043557692309 0.5516642163461538 0.8136281033653846 0.5450983990384615 0.8167407884615384 0.5423626442307692
2 0.7544871274038462 0.5419249230769231 0.7527362427884616 0.5461927019230769 0.750985358173077 0.5526490865384616 0.7478726754807692 0.5564791466346154 0.7474835913461538 0.5640298341346154 0.7607124927884615 0.5604186370192308 0.7657706033653846 0.5434569447115385 0.7644088052884614 0.5374382812499999 0.7591561514423077 0.5356873966346154 0.7544871274038462 0.5419249230769231
8 0.16346643990384616 0.4220987860576923 0.16288281009615385 0.4185970168269231 0.15451747596153845 0.41093689903846153 0.1146362235576923 0.4211139134615385 0.10627088942307691 0.4268042860576923 0.10121277884615384 0.4285551706730769 0.10471454807692308 0.4332606706730769 0.11191262740384615 0.4322758004807692 0.12397427403846153 0.4326040889423077 0.14479034134615384 0.4264759951923077 0.16346643990384616 0.4220987860576923
5 0.3226023581730769 0.45974279567307696 0.31345885336538465 0.4600710865384615 0.3185169615384615 0.4707952524038461 0.3257150408653846 0.4706858221153846 0.3226023581730769 0.45974279567307696
2 0.30450988942307694 0.4480337572115385 0.30412080288461535 0.43741902163461543 0.286222875 0.4370907307692308 0.28369382211538463 0.43807560336538465 0.2864174182692308 0.4518638173076923 0.2986736081730769 0.4492374903846154 0.30450988942307694 0.4480337572115385
8 0.3762961418269231 0.43172864903846153 0.3910813846153846 0.4324946586538462 0.3998358052884615 0.4322758004807692 0.4072284278846154 0.42964947355769234 0.4074229711538461 0.4223176466346154 0.4008085192307692 0.4172838533653846 0.38602327403846154 0.41640841105769233 0.34906016346153845 0.41564239903846156 0.3383603173076923 0.41892530769230774 0.3307731514423077 0.41936302884615384 0.32766046875000004 0.4215516346153846 0.3307731514423077 0.4243968197115385 0.33719306009615385 0.42549112259615385 0.3406948293269231 0.4280080192307692 0.3461420240384615 0.430196625 0.36053818269230764 0.43030605528846155 0.3762961418269231 0.43172864903846153
2 0.5537190721153846 0.4181592956730769 0.5523572740384616 0.4239590985576923 0.5509954759615385 0.43030605528846155 0.5511900168269231 0.4350115552884616 0.5546917860576923 0.4372001610576923 0.5572208413461538 0.43982648798076923 0.5613062379807693 0.44157737259615387 0.5630571225961538 0.43807560336538465 0.5661698052884615 0.4347926947115385 0.5663643461538461 0.4184875865384615 0.5632516634615384 0.41520467788461535 0.5554699567307693 0.41443866586538464 0.5537190721153846 0.4181592956730769
7 0.6577994110576924 0.4324946586538462 0.6498231610576923 0.4366530096153846 0.6537140144230769 0.44529799999999997 0.6626629783653846 0.4465017331730769 0.670250141826923 0.44453198798076926 0.6714173990384615 0.4576636201923077 0.6865917283653846 0.4596333653846154 0.6897044110576923 0.4531769783653846 0.6856190144230769 0.4428905336538461 0.6799772764423077 0.4362152884615385 0.6684992596153846 0.4324946586538462 0.6577994110576924 0.4324946586538462
7 0.32493687019230766 0.43763788221153843 0.3274659254807692 0.4475960360576923 0.3373876033653846 0.45700703846153845 0.3531455600961539 0.46346342307692306 0.36773626201923076 0.4655425985576923 0.38077062259615385 0.4558033052884615 0.3856341899038461 0.4457357211538462 0.35061650480769235 0.43533984615384613 0.3368039759615385 0.4323852283653846 0.3303840673076923 0.4338078221153846 0.32493687019230766 0.43763788221153843
9 0.18544976201923077 0.31409111538461537 0.17222086057692307 0.31288738221153845 0.16210464182692308 0.3155137091346154 0.1578247019230769 0.32000035096153845 0.15549018990384617 0.32722274759615383 0.16035375721153844 0.33455457451923076 0.1694972620192308 0.3377280528846154 0.17669534134615386 0.33904121634615386 0.1907024158653846 0.3372903317307693 0.19809503846153845 0.3328036899038462 0.2010131778846154 0.32590958413461535 0.1957605264423077 0.31814003605769237 0.18544976201923077 0.31409111538461537
10 0.21696567788461538 0.40699740865384615 0.23000003846153844 0.4050276634615385 0.23680903365384615 0.4018541875 0.22027290384615383 0.3874093918269231 0.2103512283653846 0.3897074278846154 0.2068494591346154 0.39200546153846155 0.21696567788461538 0.40699740865384615
2 0.21395567067307694 0.4180812764423077 0.23140326923076923 0.4180812764423077 0.24463937740384617 0.4182504879807692 0.2524607139423077 0.4162199471153846 0.24313527403846152 0.41452783173076924 0.2298991658653846 0.4092822716346154 0.2055326923076923 0.41554310096153846 0.2028253076923077 0.42214235336538464 0.20643515384615385 0.42468052884615387 0.21215074759615385 0.4265418557692308 0.21967126201923076 0.4245113173076923 0.21395567067307694 0.4180812764423077
2 0.29457560336538463 0.3862694927884615 0.30119365625 0.3840697427884615 0.30420186298076923 0.3773012788461539 0.2960797043269231 0.3745938918269231 0.27171323317307694 0.3745938918269231 0.26178615384615384 0.377978125 0.2518590721153846 0.37865497115384616 0.2527615336538461 0.3815315673076923 0.2590787668269231 0.3820392019230769 0.26810338701923075 0.38390053125 0.27803046634615386 0.3862694927884615 0.29457560336538463 0.3862694927884615
2 0.4738647019230769 0.4133433509615384 0.48138521874999995 0.4133433509615384 0.4874016322115385 0.41520467788461535 0.5003369182692308 0.41706600721153847 0.5030443052884616 0.4143586201923077 0.4831901418269231 0.4026830192307692 0.46844993028846155 0.3994679975961538 0.45370972115384617 0.3925303221153846 0.4434818173076923 0.39286874519230774 0.4431809975961538 0.3977758822115385 0.4437826394230769 0.40234459615384616 0.4588236706730769 0.40674409855769234 0.4738647019230769 0.4133433509615384
2 0.44829494951923077 0.41452783173076924 0.4404736129807692 0.4003140576923077 0.4344571995192308 0.40065248076923077 0.4404736129807692 0.41672758173076924 0.44227853605769235 0.41994260336538464 0.4519047956730769 0.44227853605769235 0.4600269543269231 0.4405864206730769 0.45280725721153847 0.41841969951923075 0.44829494951923077 0.41452783173076924
2 0.5752412572115385 0.40234459615384616 0.5746396177884615 0.39591455528846153 0.5647125360576923 0.38863845673076924 0.5583953028846154 0.38170077884615383 0.5520780697115385 0.3811931442307692 0.5478665793269231 0.39151505288461536 0.5577936610576922 0.4001448461538461 0.5683223822115384 0.4042059230769231 0.5722330504807692 0.4057288293269231 0.5806560288461539 0.41012832932692306 0.5833634158653846 0.40911306009615384 0.5833634158653846 0.40674409855769234 0.5752412572115385 0.40234459615384616
8 0.6354053870192308 0.4162199471153846 0.63149471875 0.4207886610576923 0.632096358173077 0.4280647596153846 0.6339012836538462 0.43347953125 0.6342021033653846 0.43601770673076923 0.6381127716346153 0.4378790336538462 0.6405193365384616 0.4341563798076923 0.645934108173077 0.42908003125000005 0.6537554447115385 0.4138509855769231 0.6534546250000001 0.40826700240384617 0.6423242596153845 0.41012832932692306 0.6354053870192308 0.4162199471153846
2 0.7295321634615385 0.3891630120192308 0.7364359975961539 0.3978435673076923 0.7532894735576924 0.40241228125000006 0.7563352836538461 0.39704404326923076 0.7417153990384615 0.39201845673076924 0.7295321634615385 0.3891630120192308
8 0.33550126682692305 0.3801921081730769 0.3344385528846154 0.38190003846153847 0.33747487499999995 0.3848035192307692 0.33960029807692305 0.3878777932692307 0.3471911009615385 0.3959904639423077 0.3582736706730769 0.4001748918269231 0.3625245192307692 0.40341995913461537 0.36753444711538463 0.4008580649038462 0.3629799663461538 0.3978691850961538 0.35903274999999996 0.39180603365384614 0.3540228221153846 0.3868530360576923 0.34795018028846153 0.38190003846153847 0.3421811706730769 0.3777156081730769 0.33550126682692305 0.3801921081730769
4 0.3901550336538462 0.3578182211538462 0.3786170168269231 0.3563664807692308 0.37087439903846153 0.35867218749999996 0.35599643028846156 0.36123408173076926 0.3471911009615385 0.36260042548076926 0.3512901322115385 0.37114007692307693 0.3484056274038462 0.37353118028846155 0.3491647091346154 0.3823270216346154 0.38089425721153847 0.3789111610576923 0.37466980048076926 0.3757514903846154 0.37497343269230765 0.37438514423076924 0.38089425721153847 0.3733603870192308 0.3824124182692307 0.3665286658653846 0.3901550336538462 0.3578182211538462
7 0.41156109375 0.36883437259615387 0.40852477403846155 0.3758368846153846 0.41490104567307695 0.37874036778846154 0.42446545673076924 0.3801921081730769 0.43478894471153845 0.37626386778846155 0.44511243509615384 0.3719086466346154 0.4355480264423077 0.36046551442307695 0.4267426971153846 0.35884298076923077 0.41839281490384617 0.36251502884615383 0.41156109375 0.36883437259615387
7 0.5949469639423077 0.3409185841346154 0.56731053125 0.30496221634615384 0.5181556586538462 0.31326896875000004 0.5092951225961538 0.3170663389423077 0.5257504038461538 0.3536160480769231 0.5949469639423077 0.3409185841346154
7 0.7076023389423077 0.31267562740384613 0.7097119903846154 0.316473 0.7160409447115386 0.32181305528846155 0.7240576177884616 0.32655977163461536 0.7314413990384616 0.3303571418269231 0.7367155264423076 0.33261183173076925 0.7578120384615384 0.32596643028846156 0.7611874807692308 0.32181305528846155 0.7386142115384615 0.3183716875 0.7299646418269231 0.31303163221153846 0.715619014423077 0.31137028125 0.7076023389423077 0.31267562740384613
8 0.2991738605769231 0.35420938701923077 0.30402605769230767 0.35064935096153843 0.3046589543269231 0.34756398557692303 0.2991738605769231 0.34447862019230774 0.29558745432692307 0.33949456971153846 0.2877817427884616 0.3348665216346154 0.28398437259615383 0.3354598629807692 0.28546112740384616 0.3409185841346154 0.27913217307692306 0.34210526201923075 0.2795541033653846 0.34613997115384615 0.2841953365384616 0.3483946610576923 0.2898913942307692 0.3501746802884615 0.2913681514423077 0.35290404086538457 0.2991738605769231 0.35420938701923077
5 0.3405230240384615 0.32074504326923076 0.34221074519230765 0.31849035576923074 0.3413668846153846 0.31457431490384613 0.33672565144230765 0.3135063028846154 0.3249116057692308 0.31576099278846154 0.32322388461538465 0.31908369471153847 0.32427870913461543 0.3212197163461538 0.32955283894230775 0.3220503918269231 0.33398310576923074 0.3202703725961538 0.3405230240384615 0.32074504326923076
2 0.3303966995192308 0.3584814302884615 0.3426326754807692 0.3673815216346154 0.34917259375 0.3677375264423077 0.3481177692307692 0.3508866875 0.33693661778846157 0.3269157740384615 0.33356117548076925 0.32667843750000003 0.32216906009615387 0.32798378605769235 0.31984844230769227 0.33011980769230764 0.3185826514423077 0.3321371610576923 0.32153616346153846 0.3368838774038462 0.32638836057692305 0.3449532932692308 0.3278651177884615 0.3508866875 0.3303966995192308 0.3584814302884615
2 0.3183716875 0.3199143701923077 0.31119887259615386 0.3162356658653846 0.2962203485576923 0.32169438701923075 0.2877817427884616 0.32655977163461536 0.27976506971153847 0.33154382211538463 0.28103086057692306 0.3359345336538461 0.2873598125 0.3337985120192308 0.3025493028846154 0.33166249038461537 0.31794975721153845 0.3260850985576923 0.3183716875 0.3199143701923077
5 0.2668961971153846 0.34708931490384615 0.2700606730769231 0.34708931490384615 0.2751238365384615 0.3468519783653846 0.2812418245192308 0.32489842067307695 0.27217032451923073 0.32169438701923075 0.2614111033653846 0.3199143701923077 0.2666852307692308 0.3447159567307692 0.2668961971153846 0.34708931490384615
7 0.22090580048076922 0.3676188581730769 0.22090580048076922 0.36441482451923074 0.21731939182692306 0.35883743509615385 0.20719306730769232 0.3553960649038462 0.2004421826923077 0.35705741586538464 0.19453515865384616 0.35895610336538464 0.19158164663461538 0.3656015048076923 0.1922145432692308 0.3695175432692308 0.19854349759615383 0.37082288942307695 0.20782596153846156 0.3711788942307692 0.21816325240384618 0.37248424038461536 0.22407027644230768 0.3733149158653846 0.22090580048076922 0.36963621153846155 0.22090580048076922 0.3676188581730769
8 0.20888078846153846 0.3159983293269231 0.22090580048076922 0.32098237980769234 0.25655890625 0.2989101538461539 0.25487118509615386 0.29357009855769234 0.21689746153846154 0.27280322115384614 0.20740403125 0.27398989903846155 0.17407154326923077 0.29629946153846154 0.20888078846153846 0.3159983293269231
2 0.2896804302884615 0.2741085673076923 0.29875193028846153 0.29440077403846154 0.3107769423076923 0.3035382019230769 0.3173168605769231 0.3021141875 0.31162080288461536 0.2720912139423077 0.3080343966346154 0.26734449759615386 0.2926339423076923 0.26864984375 0.2926339423076923 0.27185387740384614 0.2896804302884615 0.2741085673076923
8 0.3618305024038462 0.29238342067307693 0.35929892067307695 0.2891793870192308 0.3574002355769231 0.28656869471153845 0.3523370721153846 0.2864500264423077 0.35381382692307695 0.2910780745192308 0.34938356009615384 0.29511278125 0.3489616298076923 0.30033416826923076 0.3498054903846154 0.30626756250000003 0.35128224519230766 0.3107769423076923 0.3533918966346154 0.3155236586538462 0.3546576875 0.3170663389423077 0.36014278125000004 0.31920236298076926 0.3671046298076923 0.3183716875 0.3679484903846154 0.31279429567307687 0.3673155961538462 0.30721690625 0.3624633966346154 0.3016395144230769 0.3618305024038462 0.29238342067307693
7 0.4031796658653847 0.3046062115384615 0.4040235264423077 0.3027075264423077 0.3919985144230769 0.29357009855769234 0.38271605048076923 0.2888233846153846 0.38440376923076924 0.2858566875 0.37195682932692303 0.2812286394230769 0.3647840144230769 0.27849927884615383 0.35613444471153843 0.2803979639423077 0.36140857211538463 0.29238342067307693 0.3662607692307692 0.30247018990384616 0.3704800721153846 0.30781024519230765 0.37069103846153845 0.31742234375 0.37280068749999995 0.3232370697115385 0.3922094807692308 0.3220503918269231 0.4008590504807692 0.31754101201923074 0.4128840625 0.31742234375 0.42427617788461536 0.3163543317307692 0.4099305504807692 0.3054368870192308 0.4031796658653847 0.3046062115384615
7 0.5021223100961538 0.30496221634615384 0.5012784495192307 0.29819814663461536 0.4983249375 0.29357009855769234 0.4860889591346154 0.2911967427884615 0.4706885048076923 0.2862126899038462 0.4548661225961539 0.2843140048076923 0.44052049278846156 0.28834871153846153 0.43081609855769226 0.29819814663461536 0.4251200384615385 0.31184495432692305 0.42976127163461536 0.3229997331730769 0.43735601682692304 0.3263224350961539 0.44684944711538466 0.3275091129807692 0.4525455048076923 0.33047581009615384 0.4561319134615385 0.3311878173076923 0.45444419230769234 0.33439185096153845 0.4685788533653846 0.3359345336538461 0.47743938942307695 0.3349851899038461 0.4962152860576923 0.3241864134615385 0.5021223100961538 0.30496221634615384
7 0.4008590504807692 0.2900100625 0.40001518990384616 0.2921460841346154 0.39516299038461533 0.29333276442307693 0.40465642307692307 0.3019955192307692 0.40444545673076926 0.3038942043269231 0.41098537500000004 0.3055555552884615 0.4196349471153846 0.3122009567307692 0.4240652139423077 0.3131503004807692 0.42554196875000005 0.3097089302884615 0.42912837740384613 0.30140218028846155 0.42575293509615386 0.2959434567307692 0.41942398076923076 0.2873993701923077 0.4086647596153846 0.2888233846153846 0.4118292355769231 0.29072206971153847 0.4008590504807692 0.2900100625
8 0.43355864423076923 0.2871620336538462 0.4314489927884615 0.28573801923076925 0.4289174110576923 0.2813473076923077 0.41393888701923076 0.27054853125 0.4061331778846154 0.2693618509615385 0.4006480841346154 0.2717352091346154 0.40001518990384616 0.27707526442307695 0.4101415144230769 0.2824153197115385 0.4179472259615385 0.2869246971153846 0.42554196875000005 0.2891793870192308 0.4284954807692308 0.2903660673076923 0.43355864423076923 0.2871620336538462
6 0.33482696634615383 0.3027075264423077 0.3460081177884616 0.29938482451923076 0.3489616298076923 0.2900100625 0.3415778509615385 0.2853820168269231 0.32596643028846156 0.2872807019230769 0.3240677451923077 0.2996221610576923 0.33482696634615383 0.3027075264423077
5 0.34305460576923075 0.27849927884615383 0.34875066346153843 0.283958 0.35571251442307694 0.2831273269230769 0.35613444471153843 0.27588858413461537 0.35064935096153843 0.27398989903846155 0.3451642572115385 0.27493924278846155 0.34305460576923075 0.27849927884615383
7 0.5059196802884616 0.2528670168269231 0.48250255288461535 0.24895097596153845 0.4673130625 0.24835763701923078 0.4681569254807692 0.2545283653846154 0.47300912259615385 0.2536976923076923 0.47300912259615385 0.25820706971153845 0.46773499519230766 0.26449646875 0.47511877403846153 0.26520847596153846 0.47617359855769226 0.2736338942307692 0.4862999254807692 0.27802460576923077 0.49452756490384614 0.28253398557692305 0.5002236225961538 0.2853820168269231 0.5050758221153846 0.2872807019230769 0.5084512620192307 0.2859753557692308 0.5145692524038462 0.28087263701923076 0.5211091706730769 0.2827713221153846 0.5341890072115384 0.2743459014423077 0.5234297860576923 0.26781916826923075 0.5221639951923077 0.2608177644230769 0.5059196802884616 0.2528670168269231
5 0.5046538894230769 0.29012873076923074 0.49874686778846156 0.2844326730769231 0.49073019230769227 0.2864500264423077 0.4886205408653846 0.2891793870192308 0.49009729807692304 0.29238342067307693 0.50191134375 0.29333276442307693 0.5046538894230769 0.29012873076923074
5 0.5251175072115385 0.2900100625 0.5187885528846153 0.2840766682692308 0.5139363557692308 0.28253398557692305 0.5092951225961538 0.28680603125 0.5092951225961538 0.2884673798076923 0.5135144254807693 0.2911967427884615 0.5175227620192308 0.2911967427884615 0.5230078557692308 0.2930954278846154 0.5251175072115385 0.2900100625
5 0.5234297860576923 0.2915527451923077 0.5179446923076922 0.29629946153846154 0.5183666225961538 0.2987914855769231 0.5246955769230769 0.30247018990384616 0.5337670769230769 0.3000968341346154 0.5333451466346154 0.2959434567307692 0.5234297860576923 0.2915527451923077
5 0.5299697043269231 0.26995518990384615 0.5371425192307693 0.27090453365384615 0.5396741009615384 0.26710716105769233 0.5367205889423077 0.26319112259615385 0.5249065432692308 0.26402179807692305 0.5242736466346154 0.26710716105769233 0.5299697043269231 0.26995518990384615
5 0.2010750793269231 0.24622161538461537 0.20086411298076923 0.24906964423076922 0.2080369278846154 0.2566643870192308 0.21900711298076925 0.2570203918269231 0.2196400096153846 0.24562827403846152 0.2010750793269231 0.24622161538461537
7 0.25803566105769227 0.2812286394230769 0.2768115576923077 0.2827713221153846 0.28314051201923074 0.2792112860576923 0.29326683653846153 0.2716165408653846 0.2915791153846154 0.263547125 0.2647865456730769 0.24788296394230772 0.2476983701923077 0.24456026442307693 0.22027290384615383 0.2442042596153846 0.21542070673076924 0.25820706971153845 0.22238255528846154 0.26236044711538464 0.23925976442307692 0.2704298629807692 0.2441119639423077 0.2748205745192308 0.25803566105769227 0.2812286394230769
7 0.24643257932692306 0.22189469951923077 0.22723475240384616 0.2324561394230769 0.2329308125 0.2376775264423077 0.24748740625 0.24313625 0.2593014519230769 0.24622161538461537 0.26330978846153846 0.24610294711538463 0.27217032451923073 0.24586561057692308 0.2761786610576923 0.24645894951923075 0.27849927884615383 0.2386268701923077 0.27638962740384615 0.22925210817307692 0.2666852307692308 0.22284404086538462 0.24643257932692306 0.22189469951923077
5 0.30191640625 0.2590377451923077 0.3008615817307692 0.25144300240384615 0.2822966514423077 0.24752696153846154 0.2871488485576923 0.2590377451923077 0.29115718509615385 0.26259778125 0.30191640625 0.2590377451923077
13 0.2968532451923077 0.2415935673076923 0.2863049879807692 0.24242424278846153 0.28208568509615384 0.24645894951923075 0.29305587259615384 0.26437780048076925 0.30191640625 0.26639515384615386 0.31035501201923077 0.26532714423076925 0.3152072091346154 0.25927508173076924 0.31499624519230773 0.25227367548076923 0.31035501201923077 0.24598427884615384 0.2968532451923077 0.2415935673076923
8 0.3036041274038462 0.2344734951923077 0.2974861394230769 0.22557340384615385 0.28060893028846157 0.20777322115384617 0.2713264639423077 0.20967190624999998 0.26626330048076924 0.21216393269230768 0.2700606730769231 0.21880933413461537 0.27744445192307693 0.2243867235576923 0.2850391971153846 0.22877743509615384 0.28672691826923075 0.2339988221153846 0.2882036730769231 0.23696551923076925 0.2936887668269231 0.23981354807692307 0.2972751754807692 0.23981354807692307 0.2998067572115385 0.24289891346153844 0.30655763942307696 0.24147489903846153 0.3027602668269231 0.2391015408653846 0.3036041274038462 0.2344734951923077
8 0.22702378846153845 0.22770942548076922 0.23609528846153843 0.2243867235576923 0.24812030048076925 0.22201336778846154 0.25845759134615387 0.22225070192307694 0.2649975096153846 0.21738531971153846 0.26816198798076923 0.2163173076923077 0.26626330048076924 0.21228260096153845 0.25803566105769227 0.21073991826923077 0.2476983701923077 0.20836656009615384 0.23820493990384614 0.21073991826923077 0.22934440384615387 0.21346927884615383 0.21985097355769231 0.21240126923076924 0.2095136826923077 0.21501196153846153 0.20634920673076923 0.21679198076923076 0.20592727644230768 0.22201336778846154 0.20909175240384614 0.2265227451923077 0.21795228846153847 0.2280654278846154 0.22702378846153845 0.22770942548076922
8 0.36921428125 0.2589190769230769 0.37638709615384613 0.2628351177884615 0.38545859615384614 0.26307245432692306 0.3938972019230769 0.2641404639423077 0.3957958870192308 0.26105510096153844 0.38925596875 0.2578510673076923 0.37891867788461536 0.2536976923076923 0.36837042067307696 0.2508496610576923 0.36035374519230773 0.24835763701923078 0.35360286298076926 0.24823896874999998 0.35191514182692313 0.2512056658653846 0.35296996634615385 0.25678305528846157 0.3628853269230769 0.25820706971153845 0.36921428125 0.2589190769230769
8 0.3542357572115385 0.26615781971153846 0.3637291875 0.26449646875 0.3662607692307692 0.2597497524038462 0.3626743629807692 0.2579697355769231 0.35381382692307695 0.25678305528846157 0.34474232692307694 0.25725772836538463 0.3398901298076923 0.2569017235576923 0.33693661778846157 0.2590377451923077 0.33672565144230765 0.2617671081730769 0.3415778509615385 0.2655644783653846 0.34474232692307694 0.2650898076923077 0.3542357572115385 0.26615781971153846
8 0.4713214014423077 0.2659204831730769 0.46372665625000004 0.2655644783653846 0.45845252884615384 0.26722582932692307 0.44790427163461544 0.2680565048076923 0.4438959350961538 0.2680565048076923 0.4407314591346154 0.26948051923076927 0.4386218076923077 0.27090453365384615 0.4407314591346154 0.2742272355769231 0.44684944711538466 0.2767192596153846 0.4548661225961539 0.2768379278846154 0.46182797115384616 0.2773125985576923 0.4696336802884616 0.2751765769230769 0.4725871923076923 0.2720912139423077 0.4713214014423077 0.2659204831730769
8 0.46014025 0.25251101201923076 0.4588744591346154 0.24491626682692308 0.4533893653846154 0.2415935673076923 0.45296743509615384 0.2392202091346154 0.44663848076923074 0.23945754567307692 0.4472713774038462 0.24147489903846153 0.44452882932692306 0.24301758173076923 0.4403095288461539 0.24895097596153845 0.44136435336538465 0.2528670168269231 0.44157531971153846 0.25642705288461537 0.44136435336538465 0.2621231105769231 0.44452882932692306 0.2666324903846154 0.4498029591346154 0.26793783653846154 0.45739770192307694 0.26722582932692307 0.4622499014423077 0.2627164495192308 0.46014025 0.25678305528846157 0.46014025 0.25251101201923076
5 0.3462190841346154 0.24693362259615384 0.3479068052884615 0.24812030048076925 0.3517041754807692 0.2484763052884615 0.365627875 0.24503493509615384 0.36436208413461535 0.2386268701923077 0.35107128125 0.24111889663461536 0.34284364182692306 0.2374401923076923 0.34221074519230765 0.24183090384615386 0.3462190841346154 0.24693362259615384
5 0.34199978124999997 0.24835763701923078 0.33271731490384615 0.24681495432692308 0.32617739663461537 0.24812030048076925 0.32997476923076924 0.2509683293269231 0.3320844206730769 0.25405369471153844 0.3352488966346154 0.25713906009615384 0.34284364182692306 0.2551217067307692 0.34199978124999997 0.24835763701923078
5 0.32934187259615383 0.26224177884615385 0.3360927572115384 0.2620044423076923 0.3363037211538461 0.2569017235576923 0.32955283894230775 0.25061232692307694 0.3236458149038462 0.2521550096153846 0.32448967548076924 0.25630838461538463 0.32533353605769233 0.2601057572115385 0.32934187259615383 0.26224177884615385
11 0.40634414423076926 0.2274720889423077 0.3793406081730769 0.2370841875 0.3806063990384615 0.2451536033653846 0.38545859615384614 0.2457469423076923 0.40001518990384616 0.25820706971153845 0.4181581899038462 0.25334168749999997 0.41478274759615386 0.2323374735576923 0.40634414423076926 0.2274720889423077
8 0.5057087163461539 0.2196400096153846 0.5073964375 0.2213013605769231 0.5033880985576923 0.22462406009615382 0.5086622283653847 0.23221880528846153 0.5139363557692308 0.23815219951923078 0.5204762740384615 0.23815219951923078 0.5249065432692308 0.23637218028846155 0.5265942644230769 0.23423615865384614 0.5242736466346154 0.22925210817307692 0.5183666225961538 0.22498006490384614 0.5145692524038462 0.21833466346153846 0.5078183677884616 0.21560530048076923 0.5021223100961538 0.21714798317307693 0.5057087163461539 0.2196400096153846
8 0.51288153125 0.2548843701923077 0.5152021466346154 0.25737639663461537 0.5213201346153846 0.2590377451923077 0.5253284735576923 0.2578510673076923 0.53102453125 0.2502563221153846 0.5246955769230769 0.2503749903846154 0.5143582860576923 0.24954431490384615 0.5107718798076923 0.2528670168269231 0.51288153125 0.2548843701923077
9 0.5607706129807692 0.21762265625 0.5523320096153846 0.22035201682692307 0.551910079326923 0.22723475240384616 0.5552855192307692 0.2323374735576923 0.5550745552884615 0.2353041706730769 0.5580280673076923 0.23815219951923078 0.5702640432692307 0.23791486298076922 0.5732175552884615 0.23791486298076922 0.5774368581730769 0.23340548317307694 0.5793355432692308 0.22854010096153846 0.5759601033653846 0.22486139663461538 0.5679434278846154 0.21797865865384616 0.5607706129807692 0.21762265625
7 0.48693281971153846 0.2484763052884615 0.5008565192307692 0.24954431490384615 0.5031771346153846 0.2423055745192308 0.50381003125 0.23067612259615386 0.4962152860576923 0.22521739903846155 0.4768064951923077 0.22082668749999998 0.46794595913461534 0.22296270913461538 0.46794595913461534 0.2294894423076923 0.4696336802884616 0.2364908485576923 0.4803929014423077 0.2423055745192308 0.48693281971153846 0.2484763052884615
8 0.3476958389423077 0.22355604807692306 0.3523370721153846 0.22699741826923076 0.36014278125000004 0.2274720889423077 0.36415111778846154 0.22498006490384614 0.3732226177884615 0.2131132764423077 0.3677375264423077 0.20361984615384615 0.3647840144230769 0.2030265048076923 0.3586660264423077 0.2065865408653846 0.3546576875 0.21287593990384618 0.34938356009615384 0.21869066586538463 0.3476958389423077 0.22355604807692306
8 0.6616119423076923 0.2684125096153846 0.6770123966346154 0.26449646875 0.6776452908653846 0.2598684206730769 0.6713163389423078 0.2578510673076923 0.6616119423076923 0.2606990961538461 0.6563378149038462 0.2637844615384615 0.6616119423076923 0.2684125096153846
6 0.6103474182692308 0.29357009855769234 0.6149886490384615 0.2844326730769231 0.5966346850961538 0.28253398557692305 0.5932592427884615 0.2900100625 0.6103474182692308 0.29357009855769234
10 0.5316574254807692 0.21513062980769232 0.5230078557692308 0.2148932932692308 0.5225859254807692 0.21880933413461537 0.5230078557692308 0.22201336778846154 0.5251175072115385 0.22367471634615385 0.5255394375 0.2265227451923077 0.5249065432692308 0.2274720889423077 0.5295477740384615 0.22854010096153846 0.5346109375 0.22854010096153846 0.5358767283653847 0.22426805528846155 0.5367205889423077 0.21809732692307693 0.5316574254807692 0.21513062980769232
8 0.5092951225961538 0.21524929807692306 0.5141473221153846 0.21406261778846153 0.5171008341346154 0.20824789182692308 0.49874686778846156 0.20326384134615386 0.4892534375 0.2019584951923077 0.48123676201923077 0.20053448076923075 0.47828325 0.20421318509615385 0.48503413461538464 0.20682387740384614 0.4941056346153846 0.21038391346153845 0.5031771346153846 0.21263860336538462 0.5092951225961538 0.21524929807692306
7 0.4554990168269231 0.20777322115384617 0.44579462019230764 0.1968557764423077 0.44052049278846156 0.1840396442307692 0.41689239903846154 0.1821409591346154 0.40697703846153843 0.1898543701923077 0.40718800240384617 0.1982797908653846 0.41499371394230766 0.20480652403846153 0.42427617788461536 0.21275727163461539 0.4396766322115385 0.2211826923076923 0.44579462019230764 0.21833466346153846 0.4554990168269231 0.20777322115384617
6 0.3985384326923077 0.2016024903846154 0.40360159615384616 0.19080371394230772 0.38166122355769233 0.17976760096153846 0.37237875721153846 0.18225962740384613 0.3702691081730769 0.19210906009615383 0.3915765841346154 0.2021958293269231 0.3985384326923077 0.2016024903846154
8 0.3934752716346154 0.17893692548076923 0.4004371201923077 0.18083561298076922 0.4061331778846154 0.17407154326923077 0.39642878125000003 0.16968083173076923 0.3810283293269231 0.16671413461538462 0.37069103846153845 0.16564612259615386 0.36415111778846154 0.16481544711538462 0.3628853269230769 0.1679008125 0.36204146634615386 0.16979949759615384 0.3721677932692308 0.17157951682692307 0.3757541995192308 0.17371553846153848 0.38461473557692305 0.17715690625 0.3934752716346154 0.17893692548076923
3 0.3626743629807692 0.15579668990384615 0.3426326754807692 0.15864471875 0.33693661778846157 0.1603060673076923 0.3375695120192308 0.16422210817307692 0.3396791634615385 0.16635812980769232 0.34537522355769235 0.16742614182692309 0.37406647836538465 0.16362876923076924 0.38440376923076924 0.16196741826923075 0.38630245673076924 0.1587633846153846 0.3822941201923077 0.1547286778846154 0.3757541995192308 0.15437267307692307 0.3626743629807692 0.15579668990384615
7 0.25149574278846154 0.1578140432692308 0.24031459134615385 0.1552033485576923 0.22639089423076925 0.14523524759615383 0.22153869471153845 0.1489139519230769 0.22639089423076925 0.15449134134615386 0.2344075673076923 0.1598313966346154 0.22196062500000002 0.16374743749999998 0.21436588221153846 0.16742614182692309 0.21584263701923076 0.17632623317307694 0.21816325240384618 0.1841583125 0.22491413701923074 0.18700634134615385 0.231032125 0.18617566586538462 0.24242424278846153 0.18771834855769232 0.2588795216346154 0.18534499038461538 0.2778663822115385 0.18249696153846154 0.2740690120192308 0.1657647908653846 0.25149574278846154 0.1578140432692308
7 0.31288659375 0.18119161538461537 0.28292954567307693 0.17502088461538462 0.29938482692307694 0.20267050240384615 0.27470190625 0.19816112259615387 0.26963874278846156 0.2109772548076923 0.2814527908653846 0.2086038966346154 0.30022868509615386 0.22604807451923078 0.3122536971153846 0.23494816586538464 0.32512256971153847 0.23613484375 0.32512256971153847 0.2192840048076923 0.3213251995192307 0.2178599903846154 0.3415778509615385 0.21038391346153845 0.34010109375 0.19934780048076922 0.31288659375 0.18119161538461537
7 0.5299697043269231 0.1519993173076923 0.5240626826923077 0.153542 0.5257504038461538 0.1582887139423077 0.5297587403846153 0.15935672596153846 0.5232188221153846 0.1624420889423077 0.5206872403846154 0.17003683413461537 0.5259613677884615 0.17656356730769232 0.5377754158653846 0.18225962740384613 0.5424166466346154 0.18297163461538463 0.5483236706730769 0.18392097596153847 0.5576061370192308 0.18320896875 0.5571842067307693 0.17466488221153845 0.5538087644230769 0.16825681730769232 0.539252170673077 0.1592380576923077 0.5299697043269231 0.1519993173076923
8 0.5206872403846154 0.19804245432692308 0.5213201346153846 0.19353307451923077 0.5177337283653846 0.17917426201923076 0.5069745072115385 0.17953026442307693 0.5092951225961538 0.1951944254807692 0.5133034615384615 0.1988731298076923 0.5158350432692308 0.20421318509615385 0.5217420649038462 0.20278917067307692 0.5206872403846154 0.19804245432692308
5 0.4926288774038462 0.19400774759615386 0.49241791346153846 0.1982797908653846 0.4936837043269231 0.20231449759615383 0.5035990649038461 0.2037385120192308 0.506552576923077 0.19495708894230768 0.4926288774038462 0.19400774759615386
7 0.5993772307692308 0.20207716346153845 0.5903057307692308 0.18937969951923075 0.5837658125 0.19293973557692307 0.5717408004807693 0.19139705288461537 0.5605596490384616 0.20207716346153845 0.5607706129807692 0.20765455288461537 0.5614035096153847 0.21014657932692307 0.5628802644230769 0.21382528365384615 0.5700530793269231 0.2178599903846154 0.57828071875 0.21406261778846153 0.5993772307692308 0.20207716346153845
12 0.5406076466346155 0.18999138221153847 0.5396659471153846 0.19325790384615382 0.5439035961538461 0.19440559855769232 0.5461008942307692 0.19228677644230768 0.5509663413461539 0.18972653125 0.5542622884615385 0.18796084375 0.551594139423077 0.18707800000000002 0.5459439447115385 0.18972653125 0.5406076466346155 0.18999138221153847
5 0.5203611105769231 0.1876077067307692 0.5219306081730769 0.19546501201923078 0.5267960552884615 0.19714241346153846 0.5302489543269231 0.19440559855769232 0.5307198028846154 0.18796084375 0.5203611105769231 0.1876077067307692
7 0.7677141514423076 0.21100305048076923 0.7711670480769232 0.20959050240384616 0.7550012091346154 0.20014407932692307 0.7454272644230768 0.19599471634615384 0.7397770673076922 0.20093863942307694 0.7393062187499999 0.2091490793269231 0.7426021658653846 0.21471099278846154 0.7452703149038461 0.21815408173076925 0.7437008149038462 0.222126875 0.7491940625000001 0.2238925625 0.7451133653846154 0.22742393509615383 0.7543734086538462 0.22724736538461537 0.7601805552884616 0.22512854086538464 0.7653599014423077 0.22159716826923076 0.7684988990384615 0.21515241346153846 0.7677141514423076 0.21100305048076923
9 0.6747787764423077 0.047635197115384616 0.6747787764423077 0.054794418269230774 0.6791329230769231 0.058939228365384615 0.6858316081730769 0.06101163461538461 0.6942049663461538 0.058939228365384615 0.7019084567307693 0.05837402884615384 0.7002337836538461 0.04857719951923077 0.6891809519230769 0.042548382211538456 0.6804726586538461 0.0448091875 0.6747787764423077 0.047635197115384616
12 0.5749404375 0.26738776201923076 0.5754480721153846 0.26319977403846156 0.5754480721153846 0.2616768701923077 0.5725714759615385 0.2623431418269231 0.5725714759615385 0.2654841322115385 0.5720638413461538 0.2692913918269231 0.5718946298076923 0.2712902043269231 0.5698640889423077 0.27405046875 0.5710485697115385 0.2769059158653846 0.5749404375 0.2788095456730769 0.576801764423077 0.27700109615384616 0.5769709759615385 0.2743360144230769 0.5754480721153846 0.27195647596153844 0.5749404375 0.26738776201923076
12 0.48266831009615385 0.22089449759615384 0.4871437860576923 0.2213606923076923 0.4917850192307692 0.2196823894230769 0.5020620336538462 0.21902971634615384 0.5028908245192307 0.2177243701923077 0.4911219855769231 0.21716493509615387 0.4838286201923077 0.2162325456730769 0.48167376201923073 0.21800408653846154 0.48266831009615385 0.22089449759615384