11 0.49174568509615385 0.06597531971153846 0.4829352091346154 0.06225839903846154 0.41685664182692306 0.07805530769230769 0.4201605697115385 0.08239171394230768 0.44163610576923074 0.10531271634615386 0.5115692548076923 0.0876573485576923 0.49174568509615385 0.06597531971153846
9 0.5616788365384615 0.07340915865384615 0.5594762163461539 0.06814352163461539 0.552868360576923 0.06039993990384615 0.541304610576923 0.05792199519230769 0.5264369326923076 0.06039993990384615 0.5209303870192308 0.06690455048076924 0.5159744927884615 0.07062146875 0.5170758028846154 0.07867479326923076 0.5253356250000001 0.08301119951923078 0.5402033028846154 0.08579888942307692 0.5594762163461539 0.08115274038461538 0.5616788365384615 0.07340915865384615
8 0.6998988509615385 0.09457707932692308 0.7069324711538462 0.09777988701923078 0.7129612884615385 0.09514228125 0.7494691298076923 0.07743262740384615 0.7571726177884616 0.06989660576923076 0.7518136682692307 0.06556339423076923 0.7357368221153846 0.06838940144230769 0.6985591129807692 0.08704105528846154 0.6998988509615385 0.09457707932692308
9 0.7883215096153846 0.11002592307692308 0.7839673629807693 0.10173630048076923 0.7709049254807692 0.09570748076923077 0.7538232740384616 0.09551908173076923 0.7454499182692308 0.10154789903846154 0.7434403100961539 0.10927232211538462 0.7410957716346154 0.11304033173076923 0.7427704423076923 0.11699674519230768 0.7608568966346153 0.12340236298076923 0.7648761081730769 0.12415596634615385 0.7853071009615384 0.11680834374999999 0.7883215096153846 0.11002592307692308
10 0.7588472908653846 0.12377916346153846 0.7467896538461538 0.11793874759615385 0.7414307043269232 0.11888075 0.7374114927884615 0.12132995673076923 0.7481293918269232 0.13376439423076925 0.7538232740384616 0.13395279326923076 0.7652110432692307 0.12830077884615385 0.7665507788461539 0.12622837259615385 0.7588472908653846 0.12377916346153846
8 0.7414307043269232 0.13093838461538462 0.7434403100961539 0.12490956730769232 0.7354018870192308 0.12132995673076923 0.7260237259615384 0.11888075 0.7153058293269231 0.11831554807692307 0.7089420769230769 0.11944595192307692 0.7092770096153846 0.12208356009615384 0.7163106322115385 0.12924278125 0.7226743846153846 0.1365904014423077 0.7347320192307693 0.1352715985576923 0.7414307043269232 0.13093838461538462
7 0.7709049254807692 0.18896575721153847 0.7745892019230769 0.18048773076923078 0.7879865745192307 0.1733285096153846 0.8030586201923077 0.1610824735576923 0.8047332908653846 0.14864803846153846 0.7983695384615385 0.1428076201923077 0.7853071009615384 0.13602519951923078 0.7662158461538462 0.13225718990384616 0.7394210985576923 0.1324455889423077 0.7347320192307693 0.13753240384615384 0.7347320192307693 0.14111201442307691 0.7327224134615384 0.1431844206730769 0.7317176105769231 0.15279285096153847 0.728368266826923 0.15976367067307692 0.7273634639423077 0.16956049999999998 0.7360717572115385 0.17257490865384614 0.7337272163461539 0.17709652163461537 0.7354018870192308 0.1833137403846154 0.7397560336538462 0.19518297355769232 0.7518136682692307 0.19744378125 0.768225451923077 0.1970669807692308 0.7709049254807692 0.18896575721153847
2 0.4848710168269231 0.1386628076923077 0.4979334543269231 0.1267935721153846 0.5069766826923077 0.12396756490384615 0.5019526658653846 0.11944595192307692 0.49458411298076926 0.12246036057692308 0.4694640384615385 0.13074998557692308 0.44233435817307687 0.14506842788461538 0.44333916105769233 0.14864803846153846 0.44970291346153846 0.15505365624999998 0.45707146875 0.15279285096153847 0.4848710168269231 0.1386628076923077
8 0.49994306009615386 0.11793874759615385 0.48219154326923075 0.12170675721153847 0.4882203605769231 0.14186561778846155 0.49123476923076925 0.15015524278846154 0.4952539807692308 0.15637246153846154 0.49458411298076926 0.15882166826923075 0.4992731923076923 0.16089407451923077 0.5009478653846154 0.16221287740384616 0.5106609591346154 0.16089407451923077 0.5103260240384615 0.15919846875 0.5140103028846154 0.1556188581730769 0.5099910913461538 0.1531696514423077 0.5120006971153847 0.14940163942307694 0.5056369447115384 0.11982275240384616 0.49994306009615386 0.11793874759615385
4 0.9986602620192309 0.12660517307692307 0.9922965096153846 0.12585156971153846 0.9829183485576922 0.12585156971153846 0.9788991370192307 0.14619882932692307 0.9976554591346154 0.1488364375 0.9986602620192309 0.12660517307692307
7 0.8640166658653846 0.0887366610576923 0.8526288990384615 0.0889250625 0.8476048846153846 0.10456230769230769 0.8449254110576923 0.11850394951923077 0.8610022572115384 0.13715560336538463 0.870045483173077 0.15674926201923078 0.8908114110576922 0.15995206971153844 0.902869048076923 0.1569376610576923 0.9122472091346154 0.16673449038461538 0.9477502451923077 0.15750286298076924 0.9464105096153846 0.14374962259615384 0.9353576754807692 0.12924278125 0.9353576754807692 0.11775034615384615 0.9276541875 0.10550431009615384 0.9276541875 0.09966389423076924 0.912582141826923 0.09457707932692308 0.8918162139423077 0.09777988701923078 0.8740646947115385 0.09909869230769232 0.8640166658653846 0.0887366610576923
7 0.7930105913461538 0.13357599278846155 0.7987044735576923 0.13602519951923078 0.8030586201923077 0.13922800961538462 0.8070778317307692 0.13432959615384615 0.8114319783653846 0.1284891778846154 0.8258341538461539 0.12660517307692307 0.8358821826923077 0.1277355769230769 0.8378917884615384 0.14224241826923076 0.8429158052884616 0.1414888173076923 0.8569830456730769 0.13414119471153846 0.8489446225961538 0.12170675721153847 0.8315280384615384 0.12057635576923077 0.8154511899038461 0.11850394951923077 0.8027236850961538 0.12208356009615384 0.7930105913461538 0.13357599278846155
7 0.7943503269230768 0.13922800961538462 0.7976996706730769 0.14186561778846155 0.8054031610576923 0.1477060360576923 0.8040634230769231 0.16014047115384616 0.7913359182692308 0.1712561033653846 0.7980346057692308 0.17408211298076923 0.8198053365384615 0.15901006730769232 0.8315280384615384 0.14845963701923076 0.8332027091346154 0.14450322596153847 0.8372219206730769 0.14186561778846155 0.8345424471153847 0.12867757932692309 0.8248293509615384 0.127170375 0.810762110576923 0.12924278125 0.8074127668269231 0.1350831971153846 0.8037284879807692 0.13960481009615383 0.7943503269230768 0.13922800961538462
7 0.35659117307692306 0.10606951201923077 0.3686488076923077 0.11435913701923076 0.39879289663461537 0.11322873317307693 0.4091758605769231 0.1032435048076923 0.4071662548076923 0.08176584134615385 0.3997976995192308 0.06462138942307692 0.39041953846153843 0.053882557692307695 0.3817112451923077 0.05538976201923077 0.3736728221153846 0.0670705985576923 0.37501256009615386 0.07630222355769231 0.35592130288461543 0.0787514326923077 0.3508972884615385 0.08289624278846154 0.34486847115384617 0.09382347596153846 0.35424663221153846 0.09570748076923077 0.35659117307692306 0.10606951201923077
7 0.36797893990384617 0.13960481009615383 0.3632898581730769 0.13828600721153844 0.35826584375 0.1435612235576923 0.36027544951923074 0.15787966586538463 0.34419860336538466 0.1546768557692308 0.3354903100961538 0.15957526923076923 0.3458732740384616 0.1714445048076923 0.3599405144230769 0.18406734134615382 0.39376888221153844 0.19311056971153845 0.42391297115384613 0.16899529807692307 0.39778809375 0.1637200817307692 0.39812302884615386 0.16014047115384616 0.3803715096153846 0.15430005528846152 0.36797893990384617 0.13960481009615383
8 0.3043414182692308 0.12019955288461538 0.30400648557692306 0.11530113942307693 0.30266674759615386 0.10908392067307693 0.2885995048076923 0.09099746875 0.2782165408653846 0.0808238389423077 0.2688383798076923 0.08101223798076923 0.26113489182692307 0.08741785817307691 0.28558509615384614 0.11605474278846153 0.2942933894230769 0.11812714903846154 0.2966379302884615 0.12208356009615384 0.3043414182692308 0.12019955288461538
8 0.28223575240384613 0.07931663461538462 0.2805610817307692 0.08327304567307693 0.2845802932692308 0.08685265625 0.28792963701923074 0.08364984615384616 0.3046763533653846 0.08327304567307693 0.31037023557692306 0.07422981971153847 0.3281217548076923 0.06009977644230769 0.3465431418269231 0.05237535336538461 0.33716498076923074 0.045969735576923076 0.3314710985576923 0.042390124999999994 0.32209293749999995 0.0465349375 0.3110401057692308 0.0548245625 0.29898246875 0.06198378365384615 0.28658989903846155 0.0670705985576923 0.2839104254807692 0.07573702403846154 0.28223575240384613 0.07931663461538462
7 0.1948178966346154 0.03918731490384615 0.18711440624999998 0.03805691105769231 0.18644453846153847 0.04295532692307692 0.19180348798076924 0.047288538461538465 0.19582269951923076 0.04804214182692308 0.19180348798076924 0.051998552884615384 0.18845414423076923 0.057273769230769225 0.1931432235576923 0.06594019471153846 0.21089474278846154 0.07611382451923077 0.2169235625 0.07611382451923077 0.24438817548076924 0.06688219711538462 0.2584554158653846 0.05557816346153846 0.2638143653846154 0.05275215625 0.2527615336538461 0.04107131971153846 0.2360148173076923 0.03598450480769231 0.22965106490384615 0.03749171153846154 0.21993797115384617 0.03711490865384615 0.20754540144230768 0.04220172355769231 0.20285631971153845 0.04276692548076923 0.1948178966346154 0.03918731490384615
7 0.3277868221153846 0.13225718990384616 0.3421889975961539 0.1303731826923077 0.34955755048076925 0.12490956730769232 0.34922261778846153 0.11793874759615385 0.3274518870192308 0.10927232211538462 0.31438944951923076 0.10908392067307693 0.3060160913461539 0.1149243389423077 0.3060160913461539 0.12566317067307692 0.31673398798076924 0.13188038942307692 0.3277868221153846 0.13225718990384616
7 0.17874104807692306 0.11530113942307693 0.17874104807692306 0.12415596634615385 0.18041572115384616 0.13338759375 0.21725849519230772 0.13282239182692307 0.24070389903846154 0.12528636778846153 0.25376633653846153 0.12490956730769232 0.2624746298076923 0.13395279326923076 0.28993924278846156 0.12547476923076922 0.27922134375 0.10927232211538462 0.26615890625 0.09363507451923077 0.2601300889423077 0.08402664663461537 0.2504169927884615 0.08459184855769232 0.24237856971153848 0.07178061057692307 0.23835935817307694 0.07309941586538461 0.23032093509615384 0.07253421394230769 0.21558382451923078 0.07743262740384615 0.22529691826923076 0.08798306009615384 0.23768948798076922 0.08741785817307691 0.23300040865384614 0.09363507451923077 0.23032093509615384 0.09777988701923078 0.2189331682692308 0.09175106971153846 0.21792836538461538 0.08722945673076922 0.20955500721153844 0.08722945673076922 0.19113361778846152 0.0887366610576923 0.1767314423076923 0.08986706490384615 0.17371703365384614 0.10701151442307692 0.17874104807692306 0.11530113942307693
5 0.30568115625 0.14940163942307694 0.31673398798076924 0.14657563221153846 0.3127147764423077 0.1352715985576923 0.2942933894230769 0.14017001201923077 0.30568115625 0.14940163942307694
5 0.28993924278846156 0.1277355769230769 0.2956331274038461 0.1386628076923077 0.3130497115384615 0.1331991923076923 0.3117099735576923 0.13074998557692308 0.29998727163461536 0.12377916346153846 0.28993924278846156 0.1277355769230769
5 0.2621396947115385 0.14431482451923078 0.24773751923076923 0.15128564663461538 0.24137376682692308 0.1546768557692308 0.2427135048076923 0.15844486538461539 0.24773751923076923 0.16296648076923076 0.25711568028846155 0.16164767548076925 0.27151785576923076 0.1569376610576923 0.27051305288461536 0.15072044471153848 0.2621396947115385 0.14431482451923078
5 0.2765418701923077 0.15147404567307693 0.2788864110576923 0.14224241826923076 0.26481916826923074 0.14054681490384616 0.2624746298076923 0.14544522836538462 0.2688383798076923 0.15128564663461538 0.2765418701923077 0.15147404567307693
5 0.27788160817307694 0.14940163942307694 0.27922134375 0.15072044471153848 0.28190081971153846 0.15298125 0.2939584543269231 0.1531696514423077 0.2979776658653846 0.14714083413461537 0.28826457211538464 0.1414888173076923 0.28190081971153846 0.14412642548076923 0.27788160817307694 0.14940163942307694
8 0.3050112860576923 0.14864803846153846 0.30099207451923077 0.14732923317307692 0.29697286298076925 0.1492132403846154 0.29328858653846157 0.15392325240384613 0.28558509615384614 0.1576912644230769 0.2812309495192308 0.16409688221153845 0.2782165408653846 0.17182130528846157 0.2845802932692308 0.1733285096153846 0.29931740384615385 0.16786489423076922 0.3060160913461539 0.1593868701923077 0.31137503846153847 0.15335805048076923 0.31003530288461534 0.14996684134615385 0.3043414182692308 0.15203924759615386 0.3050112860576923 0.14864803846153846
4 0.8167909278846154 0.16447368509615384 0.8211450745192308 0.16692289182692305 0.8372219206730769 0.16240127884615385 0.8539686370192308 0.1394164110576923 0.8382267235576923 0.14393802403846154 0.8291834975961538 0.15185084615384617 0.8191354663461539 0.15825646634615384 0.8167909278846154 0.16447368509615384
5 0.3421889975961539 0.10588111057692308 0.33113616346153846 0.10362030528846153 0.32577721394230774 0.11435913701923076 0.3281217548076923 0.11925755048076923 0.3381697860576923 0.12189515865384615 0.3545815673076923 0.11548954086538463 0.35391169711538456 0.11266353125 0.3421889975961539 0.10588111057692308
8 0.9129768870192307 0.22517230528846152 0.90214734375 0.22517230528846152 0.9025341129807691 0.2373555408653846 0.9091091923076923 0.24344715865384614 0.9311550480769231 0.25802353125 0.9481729014423077 0.24845098798076923 0.9249667379807692 0.23169903846153844 0.9129768870192307 0.22517230528846152
10 0.8336891610576923 0.20189362259615384 0.8371700865384616 0.20820279807692307 0.8449054735576923 0.21124860817307692 0.8538011706730769 0.20842035576923076 0.8592159423076923 0.19841269951923077 0.850707014423077 0.19253863942307692 0.8433583966346153 0.1927561971153846 0.8336891610576923 0.20189362259615384
8 0.8719793317307692 0.22517230528846152 0.8824221057692309 0.22038603365384615 0.8812617956730769 0.2045043173076923 0.8750734855769231 0.20232873798076925 0.8704322524038461 0.19645467788461538 0.858829170673077 0.19688979326923078 0.8545747091346154 0.21103105048076923 0.8538011706730769 0.21799289903846153 0.8599894807692308 0.2264776514423077 0.8719793317307692 0.22517230528846152
10 0.9690584495192307 0.20124094951923077 0.9632569086538462 0.1999356033653846 0.9555215192307693 0.20406920192307693 0.9516538269230769 0.20885547115384615 0.9617098293269231 0.21734022596153846 0.9767938365384615 0.20929058653846155 0.9690584495192307 0.20124094951923077
8 0.62792784375 0.19536688942307692 0.6232866105769231 0.20015316105769232 0.6082026057692308 0.20341652644230768 0.6051084495192307 0.2149470889423077 0.595825985576923 0.22234405528846152 0.5834493653846153 0.24170669711538462 0.5873170576923077 0.24453494951923077 0.598920139423077 0.25628306971153847 0.6070422980769231 0.25628306971153847 0.6163247620192307 0.24736319951923078 0.6248336899038461 0.23387461778846155 0.6317955384615386 0.22147382451923076 0.6368235408653846 0.21277151201923078 0.6337293846153845 0.2036340841346154 0.6372103100961539 0.19732490865384616 0.62792784375 0.19536688942307692
8 0.6913580240384616 0.21538220673076922 0.6874903317307692 0.21581732211538462 0.6886506394230769 0.22082114903846153 0.6867167932692309 0.22865323076923078 0.6878771009615385 0.2371379831730769 0.6901977163461539 0.24475250721153846 0.6905844855769231 0.2491036610576923 0.7006404903846154 0.24692808413461537 0.6998669519230769 0.24366471634615383 0.7048949543269232 0.23409217548076924 0.7041214134615384 0.22169138221153845 0.7060552620192309 0.21777534134615387 0.7045081826923076 0.21472953125 0.6979331033653846 0.21364174278846154 0.6913580240384616 0.21538220673076922
5 0.7045081826923076 0.20842035576923076 0.7018007980769231 0.2145119735576923 0.7060552620192309 0.21712266826923077 0.7157244975961539 0.21973336057692305 0.7211392692307693 0.22147382451923076 0.72887465625 0.21081349278846154 0.7215260384615385 0.20950814423076924 0.7045081826923076 0.20842035576923076
8 0.7226863461538462 0.2195158028846154 0.7164980360576922 0.2240845168269231 0.7122435721153846 0.227783 0.7106964951923077 0.23082880769230768 0.7068288004807692 0.23474484855769231 0.7145641875000001 0.23757309855769232 0.7203657283653846 0.23452729086538462 0.727327579326923 0.23082880769230768 0.72887465625 0.227783 0.7408645072115385 0.22277917067307693 0.7474395865384615 0.21516464663461538 0.7485998942307692 0.21298906971153847 0.7458925096153847 0.2121188389423077 0.7455057403846154 0.20863791346153848 0.7389306586538461 0.20950814423076924 0.7331291201923077 0.20950814423076924 0.7284878870192307 0.21320662740384616 0.7226863461538462 0.2195158028846154
2 0.7586558990384616 0.2491036610576923 0.7451189711538462 0.23996623557692306 0.7420248149038462 0.2393135625 0.7358365048076922 0.24170669711538462 0.7389306586538461 0.24497006490384615 0.746666048076923 0.25258458653846155 0.7497602019230769 0.25715330048076923 0.748213125 0.2615044567307692 0.7594294374999999 0.2691189783653846 0.7710325192307692 0.2789090793269231 0.7783811370192308 0.28434802403846154 0.7841826778846154 0.28391290625 0.7926916057692307 0.27999686778846156 0.7973328389423078 0.27455792307692306 0.7857297572115385 0.26803118990384617 0.7694854423076923 0.25301970192307693 0.7586558990384616 0.2491036610576923
2 0.8031343798076923 0.23409217548076924 0.7950122211538461 0.2388784471153846 0.7907577596153845 0.2460578533653846 0.7895974495192307 0.2532372596153846 0.7888239110576923 0.2604166658653846 0.7934651442307692 0.26259224519230767 0.8054549951923077 0.26455026442307694 0.8128036129807692 0.25932887740384614 0.8147374615384616 0.23822577403846154 0.8031343798076923 0.23409217548076924
2 0.5559887379807692 0.1622981057692308 0.5447724254807692 0.1733935528846154 0.5467062716346154 0.17622180528846154 0.5482533485576924 0.18079051682692307 0.5567622764423077 0.1842714423076923 0.5656579711538462 0.18296609615384615 0.5621770480769231 0.17426378365384615 0.5641108942307692 0.16403856971153846 0.5664315096153846 0.15577137259615384 0.5826758245192308 0.15424846874999998 0.5869302884615385 0.15163777403846154 0.5915715216346153 0.14337057932692307 0.5973730625 0.1337980360576923 0.592731829326923 0.13096978605769233 0.5788081322115385 0.14184767548076924 0.5644976634615385 0.15098510096153844 0.5559887379807692 0.1622981057692308
4 0.4797951658653846 0.227783 0.48443639903846153 0.22430207451923076 0.5122837956730769 0.2195158028846154 0.5343296514423077 0.2049394326923077 0.5180853365384616 0.18601190384615382 0.4712862403846154 0.2068974519230769 0.4712862403846154 0.2166875528846154 0.4797951658653846 0.2192982451923077 0.47747455048076926 0.22386695913461538 0.4797951658653846 0.227783
7 0.4457594615384615 0.24235937019230772 0.43338283894230767 0.25301970192307693 0.43338283894230767 0.2656380528846154 0.44924038461538457 0.27107699759615383 0.4635508533653846 0.26302736057692305 0.48134224519230767 0.25541283653846153 0.4910114783653846 0.24997389423076924 0.48791732451923076 0.2467105264423077 0.48134224519230767 0.24649296875 0.47824808894230764 0.24758075721153847 0.4778613197115385 0.24322960096153848 0.4689656225961538 0.23822577403846154 0.46200377403846155 0.23779065625 0.4457594615384615 0.24235937019230772
5 0.34635972596153847 0.09529031009615384 0.33050218028846157 0.09877123317307693 0.3347566442307693 0.10399262019230769 0.3428788028846154 0.10595063942307692 0.35061418990384613 0.10986668028846153 0.35370834615384616 0.10769110336538461 0.3517744975961538 0.09616054086538463 0.34635972596153847 0.09529031009615384
8 0.08064915384615384 0.14619882932692307 0.0713666875 0.1503324278846154 0.06981961057692308 0.15620648798076922 0.06827253365384615 0.16142787500000003 0.06324453125 0.16730193509615385 0.07368730528846154 0.1705653028846154 0.08142269230769231 0.1703477451923077 0.08026238461538462 0.16664926201923078 0.0845168485576923 0.16382100961538462 0.08877131009615385 0.1544660264423077 0.08761100240384614 0.1470690625 0.09302577403846153 0.14424081009615383 0.0899316201923077 0.14163011778846155 0.082583 0.14032476923076923 0.08064915384615384 0.14619882932692307
7 0.8626968653846153 0.24497006490384615 0.8429716274038461 0.25084412500000003 0.8452922427884615 0.25628306971153847 0.8634704038461538 0.25106168269230766 0.8677248677884616 0.2534548173076923 0.8998267283653847 0.24235937019230772 0.9048547283653845 0.23648531009615384 0.9025341129807691 0.2162524375 0.8820353341346153 0.22038603365384615 0.8719793317307692 0.22626009375 0.858829170673077 0.2273478846153846 0.8565085552884616 0.23343950240384614 0.8626968653846153 0.24497006490384615
8 0.27442062019230773 0.21581732211538462 0.27712800480769234 0.22147382451923076 0.27712800480769234 0.22691276923076925 0.2887310865384615 0.22626009375 0.29221201201923075 0.22190893990384616 0.29569293509615385 0.21059593509615387 0.29994739903846157 0.19493177403846154 0.30033416826923076 0.18644701923076923 0.2906649350961538 0.18579434615384616 0.27944862259615383 0.18557678846153847 0.2755809278846154 0.20145850721153843 0.27442062019230773 0.21581732211538462
8 0.22220675240384613 0.2312639230769231 0.21795228846153847 0.23496240625 0.2082830528846154 0.2421418125 0.19822704807692307 0.2517143557692308 0.2160184423076923 0.25802353125 0.2295553701923077 0.24649296875 0.24386583653846156 0.23779065625 0.24541291586538463 0.22930590384615385 0.24966737740384615 0.22495474759615386 0.23999814423076923 0.22212649759615385 0.23613044951923076 0.22604253605769228 0.22800829326923078 0.227783 0.22220675240384613 0.2312639230769231
8 0.15336180048076925 0.23648531009615384 0.16380457211538463 0.23583263701923077 0.1823695048076923 0.23648531009615384 0.2082830528846154 0.23213415384615385 0.22452736778846155 0.22952346153846154 0.2338098341346154 0.22343184375 0.22452736778846155 0.21407685817307692 0.2129242860576923 0.21385930048076923 0.20441535817307693 0.2162524375 0.18391658173076925 0.21864557211538463 0.16689872836538464 0.2236494014423077 0.1587765721153846 0.22908834615384616 0.15104118269230768 0.22974101923076923 0.15336180048076925 0.23648531009615384
11 0.27210000240384613 0.1725233221153846 0.21911259615384615 0.17361111057692308 0.21524490144230768 0.17687447836538464 0.21524490144230768 0.1803554014423077 0.2334230625 0.21712266826923077 0.27093969471153845 0.21407685817307692 0.28099569951923076 0.1805729591346154 0.27210000240384613 0.1725233221153846
8 0.26243076923076925 0.1683897235576923 0.2593366129807692 0.17404622596153846 0.26049692067307695 0.17752715144230768 0.2628175384615385 0.18557678846153847 0.26823231009615384 0.18884015625 0.27364708173076924 0.17948517067307693 0.2767412355769231 0.17230576442307693 0.2713264639423077 0.16186299038461538 0.2659116923076923 0.1612103173076923 0.2659116923076923 0.16316833653846155 0.26243076923076925 0.1683897235576923
8 0.19977412740384615 0.15011487019230768 0.2005476658653846 0.15620648798076922 0.21485813221153846 0.15707671874999998 0.22220675240384613 0.15337823798076922 0.2160184423076923 0.14184767548076924 0.1846901201923077 0.14489348317307693 0.19977412740384615 0.15011487019230768
6 0.10578916346153845 0.14815685096153847 0.1038553173076923 0.17404622596153846 0.13402332932692307 0.17382866826923077 0.13827779326923076 0.15207288942307692 0.13170271394230768 0.1503324278846154 0.10578916346153845 0.14815685096153847
7 0.08606392548076923 0.1633858942307692 0.08761100240384614 0.16643170432692309 0.07755499759615384 0.1705653028846154 0.06633868509615384 0.17839738221153847 0.06401806971153846 0.18340121153846153 0.059763605769230774 0.1921035216346154 0.07214022596153846 0.20298141105769232 0.09611993028846154 0.2145119735576923 0.12087317067307693 0.21190128125 0.13363656009615385 0.2036340841346154 0.13518363701923078 0.1929737548076923 0.12396732692307692 0.1886225985576923 0.11120393509615385 0.18514167307692306 0.10578916346153845 0.17622180528846154 0.09650669951923077 0.17208820673076924 0.09225223557692308 0.16664926201923078 0.08606392548076923 0.1633858942307692
8 0.6932918725961539 0.27521059615384613 0.7014140288461538 0.2615044567307692 0.6983198725961538 0.2560655120192308 0.6913580240384616 0.2556303966346154 0.6851697139423076 0.2514967980769231 0.6789814038461538 0.2538899326923077 0.6735666322115385 0.2538899326923077 0.6658312451923076 0.2573708581730769 0.6584826274038461 0.2715121129807692 0.6553884711538461 0.2852182548076923 0.648813391826923 0.29609614423076924 0.6495869302884615 0.3039282235576923 0.6569355480769231 0.3087144951923077 0.6550017019230769 0.3130656490384615 0.6608032427884616 0.3148061129807692 0.6654444759615384 0.31415343990384614 0.6662180144230769 0.3106725144230769 0.6743401706730769 0.31001984134615385 0.6836226370192308 0.29805416346153846 0.6932918725961539 0.27521059615384613
2 0.7431851225961539 0.2930503341346154 0.7528543581730769 0.2871762740384615 0.760976514423077 0.2836953485576923 0.7679383653846154 0.28108465625 0.7644574399038462 0.2776037307692308 0.7443454302884616 0.2830426754807692 0.7319688100961539 0.28674115865384614 0.7211392692307693 0.28804650480769234 0.69522571875 0.29827172115384615 0.6855564831730769 0.30479845432692304 0.6932918725961539 0.31001984134615385 0.6994801826923077 0.3111076298076923 0.7014140288461538 0.30914961057692303 0.7141774182692308 0.30849693749999996 0.7261672692307692 0.3032755504807692 0.7265540384615385 0.2991419519230769 0.7323555793269231 0.29435568028846154 0.7400909687499999 0.29544346875 0.7431851225961539 0.2930503341346154
2 0.8978928798076923 0.3254664447115384 0.8754602548076923 0.3313405048076923 0.8661777908653847 0.33351608173076924 0.8688851754807693 0.34200083653846153 0.9071753461538462 0.3346038701923077 0.9330888942307692 0.32568400240384615 0.9296079711538462 0.32133284615384616 0.9118165793269231 0.32590156009615384 0.8978928798076923 0.3254664447115384
2 0.6963860264423077 0.18884015625 0.6998669519230769 0.18579434615384616 0.6689253990384615 0.18100807451923076 0.6658312451923076 0.1914508485576923 0.6770475576923077 0.19427910096153844 0.6751137091346154 0.19776002403846155 0.6801417115384615 0.19819514182692308 0.6975463341346154 0.19884781490384615 0.6963860264423077 0.18884015625
7 0.3517744975961538 0.21472953125 0.33088894951923076 0.21734022596153846 0.3045886322115385 0.2195158028846154 0.2906649350961538 0.22473718990384617 0.26977938701923077 0.23169903846153844 0.25972338221153846 0.23800821394230767 0.25044091826923076 0.24736319951923078 0.24812030048076925 0.2636800336538462 0.24966737740384615 0.27085943990384614 0.2686190793269231 0.2758632692307692 0.2728735408653846 0.27521059615384613 0.28138246875 0.27803884615384616 0.31348432932692305 0.27825640384615385 0.35602896153846153 0.2697716514423077 0.3668585048076923 0.25127924038461535 0.36415111778846154 0.2414891394230769 0.36995265865384613 0.23278682932692307 0.377688048076923 0.22386695913461538 0.3757541995192308 0.21581732211538462 0.3517744975961538 0.21472953125
5 0.22112786778846155 0.2566494807692308 0.22711261538461539 0.2625807932692308 0.2319574110576923 0.2638632403846154 0.24905668990384616 0.2542448966346154 0.2402220625 0.2467105264423077 0.22483271153846152 0.2526418389423077 0.22141285576923078 0.2540845889423077 0.22112786778846155 0.2566494807692308
5 0.21856297596153845 0.2901533798076923 0.23224239903846153 0.2834205384615385 0.22853755528846154 0.28021442548076925 0.21970292788461537 0.27764953365384615 0.2134331923076923 0.2765273942307692 0.20744844471153845 0.28630604326923076 0.21856297596153845 0.2901533798076923
5 0.2048835528846154 0.3089091514423077 0.19804384134615385 0.31035190384615385 0.20744844471153845 0.31900841346153846 0.22283779567307693 0.31259618269230766 0.2177080120192308 0.30714578846153845 0.2048835528846154 0.3089091514423077
5 0.20288863701923077 0.30650456490384614 0.20146369711538462 0.29784805528846153 0.18578936057692308 0.29752744471153847 0.1849343966346154 0.3004129471153846 0.19091914423076922 0.3108328197115385 0.19633391346153847 0.3114740432692308 0.20117870913461539 0.30939006971153843 0.20288863701923077 0.30650456490384614
8 0.051560024038461535 0.26947393990384616 0.04101546875 0.26835180048076923 0.03474573317307692 0.2705960817307692 0.03132587740384615 0.2705960817307692 0.0299009375 0.2733212788461538 0.03218084134615385 0.27428311298076924 0.03759561298076923 0.27764953365384615 0.04956510817307692 0.2813365649038462 0.054409903846153844 0.2813365649038462 0.05896971153846154 0.2834205384615385 0.07321911057692308 0.2853442091346154 0.08376366586538463 0.2806953413461538 0.08233872596153846 0.27492433653846154 0.07207915865384615 0.2713976105769231 0.051560024038461535 0.26947393990384616
8 0.06267455528846154 0.2550464254807692 0.06381450721153846 0.26081743028846155 0.07464405048076923 0.26819149519230767 0.08832347355769231 0.2784510625 0.09658812500000001 0.28213809375 0.10912759375 0.2798938125 0.10570773798076923 0.27235944471153845 0.09801306490384615 0.26546629807692307 0.08547359375 0.2576113173076923 0.07834889423076923 0.2526418389423077 0.06979925480769231 0.25216092067307694 0.06466947115384615 0.2487945 0.0595396875 0.2516800048076923 0.06267455528846154 0.2550464254807692
12 0.06096462740384615 0.25280214423076924 0.054409903846153844 0.2585731514423077 0.05241498798076923 0.2624204879807692 0.07207915865384615 0.24975633653846152 0.08176875 0.2457486923076923 0.08176875 0.2419013533653846 0.07350409855769231 0.2419013533653846 0.06751935096153847 0.24799297115384616 0.06096462740384615 0.25280214423076924
8 0.01850141826923077 0.25488611778846154 0.017361466346153844 0.26145865384615385 0.013941610576923077 0.26562660336538463 0.012516670673076923 0.27075638701923077 0.017931442307692308 0.2734815841346154 0.0299009375 0.27268005528846156 0.03332079326923077 0.26835180048076923 0.03873556490384615 0.2592143725961539 0.037310625 0.2513593918269231 0.03873556490384615 0.2463899158653846 0.0299009375 0.24462655288461538 0.027336045673076924 0.2487945 0.01850141826923077 0.25488611778846154
5 0.0008321658653846155 0.26418385096153846 0.014511586538461537 0.26626782692307693 0.018216430288461538 0.2616189591346154 0.016506502403846154 0.2587334567307692 0.00653192548076923 0.2550464254807692 0.002257105769230769 0.25344336778846155 0.0008321658653846155 0.2577716225961538 0.0008321658653846155 0.26418385096153846
10 0.03446074519230769 0.3018556995192308 0.0401605048076923 0.2944816346153846 0.0150815625 0.2830999278846154 0.010521757211538462 0.29576408173076923 0.017931442307692308 0.29993203125 0.03446074519230769 0.3018556995192308
11 0.03189585336538461 0.30730609375 0.04415033653846154 0.30939006971153843 0.056119831730769225 0.3061839543269231 0.06865930288461539 0.29961141826923077 0.06666438701923078 0.29159613221153846 0.03645566105769231 0.2758861706730769 0.02505614182692308 0.27268005528846156 0.008526841346153845 0.28165717548076924 0.0031120697115384617 0.2988098894230769 0.012516670673076923 0.3004129471153846 0.03189585336538461 0.30730609375
11 0.0014021418269230769 0.3428939663461538 0.026481081730769233 0.3457794711538461 0.031040889423076923 0.34385580288461537 0.03645566105769231 0.32429850240384617 0.02562611778846154 0.31724505048076923 0.018216430288461538 0.3305504254807692 0.001117153846153846 0.33407715144230765 0.0014021418269230769 0.3428939663461538
9 0.001117153846153846 0.3087488461538461 0.0019721177884615385 0.3335962355769231 0.020211346153846156 0.3292679807692308 0.02306122596153846 0.31500076923076925 0.008811829326923077 0.3079473173076923 0.001117153846153846 0.3087488461538461
5 0.0016871298076923077 0.32798553365384614 0.002827081730769231 0.3323137884615385 0.009951781250000001 0.33247409375000003 0.01850141826923077 0.32654278125 0.011946694711538463 0.32285575000000005 0.002257105769230769 0.32013055288461534 0.0016871298076923077 0.32798553365384614
5 0.009666793269230768 0.3327947067307692 0.005391973557692308 0.3334359302884616 0.00653192548076923 0.34113060336538464 0.01850141826923077 0.34113060336538464 0.020211346153846156 0.3315122596153846 0.009666793269230768 0.3327947067307692
8 0.09031838942307693 0.31435954567307695 0.08148376201923077 0.31708474278846155 0.08547359375 0.32333666826923074 0.08775349759615383 0.3339168461538462 0.09886802644230769 0.3436954951923077 0.09943800240384615 0.34722222115384616 0.10770265384615385 0.3456191658653846 0.11112250961538463 0.3377641826923077 0.10770265384615385 0.3308710384615384 0.10057795432692308 0.3174053557692308 0.09772807692307692 0.31580229807692306 0.09031838942307693 0.31435954567307695
8 0.12480193269230769 0.29095490865384616 0.12081210096153847 0.2927182716346154 0.11340241346153847 0.2901533798076923 0.09858303846153847 0.29496255288461537 0.07179417067307693 0.3018556995192308 0.06637939903846155 0.30490150721153847 0.07065421875 0.3061839543269231 0.07948884615384616 0.3106725144230769 0.09231330528846154 0.30939006971153843 0.08860846153846154 0.3074663990384615 0.09373824519230768 0.3053824254807692 0.10143291826923077 0.3047412019230769 0.10228788221153845 0.30137478125 0.1173922451923077 0.29993203125 0.12565689663461538 0.29768775000000003 0.13050169230769232 0.29400071875 0.12480193269230769 0.29095490865384616
8 0.10599272596153846 0.3198099423076923 0.12622687259615384 0.31724505048076923 0.12366198076923077 0.31644352163461537 0.11824720913461538 0.31035190384615385 0.12138207692307691 0.3057030360576923 0.11682226923076923 0.30377936778846154 0.10542275 0.30987098557692305 0.09060337740384615 0.3106725144230769 0.0874685096153846 0.31371832451923076 0.09858303846153847 0.3166038269230769 0.10599272596153846 0.3198099423076923
10 0.11967214903846154 0.31099312500000004 0.12280701682692308 0.31500076923076925 0.12793680048076922 0.31580229807692306 0.13392154807692308 0.31307710096153846 0.13278159615384616 0.3047412019230769 0.12166706490384614 0.30586334375 0.11967214903846154 0.31099312500000004
11 0.16071041826923077 0.29993203125 0.18350945673076924 0.2997717235576923 0.20915837259615386 0.2959243870192308 0.2177080120192308 0.29079460336538465 0.22597266346153846 0.2693136346153846 0.2117232644230769 0.2558479543269231 0.18949420432692307 0.24991664182692308 0.15985545432692308 0.25087847596153845 0.14560605528846154 0.25488611778846154 0.1302167043269231 0.27075638701923077 0.13620145192307692 0.2887106298076923 0.16071041826923077 0.29993203125
7 0.15273075480769233 0.29368010576923076 0.17438984134615382 0.29897019471153846 0.19718887740384616 0.29095490865384616 0.2051685408653846 0.28037473076923075 0.20060873317307693 0.26787088221153843 0.18806926442307692 0.2552067307692308 0.18122955288461537 0.2489548076923077 0.17182494951923077 0.24238227163461537 0.16042543028846154 0.23981737980769233 0.14503607932692308 0.24029829807692307 0.13363656009615385 0.24093951923076923 0.1302167043269231 0.24687083173076924 0.13648643990384615 0.25151969711538463 0.14845593509615385 0.25151969711538463 0.15273075480769233 0.2550464254807692 0.14389612740384614 0.2576113173076923 0.13392154807692308 0.26963424519230766 0.1359164639423077 0.28566481971153845 0.15273075480769233 0.29368010576923076
7 0.12622687259615384 0.2414204375 0.11425737740384616 0.23629065384615386 0.10684768990384616 0.23260362259615386 0.10000797836538461 0.2343669855769231 0.09601814903846154 0.23773340625 0.08604356971153847 0.2414204375 0.07777891826923077 0.24767236057692307 0.07834889423076923 0.25151969711538463 0.08803848557692308 0.25889376201923076 0.08575858173076924 0.2640235456730769 0.10371282211538461 0.26819149519230767 0.11026754567307692 0.2601762091346154 0.11425737740384616 0.26049681971153843 0.11311742548076922 0.2539242836538462 0.11653728125 0.25616856490384615 0.11910217307692307 0.2640235456730769 0.12622687259615384 0.2685121057692308 0.1330665841346154 0.26674874278846156 0.1379113798076923 0.26081743028846155 0.1370564158653846 0.2516800048076923 0.12964672836538463 0.2487945 0.12622687259615384 0.2414204375
4 0.1404762716346154 0.2959243870192308 0.13107166826923075 0.3198099423076923 0.1815145408653846 0.3193290240384616 0.1872143004807692 0.30281753365384617 0.1849343966346154 0.3004129471153846 0.16099540625000003 0.30009233653846157 0.14589104326923077 0.29416102403846156 0.1404762716346154 0.2959243870192308
8 0.4958562740384615 0.2871075721153846 0.4861666826923077 0.2893518509615384 0.48531171875 0.29496255288461537 0.48474174278846155 0.3032984519230769 0.48673665865384613 0.31243587740384615 0.4915814543269231 0.3198099423076923 0.49186644230769233 0.32798553365384614 0.4989911418269231 0.33311531730769234 0.4995611177884615 0.3372832668269231 0.50754078125 0.3363214326923077 0.5098206850961539 0.31836718990384616 0.5101056730769231 0.31307710096153846 0.5078257692307692 0.2972068317307692 0.5055458653846154 0.28839001682692306 0.4958562740384615 0.2871075721153846
8 0.532334735576923 0.1994203341346154 0.5320497475961539 0.2016646153846154 0.5388894591346154 0.20631348076923078 0.5471541105769231 0.2130463221153846 0.5574136778846154 0.2162524375 0.5602635576923076 0.21945855048076923 0.5688131971153847 0.22106160817307693 0.5725180384615385 0.21737457692307693 0.5656783293269231 0.2106417355769231 0.5596935817307692 0.20390889423076922 0.5465841346153846 0.19396993990384617 0.5386044711538461 0.19268749278846153 0.5354696033653846 0.19589360817307694 0.532334735576923 0.1994203341346154
4 0.7261265576923077 0.3283061466346154 0.7489255961538461 0.32445880769230767 0.74750065625 0.3114740432692308 0.7321113052884616 0.30971068028846155 0.7135870865384616 0.3105122091346154 0.6976277596153846 0.3114740432692308 0.7007626274038461 0.3114740432692308 0.6967727956730769 0.32558094711538466 0.7038974951923076 0.3270236995192307 0.7161519783653846 0.321413 0.7261265576923077 0.3283061466346154
2 0.5340446634615384 0.2956037764423077 0.5437342548076923 0.3021763100961538 0.5596935817307692 0.3182068846153846 0.5696681586538461 0.32253513942307693 0.5881923774038461 0.31099312500000004 0.5517139182692308 0.2890312403846154 0.5403143990384616 0.29111521394230766 0.5180853365384616 0.2773289206730769 0.5095356971153846 0.2827793173076923 0.5200802524038461 0.2901533798076923 0.5340446634615384 0.2956037764423077
7 0.3502274206730769 0.18467220673076923 0.33455308173076925 0.18739740384615383 0.3214436346153846 0.19172565865384616 0.31745380288461533 0.1938096346153846 0.3100441153846154 0.19717605528846155 0.3103291033653846 0.20743562019230768 0.31545888701923075 0.20887837259615386 0.3388279014423077 0.21384785096153847 0.36162693990384615 0.20743562019230768 0.3607719759615385 0.1848325120192308 0.3502274206730769 0.18467220673076923
8 0.9834706971153846 0.23789371153846156 0.9817607692307693 0.2417410480769231 0.9868905528846154 0.24334410576923077 0.9968651322115385 0.24927541826923075 0.9980050841346154 0.23532881971153846 0.9911653725961538 0.23773340625 0.9834706971153846 0.23789371153846156
12 0.09430822115384616 0.3706268605769231 0.09031838942307693 0.3679016610576923 0.08376366586538463 0.3671001322115384 0.07777891826923077 0.3671001322115384 0.066949375 0.3651764639423077 0.05782975961538461 0.36309249038461544 0.053554939903846153 0.3650161586538462 0.0743590625 0.36918410817307695 0.0846186298076923 0.37399327884615385 0.09288328125 0.37399327884615385 0.09430822115384616 0.3706268605769231
2 0.5993069086538462 0.3773596995192308 0.6084265240384615 0.3864971274038461 0.606431608173077 0.3933902740384615 0.6161211995192308 0.40557350961538463 0.6292306466346154 0.4179170504807692 0.6383502620192308 0.4171155216346154 0.6506047451923076 0.41246665625 0.6460449374999999 0.4073368725961538 0.6315105504807692 0.3900238533653846 0.6189710793269231 0.383611625 0.6030117524038462 0.3706268605769231 0.594177125 0.37255052884615386 0.5993069086538462 0.3773596995192308
2 0.5283449038461538 0.3677413557692307 0.5240700841346154 0.3690238028846154 0.5155204447115385 0.3728711394230769 0.5280599158653846 0.38553529326923075 0.550858954326923 0.3948330264423077 0.5690981850961538 0.3951536370192308 0.5719480625 0.40108494951923074 0.584202545673077 0.4046116754807692 0.5864824495192308 0.40060403125 0.5765078701923076 0.3943521081730769 0.5685282091346153 0.3887414086538462 0.5659633173076923 0.3864971274038461 0.5534238461538462 0.37816122836538457 0.5428792908653846 0.3751154206730769 0.5340446634615384 0.3706268605769231 0.5283449038461538 0.3677413557692307
2 0.5770778461538462 0.37158869471153844 0.5776478221153846 0.38810018509615385 0.5776478221153846 0.3937108846153846 0.5864824495192308 0.3996421971153846 0.5844875336538462 0.40509259375 0.5873374134615384 0.4092605408653846 0.5924671971153846 0.41679491105769234 0.6021567884615384 0.4164743004807692 0.6044366923076923 0.4212834711538462 0.6229609110576924 0.41679491105769234 0.6161211995192308 0.40685595673076924 0.6021567884615384 0.3863368221153846 0.5833475817307693 0.37190930528846156 0.5770778461538462 0.37158869471153844
10 0.736386125 0.3706268605769231 0.7227067019230768 0.3672604399038461 0.71786190625 0.3651764639423077 0.7107372067307692 0.3662986057692308 0.7047524591346155 0.37383297355769235 0.707887326923077 0.37527572596153846 0.7158669903846153 0.38056581490384617 0.7269815216346154 0.3853749879807692 0.7418008966346155 0.37206961057692306 0.736386125 0.3706268605769231
8 0.7227067019230768 0.4161536875 0.7164369663461538 0.42497050480769233 0.7087422908653846 0.43603159855769236 0.7110221947115385 0.4408407716346154 0.7073173509615385 0.44388657932692305 0.7172919302884615 0.4461308605769231 0.7201418100961539 0.4413216899038461 0.7258415697115385 0.4397186322115385 0.7332512572115385 0.42897814663461536 0.7403759567307693 0.41952010817307694 0.7392360048076922 0.4164743004807692 0.7355311610576922 0.41631399278846154 0.7281214735576923 0.41503154807692305 0.7227067019230768 0.4161536875
8 0.6853732764423076 0.40829870673076923 0.6696989375 0.41166512740384614 0.6631442163461538 0.41839796874999996 0.6568744807692308 0.4222453052884615 0.654594576923077 0.42432928125 0.6594393725961538 0.4265735600961538 0.7081723149038462 0.4161536875 0.7058924110576924 0.4086193197115385 0.6984827235576923 0.4092605408653846 0.6853732764423076 0.40829870673076923
8 0.63863525 0.44741330769230764 0.6429100697115384 0.4467720841346154 0.6514597091346155 0.4466117788461539 0.6534546250000001 0.4486957524038461 0.6679890096153845 0.443245358173077 0.6805284807692308 0.4379552692307692 0.6913580240384616 0.4341079302884615 0.6830933725961538 0.42497050480769233 0.6765386490384616 0.4260926442307692 0.6631442163461538 0.4307415096153846 0.6471848894230768 0.43651251682692305 0.6343604302884616 0.4430850528846154 0.63863525 0.44741330769230764
8 0.6728338052884616 0.45847440144230767 0.6890781201923077 0.4531843125 0.7016175913461539 0.44693238942307695 0.7095972548076923 0.44212321634615387 0.7064623870192308 0.43779496153846154 0.6984827235576923 0.4392377139423077 0.6788185528846153 0.4401995480769231 0.6674190336538461 0.4446881081730769 0.648609829326923 0.4507797259615384 0.6332204783653845 0.4531843125 0.6306555865384615 0.4555888990384615 0.6377802860576923 0.46713091105769233 0.6728338052884616 0.45847440144230767
4 0.9236232235576923 0.4161536875 0.9318878749999999 0.40252770192307696 0.9278980432692308 0.39771852884615383 0.9202033677884616 0.3951536370192308 0.8988292692307692 0.4153521586538461 0.9090888365384615 0.4193598028846154 0.9236232235576923 0.4161536875
2 0.43429887259615385 0.41968041346153845 0.43914366826923074 0.422085 0.4585228509615385 0.42497050480769233 0.4773320576923077 0.43010028846153847 0.4907264903846154 0.42817661778846156 0.5069708052884615 0.42721478365384613 0.49870615384615385 0.42144377644230774 0.4873066346153846 0.41567277163461536 0.4627976706730769 0.4115048221153846 0.4434184879807692 0.40942084855769234 0.4365787764423077 0.4132681850961539 0.43429887259615385 0.41968041346153845
8 0.48502673076923075 0.31724505048076923 0.4750521538461538 0.33327562259615384 0.47077733413461537 0.3446573293269231 0.4670724903846154 0.359886375 0.4770470697115385 0.3650161586538462 0.48531171875 0.3618100432692308 0.4875916225961538 0.3560390384615385 0.4938613581730769 0.33888632451923073 0.49329138221153845 0.33167256490384617 0.49129646634615387 0.3185274951923077 0.48502673076923075 0.31724505048076923
2 0.4716322980769231 0.40765748317307693 0.4895865384615385 0.4103826826923077 0.4978511899038462 0.4081384014423077 0.4978511899038462 0.3975582235576923 0.4875916225961538 0.3937108846153846 0.44940323557692313 0.3892223245192307 0.43201896874999995 0.3978788341346154 0.4345838605769231 0.39932158653846156 0.4516831394230769 0.4049322860576923 0.4716322980769231 0.40765748317307693
6 0.9655164543269231 0.38377193028846157 0.9606716586538462 0.3949933317307692 0.9606716586538462 0.42769570192307693 0.9757760216346154 0.4358712932692308 0.9991450360576923 0.3489855865384615 0.9618116105769231 0.3446573293269231 0.9655164543269231 0.38377193028846157
2 0.3667567235576923 0.3903444639423077 0.3619119278846154 0.3925887451923077 0.36447681971153845 0.3985200576923077 0.37388142307692307 0.4121460456730769 0.37958118269230773 0.42080255528846155 0.38841581009615384 0.42288652884615385 0.39867537499999994 0.4373140456730769 0.40694002644230765 0.4363522115384615 0.4001003149038462 0.41423001923076924 0.38385600240384615 0.3876192668269231 0.3770162908653846 0.38729865625 0.3667567235576923 0.3903444639423077
8 0.8919895576923077 0.40092464423076923 0.9025341129807691 0.40765748317307693 0.9105137764423077 0.4044513701923077 0.9184934399038462 0.39595516586538465 0.9156435600961538 0.39403149759615386 0.9025341129807691 0.39306966346153843 0.8942694615384615 0.3965963894230769 0.8919895576923077 0.40092464423076923
6 0.09772807692307692 0.40108494951923074 0.08604356971153847 0.39627577644230766 0.07692395432692309 0.3957948605769231 0.06466947115384615 0.408779625 0.06637939903846155 0.4134284903846154 0.08433364182692307 0.4200010264423077 0.09772807692307692 0.40108494951923074
7 0.23509227884615386 0.4060544278846154 0.33626300961538463 0.3497871129807692 0.25931625721153845 0.3066648701923077 0.16983003365384614 0.37094747115384613 0.23509227884615386 0.4060544278846154
8 0.7457907283653846 0.47931414903846153 0.7460757163461539 0.4887721875 0.7537703918269231 0.49261952403846154 0.764884920673077 0.49197830048076924 0.7694447283653846 0.4839630144230769 0.7691597403846154 0.4708179447115385 0.7677348004807693 0.45927593028846153 0.7631749951923077 0.45815379086538466 0.7534854038461538 0.45751256730769235 0.7480706322115385 0.4597568485576923 0.7446507764423077 0.4685736634615385 0.7457907283653846 0.47931414903846153
7 0.9897404326923076 0.5059248990384615 0.9886004807692307 0.4991920600961538 0.9948702163461539 0.4971080841346154 0.9985750600961538 0.49774930769230774 0.9997150120192307 0.47931414903846153 0.9803358293269231 0.4833217908653846 0.9831857091346153 0.49037524278846156 0.9672263822115384 0.4890927980769231 0.9521220216346153 0.4931004423076923 0.9469922379807693 0.5033600072115385 0.9572518052884615 0.5035203149038462 0.9586767427884616 0.5067264278846154 0.9515520456730768 0.5078485697115385 0.9478472019230769 0.5068867355769231 0.9563968413461539 0.5136195745192308 0.9777709375 0.5137798822115385 0.9940152524038461 0.5100928485576923 0.9948702163461539 0.5059248990384615 0.9897404326923076 0.5059248990384615
8 0.2863901153846154 0.4696958028846154 0.3063392716346154 0.46456601923076923 0.30405936778846154 0.45013850480769235 0.2909499230769231 0.4454896370192308 0.28325524759615384 0.4437262740384615 0.28126033173076925 0.45350492548076926 0.2863901153846154 0.4696958028846154
2 0.553138858173077 0.482840875 0.5585536298076923 0.49598594471153845 0.5665332932692307 0.5070470408653847 0.5742279663461539 0.5112149903846154 0.5813526658653847 0.5238791418269231 0.5901872932692307 0.5222760841346153 0.5864824495192308 0.5075279567307692 0.5870524254807692 0.4991920600961538 0.581922641826923 0.4876500456730769 0.573088014423077 0.4754668100961539 0.55940859375 0.4748255865384615 0.5525688822115384 0.4773904783653846 0.553138858173077 0.482840875
7 0.5494340144230769 0.4940622764423077 0.5571286899038461 0.50432184375 0.5847725216346153 0.49534472115384615 0.5896173173076923 0.49534472115384615 0.6363553461538461 0.48572637740384617 0.6161211995192308 0.44741330769230764 0.5585536298076923 0.45767287259615386 0.5357545913461539 0.46664999519230765 0.5377495072115385 0.4764286442307692 0.5400294110576923 0.48364240384615387 0.5494340144230769 0.4940622764423077
7 0.9774859495192308 0.5233982259615385 0.9655164543269231 0.5246806706730769 0.95924671875 0.5274058677884615 0.9569668173076923 0.53542115625 0.9623815865384615 0.5461616394230769 0.9820457572115384 0.54648225 0.9888854687499999 0.54279521875 0.9980050841346154 0.5415127740384615 0.9997150120192307 0.5096119326923076 0.9914503605769232 0.5126577403846154 0.986320576923077 0.5182684423076923 0.9774859495192308 0.5233982259615385
7 0.009951781250000001 0.5370242115384616 0.0031120697115384617 0.5395891033653846 0.00254209375 0.5961770288461539 0.019641370192307692 0.5902457163461539 0.03845057692307692 0.5748563653846154 0.03588568509615385 0.5607494615384615 0.02619609375 0.5435967475961538 0.009951781250000001 0.5370242115384616
8 0.21713803605769233 0.5772609519230769 0.20687846875 0.5811082884615385 0.19633391346153847 0.5851159326923077 0.20716345673076922 0.5932915264423078 0.24050705048076923 0.58575715625 0.24763175 0.5809479831730769 0.2459218221153846 0.5761388125 0.2345223028846154 0.5748563653846154 0.21713803605769233 0.5772609519230769
8 0.3359780216346154 0.5155432451923077 0.34481264903846154 0.5187493581730769 0.3582070841346154 0.5217951682692308 0.3901257379807692 0.5246806706730769 0.41577465384615386 0.5229173076923077 0.4194794975961538 0.5185890528846154 0.39525551923076924 0.5113752956730769 0.3701765793269231 0.5081691802884616 0.3553572043269231 0.5048027596153847 0.3396828653846154 0.5072073461538461 0.3354080456730769 0.5097722379807692 0.3359780216346154 0.5155432451923077
7 0.44427345192307693 0.5740548365384616 0.4516831394230769 0.5655586322115385 0.43572381250000003 0.5402303269230769 0.39639547115384616 0.5389478822115384 0.38499595432692313 0.5419936899038462 0.3718865072115385 0.5562609014423077 0.3693216153846154 0.5743754495192308 0.4080799783653846 0.5822304302884616 0.44427345192307693 0.5740548365384616
3 0.5611185216346154 0.5561005961538462 0.5696681586538461 0.5517723413461538 0.5682432211538462 0.5451998052884616 0.5599785697115385 0.5448791947115385 0.5448742067307693 0.543917358173077 0.5294848557692308 0.54279521875 0.5212202043269231 0.5456807211538461 0.5215051923076923 0.5527341754807693 0.5403143990384616 0.5556196778846154 0.5611185216346154 0.5561005961538462
8 0.6112764038461539 0.5243600600961538 0.6044366923076923 0.5274058677884615 0.5967420168269231 0.5306119831730769 0.5901872932692307 0.5362226826923077 0.5816376538461538 0.54279521875 0.5728030264423076 0.5482456129807692 0.5693831730769231 0.552092951923077 0.5719480625 0.5564212067307692 0.5833475817307693 0.5588257932692308 0.5970270048076923 0.5490471418269232 0.6047216802884615 0.54279521875 0.6129863317307692 0.5357417668269231 0.6138412956730769 0.5304516778846154 0.6181161153846154 0.5278867860576922 0.6112764038461539 0.5243600600961538
8 0.6192560673076923 0.5254821995192308 0.6164061875000001 0.5336577932692308 0.6109914158653846 0.5371845192307693 0.6092814879807692 0.5455204158653847 0.6109914158653846 0.5562609014423077 0.6107064278846154 0.5649174110576923 0.6166911754807691 0.5660395504807693 0.636070358173077 0.5647571057692308 0.6377802860576923 0.55465784375 0.6366403341346154 0.5423143028846154 0.6298006225961538 0.53093259375 0.6272357307692308 0.5230776129807693 0.6223909350961538 0.5225966971153846 0.6192560673076923 0.5254821995192308
8 0.7557653076923077 0.5378257403846154 0.7489255961538461 0.5415127740384615 0.7423708725961539 0.5435967475961538 0.7477856442307692 0.5484059206730769 0.7466456923076923 0.5508105048076923 0.7879689471153846 0.5604288509615385 0.7970885625 0.558344875 0.7799892836538462 0.5424746081730769 0.7665948485576923 0.5378257403846154 0.7557653076923077 0.5378257403846154
8 0.7497805600961538 0.5641158822115384 0.7571902475961539 0.5772609519230769 0.777424391826923 0.5766197283653847 0.7754294759615384 0.569886889423077 0.7688747524038462 0.5610700721153846 0.7651699086538462 0.5556196778846154 0.7494955721153846 0.5527341754807693 0.7446507764423077 0.5501692836538461 0.7455057403846154 0.5474440865384615 0.7412309206730769 0.5432761370192307 0.7392360048076922 0.5500089759615384 0.7452207524038462 0.5626731298076924 0.7497805600961538 0.5641158822115384
4 1 0.5774212572115385 0.9974351081730769 0.5541769254807692 0.95924671875 0.553535704326923 0.952976985576923 0.5666807740384615 0.9558268653846155 0.5754975889423076 1 0.5774212572115385
7 0.9985750600961538 0.5948945841346154 0.9809058052884615 0.5905663269230769 0.9615266225961538 0.6069175120192308 0.9378726225961539 0.6128488245192307 0.9435723822115385 0.6207038052884616 0.9475622139423077 0.6341694879807692 0.9658014423076923 0.6439481370192308 0.9715012019230769 0.6518031177884616 0.9760610096153847 0.6524443413461539 0.9829007211538462 0.640902329326923 0.9905953966346155 0.6372152980769231 0.9917353485576924 0.6428259975961539 0.9888854687499999 0.6466733365384615 0.9982900721153847 0.6469939471153846 0.9985750600961538 0.5948945841346154
11 0.7577602235576923 0.6293603149038461 0.738951016826923 0.6163755504807693 0.7247016177884615 0.6142915769230769 0.7053224350961538 0.6112457668269231 0.6845183125 0.6160549399038462 0.6725488173076923 0.6293603149038461 0.671123877403846 0.6384977427884616 0.6810984567307692 0.6503603677884615 0.7138720745192307 0.6631848269230769 0.7190018581730769 0.6495588389423077 0.7289764375 0.6489176153846153 0.7318263173076923 0.6622229927884615 0.7429408485576924 0.6606199350961539 0.76232003125 0.6433069158653846 0.7577602235576923 0.6293603149038461
8 0.7343912091346153 0.6625436033653845 0.7329662692307692 0.6662306346153847 0.7423708725961539 0.6670321634615385 0.7352461730769231 0.67312378125 0.7503505360576923 0.6761695913461538 0.7788493317307693 0.6800169278846154 0.7879689471153846 0.6670321634615385 0.750065548076923 0.6586962644230769 0.7463607043269231 0.6577344302884616 0.7463607043269231 0.6596581009615385 0.7343912091346153 0.6625436033653845
2 0.19120413221153848 0.6138106586538462 0.1877842764423077 0.6200625841346153 0.18436442067307693 0.6359328509615385 0.1866443245192308 0.6469939471153846 0.2048835528846154 0.647154252403846 0.20744844471153845 0.6407420240384615 0.2048835528846154 0.6348107115384616 0.20659348076923076 0.6255129783653846 0.2051685408653846 0.6184595264423076 0.20260364903846154 0.6136503533653846 0.1974738653846154 0.6088411826923077 0.19718887740384616 0.6070778197115385 0.1931990480769231 0.6072381250000001 0.19120413221153848 0.6138106586538462
0 0.5417393389423076 0.6029098701923077 0.5038359375 0.6001846730769231 0.44968822355769233 0.5966579471153847 0.43914366826923074 0.6200625841346153 0.43914366826923074 0.6325664302884615 0.5283449038461538 0.6386580480769232 0.5417393389423076 0.6029098701923077
7 0.6471848894230768 0.6024289519230769 0.6286606706730768 0.6211847235576923 0.6203960192307693 0.6399404951923077 0.6372103100961539 0.6524443413461539 0.6665640721153847 0.6527649543269232 0.68081346875 0.647154252403846 0.6836633485576923 0.6384977427884616 0.7341062211538462 0.6364137692307692 0.738666028846154 0.5913678557692308 0.6927829639423078 0.594253360576923 0.6471848894230768 0.6024289519230769
6 0.4253971899038461 0.5362415432692308 0.4585228509615385 0.551291423076923 0.5142631442307692 0.5745829038461538 0.5894329134615385 0.6023535144230769 0.5999439423076923 0.5948285745192308 0.44100447115384617 0.5262082908653846 0.4253971899038461 0.5362415432692308
7 0.9812075576923077 0.6935486177884616 0.9783409134615385 0.7041193677884615 0.9914000697115385 0.7069860096153846 0.9987259350961538 0.7039402019230769 0.9980889038461539 0.6844111923076923 0.9885334254807692 0.6842320264423076 0.9812075576923077 0.6935486177884616
7 0.9515855721153846 0.7161234375000001 0.9522226033653846 0.7227525504807691 0.9461708004807693 0.7338607956730769 0.9369338389423076 0.7365482740384616 0.9324746153846154 0.7413857355769231 0.9544522163461538 0.7496273365384615 0.9710150456730768 0.7472981875 0.9933111658653846 0.7329649687500001 0.9955407764423078 0.7163026033653845 0.9882149086538461 0.7093151586538462 0.9732446586538461 0.7068068461538461 0.95700034375 0.7100318197115385 0.9515855721153846 0.7161234375000001
7 0.8592159423076923 0.7745313028846154 0.8617640697115385 0.7775771129807693 0.9031711442307693 0.7752479639423077 0.9018970817307692 0.7632438942307692 0.8837416706730769 0.7546439639423077 0.8617640697115385 0.7550022932692309 0.8477493653846153 0.7576897716346154 0.8429716274038461 0.7716646610576923 0.8592159423076923 0.7745313028846154
7 0.7400909687499999 0.6790362355769232 0.7378613557692308 0.6776029134615384 0.7298984567307693 0.6829778701923076 0.7292614254807692 0.6863820096153846 0.7254392331730769 0.6965944278846153 0.7232096225961538 0.7046568629807692 0.7232096225961538 0.7134359591346153 0.7321280697115384 0.7175567596153846 0.7464612884615385 0.7155859423076923 0.7601574735576923 0.7128984639423077 0.7754462403846154 0.706448514423077 0.7792684326923076 0.6982069134615384 0.7818165600961537 0.6867403389423077 0.7719425649038462 0.6811862163461538 0.7582463774038462 0.6790362355769232 0.7506019951923076 0.6774237475961539 0.7400909687499999 0.6790362355769232
2 0.651862045673077 0.6611197115384615 0.6512250120192308 0.665957173076923 0.6843506730769231 0.6734821129807693 0.7190689134615386 0.6824403725961539 0.7286243942307693 0.6819028774038463 0.7394539375 0.6750945985576924 0.7200244615384614 0.669719641826923 0.7076023389423077 0.6652405120192307 0.6900839615384615 0.6652405120192307 0.651862045673077 0.6611197115384615
0 0.4620265264423077 0.7515981538461538 0.4699894254807692 0.7123609687500001 0.3760272139423077 0.7084193317307693 0.3636050913461538 0.7446107091346155 0.3722050216346154 0.7492690048076922 0.4620265264423077 0.7515981538461538
7 0.9050822403846154 0.7268733509615385 0.9038081778846153 0.7318899783653846 0.9184599110576923 0.7419232307692307 0.9468078341346153 0.7315316466346153 0.9499929927884616 0.7103901490384616 0.9219635865384616 0.7030443749999999 0.9206895240384616 0.7066276802884615 0.9213265552884615 0.7109276466346154 0.9130451394230769 0.7193484110576923 0.9050822403846154 0.7268733509615385
7 0.8987119206730768 0.7281275072115385 0.9184599110576923 0.7171984302884616 0.9190969423076923 0.7062693509615384 0.8872453461538462 0.6919361322115385 0.8827861225961539 0.6913986346153845 0.8802379951923077 0.7068068461538461 0.8840601875 0.7202442379807692 0.8862897980769231 0.7261566899038462 0.8987119206730768 0.7281275072115385
7 0.7088764038461538 0.7510606586538462 0.7174763341346153 0.7691563461538462 0.7107874999999999 0.7804437572115385 0.7162022692307691 0.7859978798076923 0.7404094831730769 0.7945978100961538 0.770987016826923 0.7972852884615385 0.813349641826923 0.7933436538461538 0.8197199615384616 0.7743521394230769 0.7897794591346153 0.7548231274038462 0.739135420673077 0.7555397884615385 0.7362687764423076 0.7524939807692307 0.7388169038461538 0.7496273365384615 0.7467798028846153 0.7426398918269231 0.7477353509615384 0.7261566899038462 0.7362687764423076 0.7211400649038461 0.7302169735576923 0.7157651081730769 0.7171578173076922 0.7157651081730769 0.6875358341346154 0.7247233677884615 0.6900839615384615 0.7326066394230769 0.7040986634615384 0.7378024302884616 0.7120615625 0.7352941177884615 0.7142911754807693 0.7412065697115384 0.7088764038461538 0.7510606586538462
2 0.5827440793269231 0.7360107788461538 0.5779663389423078 0.7392357524038461 0.5833811105769231 0.7467606923076923 0.5951662019230769 0.7501648317307693 0.6123660649038462 0.7489106754807692 0.6257437355769231 0.7517773197115385 0.6547286875 0.7474773533653847 0.6620545552884616 0.7394149182692308 0.6744766778846153 0.7367274399038461 0.6728840985576923 0.731352483173077 0.6591879110576924 0.7304566562500001 0.6496324326923077 0.7272316826923078 0.6193734158653845 0.7290233341346154 0.5827440793269231 0.7360107788461538
7 0.4811374831730769 0.7292025 0.4980188317307693 0.7304566562500001 0.5126705649038461 0.7349357860576924 0.5279593317307693 0.7204234038461539 0.5241371394230769 0.7084193317307693 0.5317815240384616 0.7035818701923078 0.5295519110576923 0.6999985673076924 0.5158557259615384 0.7021485504807692 0.4961077355769231 0.6994610697115384 0.47827084134615383 0.69928190625 0.4712634903846154 0.7046568629807692 0.4703079423076923 0.711465141826923 0.47922638942307694 0.7175567596153846 0.48177451682692307 0.7245442043269231 0.4811374831730769 0.7292025
7 0.9662373076923078 0.7793687644230769 0.9560447956730769 0.7799062596153846 0.9506300240384615 0.785639548076923 0.940437514423077 0.7890436875 0.9254672620192307 0.7895811826923077 0.9155932668269231 0.7924478269230769 0.9184599110576923 0.8049893942307692 0.9222821033653846 0.8157393076923077 0.9340671947115384 0.81896428125 0.9448967379807692 0.8144851514423077 0.9534966682692307 0.8051685576923078 0.95700034375 0.7963894615384616 0.9671928557692309 0.7931644879807693 0.97069653125 0.7822354086538461 0.9662373076923078 0.7793687644230769
8 0.655684235576923 0.74855234375 0.6426250817307693 0.7498065024038462 0.6324325697115385 0.7526731442307693 0.6308399903846154 0.7596605889423077 0.6528175913461538 0.7621689014423076 0.6693804230769231 0.7601980841346154 0.6712915192307692 0.7524939807692307 0.6709730024038462 0.7492690048076922 0.655684235576923 0.74855234375
13 0.5521665456730769 0.8211142644230769 0.5438851298076923 0.8153809759615385 0.5362407475961539 0.81394765625 0.5285963629807692 0.8166351346153846 0.5177668221153846 0.8246975697115384 0.5225445600961538 0.8352683173076922 0.5362407475961539 0.8393891177884616 0.5528035769230769 0.8322225096153846 0.5578998341346154 0.8268475528846154 0.5521665456730769 0.8211142644230769
7 0.5572628004807693 0.8259517259615384 0.5566257692307692 0.8315058485576923 0.5664997644230769 0.8363433100961538 0.5817885312500001 0.8401057788461539 0.6040846490384616 0.8352683173076922 0.6047216802884615 0.8232642475961539 0.6012180048076923 0.8055268894230768 0.5801959519230769 0.7951353052884615 0.5623590576923078 0.7949561394230769 0.5445221634615385 0.8026602451923076 0.5461147427884615 0.8153809759615385 0.5572628004807693 0.8259517259615384
0 0.5489813870192308 0.7827729038461538 0.5454777091346154 0.7996144375 0.5741441466346153 0.7929853221153846 0.6031291009615385 0.80337690625 0.6075883245192307 0.8135893245192308 0.6063142596153847 0.8372391346153846 0.59548471875 0.8379557956730769 0.5989883942307692 0.8393891177884616 0.5846551754807693 0.8492432067307691 0.6279733461538461 0.8662639038461539 0.6308399903846154 0.867876389423077 0.6585508798076922 0.7944186442307692 0.5518480288461538 0.7741729735576922 0.5489813870192308 0.7827729038461538
7 0.7977423581730769 0.8039144014423076 0.7617500552884615 0.8098268557692307 0.7614315384615384 0.8117976730769231 0.7595204423076923 0.8180684543269231 0.7576093461538461 0.8281017091346154 0.7623870865384615 0.8456599014423076 0.7824535913461539 0.8530056754807693 0.7920090721153846 0.8680555552884616 0.8041126778846154 0.8689513822115384 0.8082533870192308 0.8565889807692308 0.8146237043269231 0.8569473100961538 0.8238606682692308 0.8522890144230769 0.825134733173077 0.8270267163461539 0.8229051201923077 0.8110810120192308 0.7977423581730769 0.8039144014423076
2 0.998407420673077 0.8490640408653847 0.8913860552884615 0.8734305120192307 0.8936156658653847 0.87880546875 0.9987259350961538 0.8547973293269231 0.998407420673077 0.8490640408653847
2 0.9974518725961539 0.8900928798076924 1 0.8847179230769231 0.8674973557692307 0.8782679735576924 0.8652677451923078 0.8820304447115385 0.8891564423076923 0.8854345841346153 0.9974518725961539 0.8900928798076924
2 0.9022155961538462 0.8863304086538462 0.8968008245192307 0.8895553846153846 0.9996814831730769 0.8963636634615385 0.998407420673077 0.891526201923077 0.9496744759615384 0.8879428966346155 0.9022155961538462 0.8863304086538462
13 0.75569825 0.8621431033653846 0.7359502596153846 0.8637555889423076 0.7152467235576924 0.8718180264423077 0.7050542115384615 0.8899137139423078 0.7133356274038462 0.9047844278846154 0.7324465841346155 0.9117718725961539 0.7576093461538461 0.9110552115384615 0.7722610817307692 0.9040677668269231 0.7818165600961537 0.8949303413461538 0.7846832043269232 0.8834637644230768 0.7792684326923076 0.8718180264423077 0.7617500552884615 0.8633972596153847 0.75569825 0.8621431033653846
0 0.8194014447115384 0.9225217860576923 0.8745047067307692 0.9189384807692308 0.8614455528846154 0.8574848076923077 0.812712610576923 0.8589181298076922 0.7674833413461539 0.8605306153846153 0.7133356274038462 0.8709221995192308 0.7181133653846155 0.9078302379807692 0.7235281370192308 0.9332716995192307 0.7700314687500001 0.9277175793269231 0.8194014447115384 0.9225217860576923
6 0.6435806298076923 0.9680297548076923 0.6607804903846154 0.9531590408653846 0.611092 0.8861512451923077 0.5958032331730769 0.8926011923076923 0.5935736225961539 0.9026344447115384 0.6435806298076923 0.9680297548076923
6 0.8687714206730769 0.9717922259615384 0.9458522860576923 0.9732255480769231 0.9538151850961539 0.8949303413461538 0.8722750961538461 0.8861512451923077 0.8751417403846153 0.92055096875 0.7907350072115384 0.9271800817307692 0.7869128149038461 0.9601464855769231 0.8037941610576923 0.9640881201923077 0.8687714206730769 0.9717922259615384
2 0.9477633798076923 0.9622964687500001 0.9987259350961538 0.9898879134615384 0.9974518725961539 0.9820046442307693 0.9493559615384615 0.9547715288461538 0.9477633798076923 0.9622964687500001
13 0.6782988701923076 0.9925753918269231 0.6919950576923076 0.9932920528846154 0.7136541418269231 0.9825421394230769 0.7244836850961539 0.9723297211538462 0.7216170408653846 0.9617589735576922 0.7088764038461538 0.9605048149038461 0.7044171802884616 0.9528007115384616 0.6919950576923076 0.9501132331730768 0.66778784375 0.9540548677884615 0.6474028197115385 0.9657006081730769 0.6474028197115385 0.9852296177884615 0.6782988701923076 0.9925753918269231
9 0.7388169038461538 0.9861254447115384 0.7174763341346153 0.9816463125 0.7031431153846154 0.9888129230769231 0.6954987331730769 0.9952628701923077 0.6939061514423077 0.9993836706730769 0.7400909687499999 0.9992045072115385 0.74136503125 0.9958003677884615 0.7388169038461538 0.9861254447115384
11 0.33047943028846155 0.7345774567307692 0.32761278605769234 0.7317108125 0.31232401923076925 0.7331441346153846 0.30404260576923076 0.7379815961538461 0.29799080048076926 0.7440732139423076 0.3002204134615385 0.7550022932692309 0.31614621153846156 0.76163140625 0.3378052980769231 0.7562564495192308 0.3451311658653846 0.74604403125 0.33047943028846155 0.7345774567307692