0 0.5174836947115384 0.7949155288461539 0.5066541514423076 0.7996534543269231 0.49582461057692306 0.7779943677884616 0.4874016322115385 0.77190275 0.47416552403846157 0.7827322932692307 0.4765720889423077 0.7861165264423077 0.4645392620192308 0.7962692235576923 0.4428801778846154 0.8064219182692308 0.4585228509615385 0.8253736201923078 0.4910114783653846 0.8531243221153846 0.5307198028846154 0.8355263149038462 0.5559887379807692 0.8152209230769232 0.5752412572115385 0.8023608413461538 0.5595985841346154 0.7881470649038461 0.5511756081730769 0.7800249086538462 0.5174836947115384 0.7949155288461539
0 0.4849950673076923 0.7536278966346154 0.49341804567307695 0.7739332908653846 0.5054508701923077 0.7982997620192307 0.5523788894230769 0.7786712139423078 0.6005101923076923 0.7658111322115384 0.5812576706730769 0.7245235 0.5415493461538461 0.7333225048076923 0.5319230865384615 0.7387372740384616 0.50906071875 0.7461825865384615 0.4849950673076923 0.7536278966346154
2 0.4714733990384615 0.8494508629807692 0.4627569375 0.8637141634615385 0.4556252860576923 0.8784231923076924 0.4461164206730769 0.8980352307692308 0.4358151466346154 0.9180929975961539 0.42392906490384613 0.9399336754807692 0.42964406971153846 0.9485596706730769 0.4404736129807692 0.9255468918269231 0.4561162860576923 0.8889971850961539 0.47416552403846157 0.8565085552884616 0.47897865384615385 0.846355858173077 0.47781264423076925 0.8414277572115385 0.4714733990384615 0.8494508629807692
2 0.4698885865384615 0.7883861081730769 0.4722658052884615 0.7843745552884616 0.46592656009615385 0.783928826923077 0.4540404759615385 0.7919519326923077 0.4381923653846154 0.800420766826923 0.41758981971153847 0.8129011562499999 0.3843087836538462 0.8338503774038462 0.35974421153846153 0.8467764951923077 0.33676444951923074 0.861039795673077 0.3137846875 0.8757488221153846 0.31774671634615387 0.8779774639423077 0.3375568557692308 0.8672799879807692 0.3684606730769231 0.8476679495192307 0.42313665865384614 0.8169127091346154 0.45641769230769236 0.7964092139423078 0.4698885865384615 0.7883861081730769
2 0.4841518894230769 0.7701112548076924 0.46196453125 0.7830373701923077 0.4326455264423077 0.7986378557692307 0.39540246153846154 0.8178041658653845 0.35815940144230773 0.83964484375 0.36291383413461537 0.8432106682692309 0.38668600240384615 0.8342961057692307 0.4199670360576923 0.8120096995192309 0.4516632596153846 0.7932891177884615 0.4738506153846154 0.783928826923077 0.4881139158653846 0.7732313509615385 0.4841518894230769 0.7701112548076924
2 0.32329355528846154 0.7995293100961539 0.32804798798076923 0.8035408653846154 0.38272397355769233 0.7941805745192307 0.4342303365384615 0.7852660096153846 0.4675113701923077 0.7794715456730769 0.4698885865384615 0.7741228076923077 0.43898476923076923 0.7790258173076924 0.40174170673076925 0.7861574663461539 0.34785812740384614 0.7941805745192307 0.32329355528846154 0.7995293100961539
7 0.27733403125 0.8998181418269231 0.28367327403846154 0.9149728990384615 0.29555935817307694 0.9292361995192308 0.31219987740384614 0.9278990168269231 0.33676444951923074 0.9154186274038462 0.35102775 0.9082869783653845 0.34785812740384614 0.8940236778846155 0.33517963942307694 0.8846633870192308 0.3169543100961538 0.8810975600961538 0.28605049278846156 0.8882292115384616 0.27733403125 0.8998181418269231
8 0.30484647836538464 0.999419846153846 0.3074249399038461 0.9898473028846154 0.29865816826923075 0.9875266875 0.26977938701923077 0.9843358389423076 0.25327722596153845 0.9840457620192308 0.24863599278846155 0.9863663798076924 0.23986922115384615 0.9863663798076924 0.23986922115384615 0.9892671490384616 0.24915168509615387 0.9924579975961538 0.25585568990384616 0.9947786129807692 0.2723578485576923 0.9973893076923077 0.287828625 0.999419846153846 0.30484647836538464 0.999419846153846
5 0.3192858701923077 0.9939083822115384 0.32392710096153843 0.9883969182692307 0.31412894471153846 0.9846259158653846 0.3074249399038461 0.9950686899038461 0.3192858701923077 0.9939083822115384
13 0.3976711322115385 0.9939083822115384 0.40385944230769233 0.9921679206730769 0.4136576009615384 0.9866564567307693 0.4234557596153846 0.9796946057692307 0.4198459110576923 0.9765037596153847 0.38890436057692307 0.970412141826923 0.35899419230769236 0.9640304471153847 0.3368194158653846 0.9860763028846153 0.3228957163461538 0.9988396923076923 0.3440391105769231 0.9997099230769231 0.3698237355769231 0.9997099230769231 0.3904514375 0.9991297692307692 0.3904514375 0.9976793846153846 0.3976711322115385 0.9939083822115384
13 0.5570201225961539 0.978534298076923 0.5595985841346154 0.975053375 0.5601142764423077 0.9698319879807692 0.5565044302884615 0.9646106009615385 0.5503161201923077 0.9614197524038463 0.5539259663461539 0.9532975961538461 0.5580515072115385 0.9486563629807693 0.5647555096153846 0.9466258245192307 0.5657868942307692 0.9367632043269231 0.5580515072115385 0.9338624326923076 0.5446435024038462 0.9367632043269231 0.5358767283653847 0.9382135889423077 0.5327825745192307 0.9428548221153845 0.5296884182692307 0.9451754374999999 0.5255628774038461 0.95822890625 0.5276256490384615 0.9733129110576922 0.5276256490384615 0.9823053004807693 0.5260785697115384 0.9860763028846153 0.5369081129807692 0.9857862259615384 0.5405179615384615 0.9831755312499999 0.5425807307692307 0.9762136826923077 0.5570201225961539 0.978534298076923
13 0.5730611923076923 0.9142156850961538 0.5772656033653847 0.9073357403846154 0.5711500985576923 0.9026057788461539 0.5657990288461539 0.9034657716346154 0.5623590576923078 0.9051857596153846 0.5489813870192308 0.9097007235576923 0.53827925 0.9133556923076923 0.525666016826923 0.9180856562499999 0.5240158004807692 0.9222593509615385 0.525666016826923 0.9277605769230769 0.5321637427884616 0.9290505673076923 0.53942590625 0.9273305817307692 0.5508924807692307 0.924105608173077 0.5665634663461538 0.9176556586538461 0.5730611923076923 0.9142156850961538
7 0.5004395528846154 1 0.5268126754807693 0.9989250096153846 0.526430454326923 0.9948400408653846 0.5161105384615385 0.9980650144230769 0.51075946875 0.9935500504807693 0.5191682908653846 0.9894650841346154 0.5241371394230769 0.9830151370192308 0.5268126754807693 0.9776401778846153 0.526048235576923 0.9694702451923077 0.5245193581730769 0.9613003100961539 0.5279593317307693 0.9509803918269231 0.5321637427884616 0.9436704495192308 0.53789703125 0.9367905048076923 0.5401903461538462 0.9303405576923077 0.53866146875 0.927975576923077 0.5306348653846154 0.9294805649038461 0.5275771129807693 0.9370055048076923 0.5210793870192307 0.9445304447115385 0.5153460985576923 0.9567853461538461 0.5164927572115384 0.9462504302884616 0.522990483173077 0.939370485576923 0.5287237692307692 0.9286205721153846 0.5233727019230769 0.9264705889423077 0.522608264423077 0.9221706225961538 0.5111416899038461 0.9269005841346154 0.5050261826923077 0.9312005504807692 0.5031150865384615 0.9335655312500001 0.4985284567307692 0.927975576923077 0.48744410096153845 0.9318455456730769 0.4843863461538461 0.9361455096153846 0.4832396899038462 0.9471104230769231 0.4847685673076923 0.9535603725961538 0.4790352788461538 0.9535603725961538 0.4740664302884615 0.95700034375 0.4702442379807692 0.962805298076923 0.46680426442307693 0.9683952524038462 0.46107097836538463 0.9757051947115385 0.45610212980769227 0.98043515625 0.45533768990384615 0.9823701418269231 0.4622176346153846 0.9862401105769231 0.4671864855769231 0.9819401442307693 0.47444864903846157 0.9772101826923076 0.48056415625000004 0.9806501538461538 0.48667966105769234 0.9778551778846154 0.49241294951923076 0.9759201923076923 0.49661736057692313 0.9744152043269231 0.4992928942307693 0.9780701754807691 0.5054084014423077 0.9776401778846153 0.5065550576923077 0.9789301682692308 0.4973817980769231 0.9821551418269231 0.4897374158653846 0.9860251129807692 0.4840041274038462 0.9905400745192308 0.4767419639423077 0.9937650504807691 0.47062645673076925 0.9987100096153847 0.4862974423076923 1 0.5004395528846154 1
8 0.4648931706730769 0.9862401105769231 0.4541910336538461 0.9834451322115385 0.4473110889423077 0.9836601298076922 0.44004892307692306 0.982585139423077 0.4285823485576923 0.9808651538461538 0.4255245961538462 0.9806501538461538 0.4213201850961538 0.9817251466346154 0.4167335552884615 0.9838751298076923 0.4110002668269231 0.98817509375 0.40526698076923073 0.9905400745192308 0.40335588461538463 0.9954850360576923 0.40985361057692304 0.998280014423077 0.41520467788461535 0.9995700024038462 0.4324045408653846 1 0.4580132259615385 0.999785002403846 0.46756870432692305 0.9980650144230769 0.4725375528846154 0.9974200216346154 0.47521308653846156 0.9933350528846153 0.4733019903846154 0.9926900576923077 0.47062645673076925 0.9922600625 0.4679509230769231 0.9879600961538462 0.4648931706730769 0.9862401105769231
8 0.42361350000000003 0.9402304783653845 0.41788021153846155 0.9359305120192307 0.41291136298076925 0.9363605096153846 0.4045025408653846 0.9436704495192308 0.39609372115384617 0.9505503966346154 0.39150709134615386 0.9565703485576923 0.38806711778846154 0.9602253173076923 0.3903604326923077 0.9640952884615385 0.3838627067307692 0.9675352596153846 0.3964759399038461 0.970975233173077 0.4025914471153846 0.9666752668269231 0.4110002668269231 0.9597953221153847 0.41520467788461535 0.9544203653846155 0.4217024038461539 0.9481854134615385 0.42361350000000003 0.9436704495192308 0.42361350000000003 0.9402304783653845
5 0.4167335552884615 0.9671052620192307 0.41291136298076925 0.9658152740384616 0.4045025408653846 0.96882525 0.4045025408653846 0.9724802211538462 0.4117647067307692 0.9748452019230769 0.41749799278846156 0.9754901971153846 0.41864465144230767 0.9716202259615384 0.4167335552884615 0.9671052620192307
4 0.4580132259615385 0.9623753004807691 0.4480755264423077 0.9653852764423078 0.4389022668269231 0.9634502932692308 0.4316401033653846 0.962805298076923 0.43125788221153843 0.9675352596153846 0.43125788221153843 0.9782851730769231 0.45342659375 0.978500173076923 0.45954210096153847 0.9765651875000001 0.4622176346153846 0.9729102163461539 0.46527538942307695 0.96861025 0.45992431971153847 0.9643102860576923 0.4580132259615385 0.9623753004807691
6 0.6147230817307693 0.9929050576923076 0.6189274927884616 0.9939800480769231 0.6223674663461539 0.9879600961538462 0.6208385889423076 0.9819401442307693 0.6212208076923077 0.9759201923076923 0.6196919302884615 0.9699002403846154 0.6166341778846154 0.9677502572115385 0.6166341778846154 0.9649552812500001 0.6143408629807692 0.955280358173077 0.6116653293269231 0.9438854495192307 0.609372014423077 0.9387254903846153 0.5990520961538461 0.9382954927884615 0.5849099879807692 0.9367905048076923 0.5795589182692308 0.9389404879807692 0.5719145360576923 0.9380804951923077 0.56732790625 0.9400154807692308 0.5646523725961539 0.9464654278846154 0.5615946177884615 0.9488304086538462 0.5543324543269231 0.9529153774038461 0.5501280432692307 0.9606553149038461 0.5570079879807692 0.96474028125 0.5612123990384615 0.9707602331730769 0.5593013028846154 0.9754901971153846 0.5566257692307692 0.9802201586538462 0.5593013028846154 0.9819401442307693 0.5562435504807692 0.9873151009615384 0.5528035769230769 0.9933350528846153 0.5432480985576923 0.9989250096153846 0.5822344543269231 0.999785002403846 0.6013454110576923 1 0.6078431370192308 0.9995700024038462 0.609372014423077 0.9978500168269231 0.6147230817307693 0.9929050576923076
10 0.6185452740384616 0.9352855168269231 0.6120475480769231 0.935500516826923 0.6066964807692308 0.9382954927884615 0.6128119855769231 0.9460354326923077 0.6120475480769231 0.9529153774038461 0.6185452740384616 0.955280358173077 0.6319229447115385 0.9576453389423077 0.640713985576923 0.9514103894230769 0.6376562307692308 0.9447454423076922 0.6315407259615384 0.9376504975961539 0.625043 0.9385104927884615 0.6185452740384616 0.9352855168269231
4 0.6514161225961538 0.9681802548076923 0.6468294927884616 0.9683952524038462 0.641096204326923 0.9683952524038462 0.6258074375 0.9746302019230769 0.6307762860576923 0.984090127403846 0.6361273557692309 0.9860251129807692 0.6449183966346154 0.982585139423077 0.6510339038461539 0.9787151706730769 0.6521805600961539 0.9722652211538462 0.6514161225961538 0.9681802548076923
6 0.7041623677884616 0.9868851057692307 0.7095134350961538 0.9793601658653847 0.7194511322115384 0.9739852091346154 0.7160111610576922 0.9718352259615385 0.7041623677884616 0.9722652211538462 0.696517983173077 0.97269521875 0.6877269423076923 0.9694702451923077 0.6774070264423078 0.9683952524038462 0.6636471346153846 0.9707602331730769 0.6517983413461538 0.9748452019230769 0.641860641826923 0.9832301346153846 0.6368917932692307 0.9911850697115384 0.6326873822115384 0.9984950120192307 0.6667048894230769 0.9995700024038462 0.6831403125000001 1 0.6969002019230769 0.9993550048076922 0.7003401754807693 0.9937650504807691 0.7041623677884616 0.9868851057692307
7 0.7607308028846155 0.9468954254807692 0.7660818701923078 0.9518403846153846 0.7611130216346154 0.9563553485576922 0.7565263918269232 0.9623753004807691 0.7458242548076923 0.970975233173077 0.74085540625 0.97269521875 0.7225088870192308 0.9711902307692307 0.7171578173076922 0.9782851730769231 0.7072201201923077 0.9905400745192308 0.7041623677884616 0.9991400072115385 0.7301532692307693 0.9995700024038462 0.7611130216346154 0.9993550048076922 0.7672285288461538 0.9890350865384616 0.7733440360576923 0.98043515625 0.7832817331730768 0.9692552451923077 0.7744906923076923 0.9561403509615385 0.7668463100961538 0.9477554182692308 0.7607308028846155 0.9468954254807692
6 0.753850858173077 0.9329205360576923 0.7465886947115384 0.9324905408653846 0.7431487211538462 0.9428104567307692 0.7393265288461539 0.9481854134615385 0.7293888317307692 0.9559253533653845 0.724419983173077 0.9585053317307692 0.7171578173076922 0.9621603028846154 0.7175400384615384 0.96474028125 0.7274777355769231 0.9651702788461538 0.7362687764423076 0.9621603028846154 0.7423842836538461 0.9645252836538462 0.741237625 0.9675352596153846 0.7496464471153845 0.9671052620192307 0.7634063365384616 0.9501203990384616 0.7584374879807693 0.9473254206730769 0.7645529951923078 0.9436704495192308 0.7614952403846154 0.9357155144230769 0.753850858173077 0.9329205360576923
4 0.7890150216346155 0.9378654975961538 0.7886328028846153 0.9318455456730769 0.7783128846153846 0.9307705528846154 0.7699040625 0.9318455456730769 0.7641707764423077 0.9357155144230769 0.7641707764423077 0.9404454759615385 0.7676107475961539 0.9466804254807692 0.7752551322115384 0.955280358173077 0.7848106105769231 0.9671052620192307 0.7905438990384616 0.9615153076923076 0.7928372139423078 0.95700034375 0.7943660889423078 0.9537753701923077 0.7951305288461538 0.9443154447115384 0.7909261177884616 0.9421654615384616 0.7890150216346155 0.9378654975961538
13 0.7725795961538461 0.8157464735576923 0.7683751875 0.8166064663461537 0.76875740625 0.8202614375 0.76952184375 0.8226264182692307 0.7764017884615384 0.82413140625 0.77028628125 0.8254213966346153 0.7576730504807692 0.8258513942307691 0.7523219807692307 0.8284313725961538 0.754615295673077 0.8312263509615385 0.7611130216346154 0.8350963197115384 0.7660818701923078 0.8350963197115384 0.7756373509615385 0.8344513245192308 0.784428391826923 0.8318713461538461 0.7871039254807692 0.828216375 0.7832817331730768 0.822196423076923 0.7809884182692308 0.8183264543269231 0.7790773221153846 0.8170364639423077 0.7725795961538461 0.8157464735576923
6 0.7121889687499999 0.7951066394230769 0.7152467235576924 0.7875816995192307 0.7053090240384615 0.7834967331730769 0.6969002019230769 0.7817767451923078 0.6861980649038462 0.7837117307692308 0.6858158461538462 0.7903766778846154 0.6888736009615385 0.796826625 0.6873447235576923 0.8024165817307692 0.6770248052884615 0.8073615408653846 0.668998204326923 0.8151014783653847 0.6678515456730769 0.8209064326923077 0.670144860576923 0.8312263509615385 0.68352253125 0.8323013413461537 0.7007223942307692 0.8292913653846153 0.7076023389423077 0.818111454326923 0.7091312163461538 0.8047815625 0.7121889687499999 0.7951066394230769
6 0.6617360384615385 0.9630202956730769 0.6667048894230769 0.9615153076923076 0.6709093004807692 0.9563553485576922 0.6735848341346155 0.9582903341346154 0.6712915192307692 0.9630202956730769 0.6754959302884616 0.9640952884615385 0.68352253125 0.9587203293269231 0.6877269423076923 0.9640952884615385 0.6946068870192307 0.9638802884615385 0.7060734615384615 0.9634502932692308 0.7171578173076922 0.9619453052884614 0.7293888317307692 0.9559253533653845 0.7404731875 0.9460354326923077 0.7332110240384615 0.9275455793269232 0.7293888317307692 0.9204506370192308 0.7228911057692307 0.9180856562499999 0.7171578173076922 0.9172256634615384 0.7095134350961538 0.9163656682692308 0.7056912427884616 0.9142156850961538 0.6949891057692308 0.9103457163461539 0.6804647788461539 0.9051857596153846 0.6743492716346153 0.9131406947115385 0.6751137091346154 0.9189456490384615 0.6751137091346154 0.9290505673076923 0.6774070264423078 0.9342105264423076 0.6739670528846153 0.9372205024038462 0.6651760120192307 0.9387254903846153 0.6582960673076923 0.9331355360576924 0.6552383125 0.9271155841346155 0.6483583677884616 0.9228156177884616 0.641860641826923 0.9221706225961538 0.6365095745192307 0.92582559375 0.6273363149038461 0.9344255240384616 0.6365095745192307 0.9421654615384616 0.6449183966346154 0.9456054350961539 0.641096204326923 0.9509803918269231 0.6303940673076922 0.9591503269230769 0.62466078125 0.9649552812500001 0.6204563701923077 0.9731252139423077 0.6238963413461539 0.9754901971153846 0.6300118485576923 0.970975233173077 0.6361273557692309 0.96861025 0.6468294927884616 0.9653852764423078 0.6552383125 0.9653852764423078 0.6617360384615385 0.9630202956730769
4 0.6525627788461539 0.9013157884615384 0.6441539567307693 0.9026057788461539 0.6395673269230768 0.9064757475961538 0.6399495480769232 0.9135706923076923 0.6342162596153845 0.9161506706730769 0.6345984783653846 0.9204506370192308 0.6468294927884616 0.9223856201923077 0.6533272187500001 0.9213106298076923 0.6563849711538462 0.9172256634615384 0.6556205336538461 0.9099157211538462 0.6563849711538462 0.904325764423077 0.6525627788461539 0.9013157884615384
7 0.6915491346153846 0.87895596875 0.6850514086538462 0.8710010312500001 0.6831403125000001 0.868851048076923 0.6800825600961539 0.8787409711538461 0.670144860576923 0.874871 0.6628826971153846 0.8727210192307692 0.6579138485576923 0.8699260408653846 0.6506516826923078 0.8667010673076923 0.6495050264423077 0.8636910913461538 0.6395673269230768 0.8604661153846155 0.6357451370192307 0.865411076923077 0.641860641826923 0.8737960096153846 0.6426250817307693 0.8830409350961539 0.6372740120192308 0.8942208461538462 0.6414784230769232 0.8991658076923077 0.6453006153846155 0.9013157884615384 0.6563849711538462 0.9004557956730769 0.6647937932692307 0.8991658076923077 0.6770248052884615 0.9002407980769231 0.6873447235576923 0.8978758173076924 0.6923135721153847 0.8856209158653846 0.6881091610576924 0.8813209495192308 0.6915491346153846 0.87895596875
6 0.6334518221153846 0.9152906778846154 0.6235141225961538 0.9152906778846154 0.6231319038461538 0.9114207091346154 0.62618965625 0.904110766826923 0.62466078125 0.9028207764423077 0.6166341778846154 0.9034657716346154 0.6089897956730769 0.9045407644230768 0.6017276298076923 0.9140006875 0.5937010288461538 0.923675610576923 0.5898788365384615 0.9307705528846154 0.5879677403846154 0.9363605096153846 0.5944654663461538 0.9382954927884615 0.6066964807692308 0.9344255240384616 0.6265718774038462 0.9271155841346155 0.6326873822115384 0.9253955961538461 0.6334518221153846 0.9152906778846154
8 0.609372014423077 0.888415891826923 0.6055498221153847 0.8888458894230769 0.5979054399038461 0.896370829326923 0.5845277692307692 0.9165806682692307 0.5757367283653847 0.92582559375 0.5696212211538462 0.9363605096153846 0.5742078509615385 0.9376504975961539 0.5822344543269231 0.9372205024038462 0.5864388653846154 0.9299105600961538 0.59599434375 0.9185156514423076 0.6066964807692308 0.9054007572115383 0.6166341778846154 0.892285860576923 0.6154875216346153 0.8894908846153846 0.609372014423077 0.888415891826923
9 0.5413370024038462 0.8918558653846154 0.5333104014423077 0.8899208798076923 0.5268126754807693 0.8914258677884616 0.5187860721153846 0.892285860576923 0.5145816610576923 0.8957258341346154 0.51075946875 0.9002407980769231 0.51037725 0.9060457524038461 0.5126705649038461 0.9090557283653846 0.5180216346153846 0.9116357067307692 0.525283798076923 0.9137856899038461 0.5321637427884616 0.9148606802884616 0.5390436875 0.9129256971153846 0.5443947572115385 0.9086257307692308 0.5485991658653846 0.9030357764423077 0.5455414134615384 0.8961558317307692 0.5413370024038462 0.8918558653846154
8 0.62618965625 0.8467062259615384 0.6154875216346153 0.8482112139423077 0.6116653293269231 0.8505761947115384 0.6208385889423076 0.8570261442307692 0.62466078125 0.8615411081730768 0.6273363149038461 0.8662710697115384 0.6292474110576923 0.868851048076923 0.6353629182692307 0.8686360504807692 0.6342162596153845 0.8645510841346155 0.6368917932692307 0.861111110576923 0.6326873822115384 0.8535861706730768 0.6303940673076922 0.8492862067307693 0.62618965625 0.8467062259615384
6 0.5998165336538461 0.828001375 0.5856744254807692 0.8307963533653846 0.5814700144230769 0.8350963197115384 0.5868210841346154 0.8428362572115385 0.5925543701923077 0.8473512211538462 0.6001987548076924 0.8492862067307693 0.6066964807692308 0.8512211899038462 0.6170163966346155 0.8462762307692308 0.62618965625 0.8430512548076923 0.6269540961538461 0.8391812860576924 0.6219852451923077 0.8303663581730769 0.6173986153846154 0.82434640625 0.610900889423077 0.8249913990384615 0.5998165336538461 0.828001375
4 0.7095134350961538 0.8722910216346154 0.7171578173076922 0.87895596875 0.7194511322115384 0.8839009278846154 0.7305354879807692 0.8785259711538462 0.724802201923077 0.8710010312500001 0.7221266682692308 0.8658410721153846 0.7095134350961538 0.8722910216346154
7 0.6284829711538461 0.8701410384615385 0.62542521875 0.8671310624999999 0.6212208076923077 0.8598211201923077 0.6181630552884615 0.8555211562499999 0.6059320408653847 0.8570261442307692 0.6017276298076923 0.8645510841346155 0.5963765624999999 0.8714310288461539 0.5937010288461538 0.8783109735576923 0.5914077139423077 0.8836859302884614 0.5833811105769231 0.8931458557692308 0.5940832475961538 0.8993808052884616 0.6044031658653846 0.8879858966346154 0.610900889423077 0.8879858966346154 0.6196919302884615 0.8899208798076923 0.625043 0.8804609567307692 0.6284829711538461 0.8701410384615385
7 0.5765011658653847 0.8520811826923077 0.5703856586538462 0.8559511514423076 0.5657990288461539 0.8630460961538462 0.5669456875 0.8675610600961539 0.5795589182692308 0.8710010312500001 0.5864388653846154 0.8735810120192308 0.5929365889423077 0.8729360168269231 0.6013454110576923 0.865411076923077 0.6032565072115385 0.8621861033653846 0.6021098509615385 0.8583161322115385 0.5872033028846154 0.8529411754807692 0.5765011658653847 0.8520811826923077
9 0.6047853846153847 0.8000515985576923 0.6013454110576923 0.8028465769230769 0.5986698774038461 0.8123065024038462 0.5990520961538461 0.814671483173077 0.6074609182692308 0.8176814591346153 0.6200741514423077 0.8202614375 0.6258074375 0.8153164783653846 0.6277185336538461 0.8080065360576923 0.6269540961538461 0.8015565865384615 0.6219852451923077 0.8000515985576923 0.6158697403846154 0.8004815961538461 0.6047853846153847 0.8000515985576923
10 0.5910254951923076 0.8196164423076924 0.59599434375 0.8237014110576923 0.6036387259615384 0.8247764014423077 0.6059320408653847 0.8196164423076924 0.6044031658653846 0.8161764711538461 0.5986698774038461 0.8155314759615385 0.5894966177884615 0.8168214663461538 0.5910254951923076 0.8196164423076924
9 0.6319229447115385 0.8333763341346153 0.6292474110576923 0.8424062596153846 0.6292474110576923 0.84778121875 0.6357451370192307 0.8501461995192308 0.6460650528846154 0.849501204326923 0.654473875 0.8471362235576922 0.6590605048076923 0.84369625 0.6598249423076923 0.8374613004807692 0.6521805600961539 0.8325163389423077 0.6430073004807693 0.8312263509615385 0.6319229447115385 0.8333763341346153
13 0.5952299038461539 0.7856467139423077 0.5971409999999999 0.7933866538461539 0.6017276298076923 0.7981166153846153 0.6166341778846154 0.8002665985576923 0.6284829711538461 0.798976608173077 0.6391851081730769 0.787366701923077 0.640713985576923 0.7768317860576922 0.6368917932692307 0.7701668389423078 0.6204563701923077 0.76952184375 0.610136451923077 0.7738218100961538 0.5952299038461539 0.7856467139423077
11 0.6525627788461539 0.77747678125 0.6525627788461539 0.7862917091346154 0.6548560937500001 0.7918816658653847 0.6602071634615385 0.7822067427884616 0.6617360384615385 0.77747678125 0.6582960673076923 0.7733918125 0.6533272187500001 0.7740368076923076 0.6525627788461539 0.77747678125
0 0.6326873822115384 0.7103973173076923 0.62618965625 0.7121173028846154 0.6303940673076922 0.7275971802884615 0.6269540961538461 0.7484520120192308 0.6223674663461539 0.7660818701923078 0.6258074375 0.7688768485576923 0.640331766826923 0.7699518413461538 0.6414784230769232 0.7529669759615385 0.6441539567307693 0.7327571370192308 0.6460650528846154 0.7200722403846154 0.6395673269230768 0.7181372548076923 0.6326873822115384 0.7103973173076923
13 0.5910254951923076 0.6841675264423077 0.5780300432692308 0.6938424495192308 0.5749722884615385 0.7048073605769231 0.5784122620192308 0.7142672860576924 0.5921721514423077 0.720717233173077 0.6013454110576923 0.7217922259615384 0.6116653293269231 0.7164172692307692 0.6189274927884616 0.7050223605769231 0.6177808365384615 0.6966374278846155 0.6139586442307693 0.6906174759615384 0.6078431370192308 0.6856725144230769 0.5910254951923076 0.6841675264423077
9 0.6399495480769232 0.6566477475961539 0.641860641826923 0.6635276923076923 0.6563849711538462 0.6648176802884616 0.6602071634615385 0.6557877548076922 0.6590605048076923 0.6514877884615384 0.6537094375 0.650197798076923 0.641096204326923 0.6497678028846153 0.6399495480769232 0.6566477475961539
7 0.6384206706730768 0.6418128653846153 0.62618965625 0.6431028557692307 0.6177808365384615 0.64439284375 0.6147230817307693 0.6495528028846155 0.610900889423077 0.6551427596153846 0.6154875216346153 0.6577227379807693 0.6139586442307693 0.6633126947115385 0.6166341778846154 0.6691176466346154 0.6204563701923077 0.6766425865384615 0.6284829711538461 0.6751375985576923 0.6376562307692308 0.6744926033653846 0.6391851081730769 0.6716976274038462 0.640713985576923 0.6654626754807692 0.6399495480769232 0.6568627451923077 0.641860641826923 0.6484778125 0.6472117115384616 0.6435328509615386 0.6495050264423077 0.6411678701923077 0.6384206706730768 0.6418128653846153
0 0.6196919302884615 0.6764275889423076 0.6135764254807692 0.6650326802884615 0.6158697403846154 0.6596577235576924 0.6120475480769231 0.6551427596153846 0.6154875216346153 0.6450378389423077 0.6227496850961539 0.6435328509615386 0.6296296298076923 0.6252579975961539 0.5982876586538461 0.6577227379807693 0.5956121249999999 0.673632610576923 0.6005809735576924 0.6828775360576922 0.6063142596153847 0.6850275192307692 0.6147230817307693 0.6906174759615384 0.6173986153846154 0.6951324399038461 0.6193097115384615 0.7039473677884616 0.6212208076923077 0.7028723774038461 0.6231319038461538 0.69126246875 0.6281007524038462 0.68352253125 0.6265718774038462 0.6800825600961539 0.62618965625 0.6764275889423076 0.6196919302884615 0.6764275889423076
7 0.5829988918269231 0.6686876514423077 0.5696212211538462 0.6676126586538461 0.5627412764423076 0.6682576538461539 0.555479110576923 0.6768575841346153 0.5593013028846154 0.6826625384615385 0.5657990288461539 0.6854575168269231 0.5738256322115385 0.6878224975961539 0.5799411394230769 0.6869625048076924 0.5860566442307692 0.6852425192307692 0.5921721514423077 0.6833075336538462 0.5910254951923076 0.6805125552884616 0.5910254951923076 0.67578259375 0.5891143990384615 0.6697626418269231 0.5829988918269231 0.6686876514423077
4 0.5447769759615384 0.6497678028846153 0.5459236322115385 0.6534227716346154 0.5432480985576923 0.6609477115384615 0.5405725649038462 0.6695476442307692 0.5455414134615384 0.6697626418269231 0.5615946177884615 0.6697626418269231 0.56732790625 0.6628826971153846 0.5657990288461539 0.6590127283653846 0.5612123990384615 0.6564327475961539 0.5520391394230769 0.6525627788461539 0.5447769759615384 0.6497678028846153
13 0.49126629326923077 0.7063123485576923 0.493941826923077 0.7162022716346154 0.5027328677884616 0.722222221153846 0.5126705649038461 0.7256621947115385 0.526048235576923 0.7254471971153845 0.5352214951923077 0.7228672163461538 0.5447769759615384 0.7183522524038461 0.5505102620192308 0.7099673197115385 0.5516569206730769 0.7041623677884616 0.5485991658653846 0.6972824206730769 0.5443947572115385 0.6910474711538461 0.5291059903846154 0.6876074999999999 0.51037725 0.6897574807692308 0.49891067548076923 0.6962074302884615 0.49126629326923077 0.7063123485576923
7 0.49547070192307696 0.7174922596153847 0.4908840721153846 0.7267371850961539 0.5050261826923077 0.7331871346153847 0.5023506466346154 0.7420020649038462 0.5206971682692307 0.7422170625 0.5313993052884615 0.7415720673076923 0.5310170841346153 0.7346921225961538 0.5321637427884616 0.7250171995192307 0.51037725 0.7250171995192307 0.49547070192307696 0.7174922596153847
6 0.48362190865384613 0.7297471610576923 0.48782631971153845 0.7228672163461538 0.47444864903846157 0.7192122451923078 0.46145319711538463 0.7220072235576923 0.4641287307692308 0.7293171658653846 0.48362190865384613 0.7297471610576923
7 0.3861560216346154 0.7239422091346154 0.3842449254807692 0.7265221875 0.4056491995192308 0.7318971442307693 0.40335588461538463 0.7417870649038462 0.4079425144230769 0.7445820432692307 0.42399571875 0.7450120408653846 0.4411955817307692 0.7355521153846154 0.43049344471153844 0.7308221538461539 0.4274356923076923 0.7250171995192307 0.41826243269230773 0.7232972139423077 0.4102358293269231 0.7250171995192307 0.3861560216346154 0.7239422091346154
4 0.3574895841346154 0.7331871346153847 0.37354278846153843 0.73060715625 0.3643695288461538 0.7144822836538461 0.3471696658653846 0.7168472644230769 0.3433474759615385 0.7177072572115384 0.34525857211538463 0.7250171995192307 0.3574895841346154 0.7331871346153847
7 0.3540496129807692 0.6766425865384615 0.33914306490384616 0.6732026153846153 0.32308986057692307 0.6790075673076923 0.31773879086538465 0.6822325432692308 0.3211787644230769 0.6897574807692308 0.33379199759615386 0.7000773990384614 0.3486985432692308 0.7052373581730769 0.36819172115384613 0.7039473677884616 0.3819516105769231 0.6987874086538461 0.38271605048076923 0.6886824903846154 0.37048503605769234 0.6830925360576923 0.3540496129807692 0.6766425865384615
2 0.2405305192307692 0.6329979350961538 0.22715284855769233 0.6351479182692308 0.21453961778846153 0.6424578605769231 0.21453961778846153 0.6525627788461539 0.22753506971153847 0.6628826971153846 0.23861942548076923 0.6738476081730769 0.2527615336538461 0.6747076033653846 0.26040591586538464 0.6792225673076923 0.2634636706730769 0.6802975576923077 0.27225471153846154 0.6749226009615386 0.26652142307692306 0.6701926394230769 0.2749302451923077 0.6650326802884615 0.2745480264423077 0.6607327139423076 0.2649925456730769 0.6525627788461539 0.2531437524038461 0.6428878557692308 0.2405305192307692 0.6329979350961538
2 0.29251232692307694 0.7198572403846154 0.27760577884615384 0.7164172692307692 0.27187249038461536 0.7205022355769231 0.2734013677884616 0.7263071899038462 0.28295684615384614 0.7374871009615384 0.30168558653846156 0.7329721370192307 0.3116232860576923 0.73039215625 0.3108588461538462 0.7200722403846154 0.30168558653846156 0.7232972139423077 0.29251232692307694 0.7198572403846154
4 0.29289454567307693 0.6936274519230768 0.28677903846153846 0.6977124182692307 0.27837021634615383 0.7022273822115385 0.27645912259615385 0.7073873413461539 0.2745480264423077 0.7119023052884615 0.27722356009615384 0.7164172692307692 0.29404120432692304 0.7202872379807693 0.30283224278846155 0.722222221153846 0.30971218990384614 0.717062264423077 0.3165921346153846 0.7076023389423077 0.31697435336538465 0.7054523557692308 0.3043611201923077 0.7022273822115385 0.2951878605769231 0.6985724110576924 0.29289454567307693 0.6936274519230768
7 0.26078813461538464 0.6940574471153845 0.24129495913461538 0.6990024086538462 0.23594388942307692 0.7005073966346154 0.2405305192307692 0.7095373245192308 0.24282383413461536 0.7168472644230769 0.2527615336538461 0.717062264423077 0.25467262980769234 0.7239422091346154 0.2592592596153846 0.7273821802884615 0.2649925456730769 0.7228672163461538 0.2741658076923077 0.7151272788461539 0.2760769014423077 0.7080323365384615 0.27684134134615385 0.7015823870192308 0.27149027163461537 0.6972824206730769 0.26728586057692305 0.6908324735576923 0.26078813461538464 0.6940574471153845
10 0.2906012307692308 0.666107670673077 0.28601460096153847 0.6667526658653846 0.2917478894230769 0.6727726177884615 0.30856553124999997 0.6800825600961539 0.3204143245192308 0.6809425528846155 0.3211787644230769 0.6781475745192308 0.3204143245192308 0.6753525961538462 0.3139165985576923 0.6725576201923077 0.2993922716346154 0.6676126586538461 0.2906012307692308 0.666107670673077
4 0.31773879086538465 0.7514619879807692 0.3276764903846154 0.7508169927884616 0.3265298317307692 0.7420020649038462 0.31353437980769233 0.743937048076923 0.30665443509615387 0.7480220168269232 0.30856553124999997 0.7523219807692307 0.31773879086538465 0.7514619879807692
11 0.20383748076923075 0.7396370841346154 0.19581087740384615 0.7422170625 0.1847265216346154 0.7514619879807692 0.18166876923076922 0.75382696875 0.1770821394230769 0.760061920673077 0.1835798653846154 0.7675868581730769 0.19313534375 0.7665118677884616 0.20230860336538464 0.7604919158653847 0.21492183653846153 0.7473770216346154 0.20918854807692308 0.7411420697115385 0.20383748076923075 0.7396370841346154
9 0.18625539903846156 0.8316563461538462 0.1889309326923077 0.8353113173076923 0.19428200240384616 0.8387512908653847 0.20651301442307693 0.8417612668269231 0.21950846634615384 0.8398262812499999 0.22409509615384618 0.8316563461538462 0.2164507139423077 0.8267113870192309 0.2084241105769231 0.8230564158653846 0.1969575360576923 0.8230564158653846 0.1893131514423077 0.8264963870192308 0.18625539903846156 0.8316563461538462
6 0.7993349375 0.7938166490384616 0.7928372139423078 0.7933866538461539 0.7859572692307691 0.7940316466346153 0.7821350769230769 0.7987616105769231 0.7775484471153846 0.8101565192307691 0.7794595432692308 0.8120915024038461 0.7848106105769231 0.8138114903846153 0.7897794591346153 0.8131664951923077 0.7962771850961539 0.8037065697115384 0.8000993774038462 0.8002665985576923 0.8065971033653846 0.7991916057692308 0.7993349375 0.7938166490384616
12 0.7446775985576923 0.8082215336538462 0.7423842836538461 0.8148864807692308 0.7358865576923077 0.8209064326923077 0.7377976538461539 0.8224114206730769 0.7439131586538461 0.8170364639423077 0.7519397620192307 0.8138114903846153 0.7500286658653846 0.8099415216346154 0.7446775985576923 0.8082215336538462
7 0.7511753245192309 0.7413570697115385 0.7450598173076923 0.7417870649038462 0.7400909687499999 0.7445820432692307 0.7358865576923077 0.7510319927884616 0.7351221177884616 0.7561919495192307 0.7435309399038462 0.7643618846153846 0.7504108846153846 0.7639318894230769 0.7630241177884615 0.7594169254807692 0.7699040625 0.7514619879807692 0.7634063365384616 0.7415720673076923 0.7511753245192309 0.7413570697115385
6 0.3643695288461538 0.638802889423077 0.3590184615384615 0.6383728942307693 0.3433474759615385 0.6366529062499999 0.32691205048076927 0.6340729278846153 0.30894775 0.6347179230769231 0.3058899975961538 0.6426728581730768 0.3055077788461538 0.6570777427884615 0.3276764903846154 0.6587977283653846 0.3471696658653846 0.66008771875 0.3582540216346154 0.6611627115384615 0.36628062499999997 0.6590127283653846 0.3685739399038462 0.6562177499999999 0.3636050913461538 0.6510577908653846 0.3582540216346154 0.6482628149038461 0.353667391826923 0.64460784375 0.3643695288461538 0.638802889423077
7 0.4025914471153846 0.6792225673076923 0.4006803509615385 0.673632610576923 0.3949470625 0.6684726514423077 0.3895959951923077 0.6641726875 0.38309826923076923 0.6618077067307693 0.36589840625000003 0.6607327139423076 0.3571073653846154 0.6656776754807693 0.3548140504807692 0.6755675961538461 0.37048503605769234 0.6839525288461539 0.3842449254807692 0.6878224975961539 0.38844933653846153 0.6871775024038461 0.39532928125000005 0.6841675264423077 0.4025914471153846 0.6792225673076923
7 0.41749799278846156 0.6805125552884616 0.41061804807692304 0.6779325769230768 0.4056491995192308 0.6764275889423076 0.3980048173076923 0.6822325432692308 0.3934181850961539 0.6880374951923076 0.3865382403846154 0.6908324735576923 0.38462714423076927 0.6985724110576924 0.3907426514423077 0.7026573798076924 0.40220922596153846 0.7000773990384614 0.41864465144230767 0.6940574471153845 0.42361350000000003 0.6852425192307692 0.41749799278846156 0.6805125552884616
8 0.4427244591346154 0.6725576201923077 0.4389022668269231 0.6650326802884615 0.43469785576923076 0.6624526995192308 0.4243779375 0.6626676995192308 0.40985361057692304 0.6620227043269231 0.41367580288461536 0.6710526322115384 0.41635133653846157 0.6802975576923077 0.42399571875 0.6841675264423077 0.43928448557692307 0.6805125552884616 0.44616443028846153 0.677502579326923 0.4427244591346154 0.6725576201923077
4 0.4541910336538461 0.6783625721153845 0.43928448557692307 0.6820175432692307 0.4308756634615385 0.6867475072115384 0.42476015865384614 0.6962074302884615 0.42476015865384614 0.7039473677884616 0.42399571875 0.7097523221153845 0.4316401033653846 0.7144822836538461 0.4434888966346154 0.7136222908653846 0.45266215625 0.7052373581730769 0.4564843485576923 0.6962074302884615 0.4648931706730769 0.6929824567307693 0.4733019903846154 0.6852425192307692 0.4541910336538461 0.6783625721153845
0 0.4488399639423077 0.6517027860576923 0.4541910336538461 0.6484778125 0.46145319711538463 0.6424578605769231 0.4541910336538461 0.6372979014423077 0.4415778004807692 0.6372979014423077 0.43469785576923076 0.6383728942307693 0.42590681490384613 0.6435328509615386 0.4197913076923077 0.6431028557692307 0.41138248557692303 0.6441778461538461 0.4067958557692308 0.6461128317307693 0.40182700721153847 0.657937735576923 0.4094713918269231 0.6598727211538461 0.4220846225961538 0.6626676995192308 0.4324045408653846 0.6624526995192308 0.43928448557692307 0.6564327475961539 0.4373733894230769 0.654282766826923 0.4316401033653846 0.6523477812499999 0.44234223798076927 0.6514877884615384 0.4488399639423077 0.6517027860576923
4 0.46030653846153846 0.6454678365384615 0.4549554711538461 0.6478328173076923 0.4438711153846154 0.6514877884615384 0.45151549999999996 0.6637426899038462 0.4645109495192308 0.6639576875 0.4733019903846154 0.6630976947115385 0.47521308653846156 0.650197798076923 0.47139089423076924 0.6471878221153846 0.46030653846153846 0.6454678365384615
7 0.4801819375 0.6764275889423076 0.4778886201923077 0.6665376682692308 0.47291977163461535 0.6628826971153846 0.4641287307692308 0.6639576875 0.45075106009615384 0.6635276923076923 0.44998662259615385 0.6665376682692308 0.4492221826923077 0.6751375985576923 0.4549554711538461 0.6772875817307693 0.4622176346153846 0.6798675600961539 0.46833314182692304 0.6822325432692308 0.47827084134615383 0.6820175432692307 0.4801819375 0.6764275889423076
7 0.3861560216346154 0.6549277596153846 0.38233382932692306 0.6596577235576924 0.38768489903846154 0.6639576875 0.39532928125000005 0.6695476442307692 0.3987692548076923 0.6727726177884615 0.4110002668269231 0.6744926033653846 0.40908917067307693 0.6635276923076923 0.4087069519230769 0.6615927067307692 0.40297366586538463 0.6587977283653846 0.4006803509615385 0.6517027860576923 0.3907426514423077 0.6480478149038462 0.3861560216346154 0.6549277596153846
7 0.49891067548076923 0.6949174399038461 0.50999503125 0.6888974879807692 0.522608264423077 0.6876074999999999 0.5340748389423077 0.6809425528846155 0.5390436875 0.6699776394230769 0.5443947572115385 0.6618077067307693 0.5459236322115385 0.6557877548076922 0.5485991658653846 0.6484778125 0.5485991658653846 0.6413828677884615 0.5367503725961538 0.638587891826923 0.5214616057692308 0.6372979014423077 0.5195505096153846 0.640522875 0.5157283197115384 0.6439628485576924 0.5161105384615385 0.650412795673077 0.5023506466346154 0.6566477475961539 0.480946375 0.6641726875 0.48285747115384614 0.6749226009615386 0.47827084134615383 0.6822325432692308 0.4786530600961539 0.6871775024038461 0.4794174975961539 0.6921224639423078 0.48667966105769234 0.6955624350961538 0.49891067548076923 0.6949174399038461
7 0.5134350024038462 0.6360079110576924 0.5172571947115384 0.6314929471153847 0.5214616057692308 0.6321379423076923 0.5180216346153846 0.6278379783653846 0.5172571947115384 0.6254729951923077 0.5073194975961539 0.6233230144230769 0.5004395528846154 0.6218180264423077 0.49279516826923075 0.6243980048076924 0.48706188221153845 0.6284829711538461 0.48667966105769234 0.6372979014423077 0.49279516826923075 0.6448228413461539 0.5050261826923077 0.6493378052884615 0.5122883461538461 0.6506277956730769 0.5149638798076923 0.6469728245192308 0.5157283197115384 0.6431028557692307 0.5184038533653846 0.6390178870192307 0.5134350024038462 0.6360079110576924
7 0.4897374158653846 0.5996732019230769 0.4794174975961539 0.5970932235576923 0.4717731153846154 0.5994582043269231 0.4637465120192308 0.6052631586538462 0.4557199086538462 0.6071981418269231 0.4557199086538462 0.6166580673076923 0.46030653846153846 0.6228930168269231 0.46680426442307693 0.6237530096153846 0.47215533413461536 0.625043 0.4817108125 0.6276229783653846 0.48782631971153845 0.6259029927884616 0.4992928942307693 0.6200980384615384 0.4996751129807692 0.6177330576923077 0.5008217716346154 0.6121431033653846 0.495852923076923 0.6061231514423077 0.4897374158653846 0.5996732019230769
8 0.45227993749999995 0.5930082548076923 0.44616443028846153 0.5979532163461538 0.44578221153846154 0.6018231850961538 0.45189771875 0.6074131418269231 0.4618354158653846 0.6059081538461538 0.47444864903846157 0.5988132091346153 0.4790352788461538 0.58978328125 0.480946375 0.5846233221153846 0.47215533413461536 0.5835483317307693 0.4671864855769231 0.5822583413461538 0.4587776634615385 0.5865583076923077 0.45227993749999995 0.5930082548076923
13 0.49814623798076924 0.5566735456730769 0.49241294951923076 0.5510835913461538 0.48285747115384614 0.5446336418269231 0.4702442379807692 0.5414086682692308 0.4583954447115385 0.5476436177884616 0.45266215625 0.5575335384615385 0.45457325240384616 0.5682834543269231 0.4622176346153846 0.5783883725961538 0.4710086754807692 0.58204334375 0.4794174975961539 0.5844083245192307 0.4897374158653846 0.5829033365384615 0.4935596081730769 0.5783883725961538 0.4973817980769231 0.5734434134615385 0.5015862091346154 0.5659184735576923 0.49814623798076924 0.5566735456730769
4 0.5925543701923077 0.5715084278846153 0.6036387259615384 0.5708634326923077 0.6001987548076924 0.55860853125 0.5979054399038461 0.5583935336538461 0.5963765624999999 0.5609735120192307 0.5837633293269231 0.5620485048076923 0.5925543701923077 0.5715084278846153
0 0.5585368653846154 0.5162538701923076 0.5684745625000001 0.5261437908653847 0.5734434134615385 0.5317337451923076 0.5856744254807692 0.5257137932692307 0.6089897956730769 0.5168988653846154 0.6269540961538461 0.5102339182692307 0.6173986153846154 0.4964740288461539 0.6097542331730769 0.48787409615384614 0.5868210841346154 0.49539903605769225 0.553950235576923 0.5076539399038462 0.5585368653846154 0.5162538701923076
2 0.5696212211538462 0.6095631225961539 0.5631234951923078 0.6106381153846153 0.5455414134615384 0.6134330913461539 0.5405725649038462 0.6205280360576922 0.5401903461538462 0.6291279663461539 0.5440125360576923 0.6325679399038461 0.5512747019230769 0.6319229447115385 0.5612123990384615 0.6297729615384615 0.5726789735576923 0.6265479879807692 0.5891143990384615 0.6196680432692308 0.5940832475961538 0.6164430697115384 0.5948476850961538 0.6121431033653846 0.5910254951923076 0.6099931201923077 0.5856744254807692 0.6084881322115385 0.5696212211538462 0.6095631225961539
7 0.6426250817307693 0.5809683533653847 0.6514161225961538 0.5798933605769231 0.6468294927884616 0.5753783966346154 0.6399495480769232 0.5721534230769231 0.6338340408653846 0.5654884759615384 0.6300118485576923 0.5620485048076923 0.6372740120192308 0.5581785336538462 0.6319229447115385 0.5581785336538462 0.6258074375 0.5596835216346154 0.6216030264423077 0.5650584783653846 0.6139586442307693 0.5715084278846153 0.6028742884615385 0.5753783966346154 0.610900889423077 0.5788183701923078 0.6166341778846154 0.5824733413461538 0.6212208076923077 0.5854833173076923 0.6288651923076922 0.5904282764423077 0.6365095745192307 0.5863433100961538 0.6426250817307693 0.5809683533653847
0 0.696517983173077 0.5495786033653846 0.6831403125000001 0.5497936009615384 0.6682337644230769 0.556888545673077 0.6552383125 0.5646284831730769 0.6510339038461539 0.5678534567307693 0.6586782860576924 0.5872033028846154 0.6697626418269231 0.5908582740384616 0.6797003413461538 0.5852683173076924 0.7014868317307692 0.5786033701923077 0.7213622283653846 0.5697884423076923 0.7056912427884616 0.5575335384615385 0.696517983173077 0.5495786033653846
6 0.7656996514423077 0.5833333341346154 0.7656996514423077 0.5893532860576923 0.7737262548076923 0.5947282427884615 0.7813706370192308 0.5932232548076923 0.7851928293269231 0.5882782932692308 0.7817528581730768 0.5801083581730769 0.7714329399038462 0.5777433774038461 0.7656996514423077 0.5770983822115384 0.7656996514423077 0.5833333341346154
6 0.8474945528846154 0.6082731346153847 0.8352635408653846 0.6087031298076924 0.82609028125 0.6136480913461538 0.8459656778846154 0.6179480552884615 0.8589611274038462 0.62117303125 0.8662232932692308 0.6237530096153846 0.8601077860576923 0.6123581009615384 0.8604900048076923 0.6059081538461538 0.8474945528846154 0.6082731346153847
7 0.8975652644230769 0.665892673076923 0.8918319759615384 0.6630976947115385 0.88495203125 0.665892673076923 0.8746321129807693 0.6695476442307692 0.8765432091346154 0.6764275889423076 0.8796009639423077 0.6796525625 0.8872453461538462 0.6843825240384616 0.8925964158653846 0.6841675264423077 0.8990941418269232 0.6805125552884616 0.899476360576923 0.6762125913461539 0.9021518942307692 0.6704076370192307 0.8975652644230769 0.665892673076923
0 0.8773076490384616 0.6925524591346155 0.8746321129807693 0.7011523918269231 0.8792187427884616 0.7097523221153845 0.8975652644230769 0.7073873413461539 0.8971830456730768 0.7050223605769231 0.8895386610576923 0.6966374278846155 0.8872453461538462 0.6882524927884616 0.8803654014423077 0.6871775024038461 0.8773076490384616 0.6925524591346155
6 0.8536100600961538 0.6977124182692307 0.8494056490384616 0.6908324735576923 0.8360279783653847 0.6936274519230768 0.8367924158653846 0.6979274158653846 0.8406146081730769 0.700937391826923 0.8536100600961538 0.6977124182692307
0 0.8020104735576923 0.771671826923077 0.8310591298076923 0.7710268317307692 0.824943622596154 0.7475920192307692 0.8150059254807692 0.7475920192307692 0.8062148846153847 0.7521069831730769 0.7997171586538462 0.7635018918269231 0.8020104735576923 0.771671826923077
7 0.8046860072115384 0.6747076033653846 0.8023926923076924 0.6781475745192308 0.8016282548076923 0.6848125216346154 0.8039215697115385 0.6895424831730769 0.812712610576923 0.6919074639423077 0.82609028125 0.6904024759615385 0.8237969663461538 0.6863175096153846 0.82685471875 0.6792225673076923 0.8188281153846154 0.6732026153846153 0.8123303894230769 0.6712676298076924 0.8046860072115384 0.6747076033653846
7 0.724802201923077 0.5560285528846154 0.7194511322115384 0.5564585480769231 0.7198333533653846 0.5644134855769231 0.7190689134615386 0.5725834182692308 0.7274777355769231 0.5745184038461538 0.7355043389423077 0.5730134158653846 0.7393265288461539 0.5680684543269231 0.7370332139423077 0.5622635024038461 0.7320643653846154 0.5577485384615385 0.724802201923077 0.5560285528846154
7 0.45151549999999996 0.5454936370192308 0.4679509230769231 0.5399036802884616 0.4702442379807692 0.5356037139423078 0.45954210096153847 0.5300137596153847 0.44501777403846154 0.5237788100961539 0.42934678846153845 0.5209838317307692 0.4197913076923077 0.5192638461538461 0.4110002668269231 0.517758858173077 0.39685815865384616 0.5199088413461539 0.38462714423076927 0.5222738221153846 0.37048503605769234 0.5235638125000001 0.3555784879807692 0.5246388028846154 0.3448763533653846 0.5289387692307692 0.32996980528846154 0.5375386995192307 0.3349386538461539 0.54291365625 0.34755188701923073 0.5528035769230769 0.36016511778846155 0.5592535264423076 0.3853915841346154 0.5500086009615385 0.3934181850961539 0.5457086346153847 0.4010625697115385 0.5493636057692307 0.4201735264423077 0.5485036129807692 0.4358445144230769 0.5446336418269231 0.45151549999999996 0.5454936370192308
4 0.3035966826923077 0.5622635024038461 0.2951878605769231 0.5532335745192307 0.2890723533653846 0.5478586177884616 0.2741658076923077 0.5512985889423077 0.2630814519230769 0.5517285865384616 0.23632611057692307 0.556888545673077 0.24473493028846155 0.5639834879807692 0.25085043749999997 0.5631234951923078 0.2539081899038461 0.5654884759615384 0.25658372596153844 0.5689284495192308 0.28219240865384615 0.5657034735576923 0.3035966826923077 0.5622635024038461
6 0.2539081899038461 0.5220588245192308 0.24779268509615385 0.5164688677884615 0.23861942548076923 0.5078689375000001 0.2344150144230769 0.502063983173077 0.22753506971153847 0.5035689711538461 0.23900164423076922 0.5164688677884615 0.24511714903846155 0.5257137932692307 0.2527615336538461 0.5334537331730769 0.2630814519230769 0.5403336778846154 0.2749302451923077 0.5502235985576923 0.2844857235576923 0.5491486057692307 0.2886901346153846 0.5463536298076923 0.2734013677884616 0.5358187139423077 0.26002369711538464 0.5265737884615385 0.2539081899038461 0.5220588245192308
7 0.20918854807692308 0.5472136225961538 0.21836180769230767 0.5521585817307693 0.22485953365384617 0.5476436177884616 0.22294843749999999 0.5373237019230769 0.20727745192307692 0.5270037836538461 0.1969575360576923 0.5239938076923077 0.1839620841346154 0.5218438245192307 0.17134885096153846 0.5220588245192308 0.15682452403846153 0.5222738221153846 0.14612238701923078 0.5248538004807692 0.14879792067307693 0.54291365625 0.15491342788461537 0.5519435841346154 0.15950005769230768 0.5536635697115385 0.17478882451923078 0.5519435841346154 0.19657531730769232 0.55086859375 0.20918854807692308 0.5472136225961538
0 0.16485112500000002 0.5758083942307692 0.19045981009615384 0.5798933605769231 0.19657531730769232 0.5614035096153847 0.19389978125 0.5598985216346154 0.17249550961538462 0.5583935336538461 0.16485112500000002 0.5758083942307692
6 0.14688682451923077 0.5242088052884616 0.14726904326923076 0.5115239086538461 0.1407713173076923 0.502063983173077 0.13694912740384615 0.500129 0.13656690625 0.5082989326923077 0.13694912740384615 0.5145338846153846 0.13809578365384614 0.5246388028846154 0.13847800240384614 0.5340987259615384 0.14191797596153846 0.5461386298076923 0.13274471634615384 0.5482886129807693 0.12548255048076923 0.5534485721153847 0.11401597596153847 0.5695734423076924 0.11363375721153846 0.5723684206730769 0.12777586778846153 0.5732284134615384 0.13542025 0.5618335048076923 0.14612238701923078 0.5525885793269231 0.15223789423076922 0.5538785697115385 0.15453120913461538 0.5519435841346154 0.14956235817307692 0.5401186802884616 0.14688682451923077 0.5242088052884616
8 0.1396246610576923 0.5203388365384616 0.13083362019230768 0.5184038533653846 0.12013148317307693 0.5149638798076923 0.11554485336538461 0.5184038533653846 0.11363375721153846 0.5233488125 0.12318923798076924 0.5254987956730769 0.12357145673076923 0.529583764423077 0.11898482692307691 0.5351737187500001 0.11172266105769231 0.5356037139423078 0.10790047115384614 0.5388286899038461 0.10637159375 0.5480736153846154 0.11286931971153846 0.5519435841346154 0.12127814182692308 0.5555985552884615 0.12777586778846153 0.5476436177884616 0.1319802764423077 0.5392586850961538 0.13847800240384614 0.5259287932692308 0.1396246610576923 0.5203388365384616
6 0.06967855288461539 0.3683350528846154 0.08878951201923077 0.3915548677884615 0.10407827884615384 0.4081097355769231 0.11822038701923078 0.4201496394230769 0.13427359375 0.43498451923076925 0.14726904326923076 0.4444444447115385 0.16561556490384616 0.4420794639423077 0.17593548076923077 0.43928448557692307 0.18013989182692305 0.43691950480769226 0.1445935096153846 0.3984348125 0.12357145673076923 0.3741400072115385 0.10981156490384615 0.35973512259615387 0.08840729326923077 0.3625301009615385 0.06967855288461539 0.3683350528846154
4 0.21453961778846153 0.4141296875 0.20651301442307693 0.40918472596153843 0.1896953701923077 0.4003697980769231 0.1740243846153846 0.4117647067307692 0.1851087403846154 0.41520467788461535 0.19466422115384616 0.4201496394230769 0.20383748076923075 0.42186962499999997 0.21033520673076925 0.4188596490384615 0.21453961778846153 0.4141296875
10 0.12166036057692307 0.4661592716346154 0.1266292091346154 0.46400928846153844 0.11019378605769231 0.45540935576923075 0.10025608653846155 0.4650842788461539 0.11248710096153847 0.4711042307692308 0.12166036057692307 0.4661592716346154
6 0.29671673798076925 0.43003956009615385 0.2951878605769231 0.4244496033653846 0.28563238221153847 0.41541967788461537 0.28104575240384616 0.4057447548076923 0.2684325192307692 0.41025971875 0.27684134134615385 0.42079463461538463 0.2848679423076923 0.42767457932692304 0.29289454567307693 0.43283453846153847 0.3039789014423077 0.4459494326923077 0.31544547596153844 0.4545493629807692 0.3250009543269231 0.46207430288461543 0.3418185985576923 0.47131922836538465 0.35596070673076924 0.4784141730769231 0.3628406538461538 0.47260921875 0.3509918581730769 0.46572927403846154 0.33761418749999994 0.4597093221153846 0.3250009543269231 0.45110939182692306 0.3035966826923077 0.4394994831730769 0.29671673798076925 0.43003956009615385
8 0.3689561586538461 0.42939456490384614 0.35290295432692304 0.4302545576923077 0.3548140504807692 0.44143446875000003 0.35596070673076924 0.4551943581730769 0.3628406538461538 0.46078431490384614 0.3701028173076923 0.46035431730769233 0.3750716658653846 0.45497936057692306 0.37277835096153844 0.4496044038461538 0.37201391346153845 0.43691950480769226 0.3689561586538461 0.42939456490384614
8 0.4266712524038461 0.41197970432692305 0.4220846225961538 0.40918472596153843 0.4067958557692308 0.40767973798076923 0.3918893100961538 0.40617475 0.3804227331730769 0.4038097692307692 0.3701028173076923 0.4055297548076923 0.36016511778846155 0.40638975 0.3613117764423077 0.4089697283653846 0.36704506249999996 0.41305469471153844 0.37545388461538465 0.416279670673077 0.3918893100961538 0.4177846586538462 0.41635133653846157 0.4197196418269231 0.4243779375 0.4201496394230769 0.4266712524038461 0.41197970432692305
8 0.33379199759615386 0.39649982692307695 0.33761418749999994 0.40144478846153847 0.3494629831730769 0.41004471875 0.35863624278846157 0.41434468509615385 0.3636050913461538 0.41240969951923073 0.36092955769230767 0.40466976201923077 0.3471696658653846 0.39456484374999995 0.3410541610576923 0.3896198822115385 0.33302755769230774 0.3911248701923077 0.33379199759615386 0.39649982692307695
8 0.353667391826923 0.3889748870192308 0.37239613221153844 0.3887598894230769 0.3892137740384615 0.38940488461538464 0.39150709134615386 0.38381493028846153 0.3796582956730769 0.37865497115384616 0.36666284375 0.3784399735576923 0.3483163245192307 0.37951496394230766 0.3494629831730769 0.38381493028846153 0.353667391826923 0.3889748870192308
10 0.3311164615384615 0.36468008173076927 0.32996980528846154 0.3676900576923077 0.33761418749999994 0.37027003846153844 0.3483163245192307 0.3722050216346154 0.3548140504807692 0.3694100456730769 0.3548140504807692 0.3608101129807692 0.3548140504807692 0.3567251466346154 0.3456407908653846 0.3543601658653846 0.33761418749999994 0.3547901610576923 0.3311164615384615 0.36468008173076927
8 0.38118717307692307 0.39133987019230765 0.37124947355769233 0.3947798413461538 0.37048503605769234 0.4005847956730769 0.38118717307692307 0.4020897836538462 0.3957115 0.4053147572115385 0.4110002668269231 0.4053147572115385 0.4167335552884615 0.40294977644230767 0.4159691177884615 0.3999398004807692 0.4071780769230769 0.39864981009615386 0.39685815865384616 0.3958548341346154 0.38883155528846153 0.3952098389423077 0.38118717307692307 0.39133987019230765
2 0.4037381033653846 0.3354403173076923 0.3980048173076923 0.3363003100961538 0.39532928125000005 0.34748022115384614 0.3895959951923077 0.3547901610576923 0.38844933653846153 0.3651100793269231 0.38692045913461537 0.37607499038461534 0.3903604326923077 0.37908496634615385 0.40297366586538463 0.38037495673076926 0.40756029567307694 0.3782249735576923 0.4094713918269231 0.3672600625 0.40908917067307693 0.3556501538461539 0.40526698076923073 0.34920020673076924 0.40335588461538463 0.3403852764423077 0.4037381033653846 0.3354403173076923
8 0.48820853846153844 0.48787409615384614 0.48056415625000004 0.47948916346153847 0.4786530600961539 0.4736842115384615 0.4736842115384615 0.4698142403846154 0.46107097836538463 0.4629342956730769 0.4557199086538462 0.4642242860576923 0.4625998557692308 0.4751891995192308 0.46833314182692304 0.48701410336538464 0.4733019903846154 0.4951840384615384 0.48285747115384614 0.49604403125 0.48744410096153845 0.4932490552884615 0.48820853846153844 0.48787409615384614
8 0.5042617427884616 0.48292913701923074 0.5080839350961539 0.48142414903846154 0.5111416899038461 0.4758341923076923 0.5015862091346154 0.4715342283653846 0.48362190865384613 0.4642242860576923 0.4767419639423077 0.4637942884615385 0.46986201923076926 0.4622893028846154 0.4648931706730769 0.4637942884615385 0.4656576081730769 0.4661592716346154 0.4794174975961539 0.4741142067307692 0.4862974423076923 0.4777691778846154 0.49661736057692313 0.4822841418269231 0.5042617427884616 0.48292913701923074
2 0.4893551971153846 0.4145596826923077 0.47597752644230773 0.4169246634615385 0.4733019903846154 0.4379944951923077 0.4778886201923077 0.44358445192307694 0.4767419639423077 0.45712934375000003 0.4843863461538461 0.45777433653846156 0.4889729783653846 0.44573443509615385 0.49279516826923075 0.4416494663461539 0.49470626442307697 0.43261953846153844 0.4962351418269231 0.4177846586538462 0.4893551971153846 0.4145596826923077
4 0.49699957932692307 0.43562951442307696 0.49891067548076923 0.43605951201923077 0.5080839350961539 0.4048847620192308 0.5042617427884616 0.4048847620192308 0.4717731153846154 0.4010147908653846 0.44043114423076923 0.40079979326923076 0.4396667043269231 0.41799965625 0.4373733894230769 0.4339095288461538 0.44578221153846154 0.4343395240384615 0.4694798004807692 0.43455452403846156 0.4733019903846154 0.4371345024038461 0.4736842115384615 0.41713966346153847 0.4885907572115385 0.4136996899038462 0.49661736057692313 0.41799965625 0.49699957932692307 0.43562951442307696
5 0.46030653846153846 0.39542483653846155 0.4656576081730769 0.39778981730769225 0.4740664302884615 0.39692982451923076 0.4736842115384615 0.3939198485576923 0.4717731153846154 0.3896198822115385 0.46603982692307694 0.3881148942307692 0.45992431971153847 0.39090987259615384 0.46030653846153846 0.39542483653846155
2 0.4671864855769231 0.3270553846153846 0.45151549999999996 0.32318541346153845 0.4434888966346154 0.3229704158653846 0.4366089519230769 0.33071035336538457 0.43393341826923076 0.3382352932692308 0.42934678846153845 0.3515651875 0.4274356923076923 0.3603801177884615 0.4320223221153846 0.3625301009615385 0.4385200480769231 0.3543601658653846 0.44501777403846154 0.3489852091346154 0.45457325240384616 0.3444702451923077 0.4671864855769231 0.3270553846153846
2 0.42055574759615383 0.33737530048076925 0.41940908894230766 0.3315703485576923 0.41520467788461535 0.33178534615384614 0.4132935817307692 0.3371603028846154 0.4102358293269231 0.3509201923076923 0.4087069519230769 0.36468008173076927 0.41291136298076925 0.3773649807692308 0.42820012980769234 0.3769349855769231 0.42590681490384613 0.3666150673076923 0.42590681490384613 0.35780013701923075 0.42590681490384613 0.35135018990384614 0.4220846225961538 0.34533023798076923 0.42055574759615383 0.33737530048076925
2 0.5581546466346153 0.3270553846153846 0.5528035769230769 0.32512039903846157 0.5424836610576923 0.3272703822115384 0.5424836610576923 0.333720329326923 0.5443947572115385 0.3483402139423077 0.5443947572115385 0.3543601658653846 0.5505102620192308 0.3608101129807692 0.5485991658653846 0.3659700721153846 0.5558613317307692 0.3668300649038461 0.5570079879807692 0.35737014182692306 0.5573902067307692 0.3524251802884616 0.5612123990384615 0.34705022355769233 0.5581546466346153 0.3358703125 0.5581546466346153 0.3270553846153846
2 0.5302526466346154 0.3567251466346154 0.5287237692307692 0.3532851730769231 0.524901579326923 0.3500601995192308 0.5176394134615385 0.3489852091346154 0.51075946875 0.3509201923076923 0.5023506466346154 0.35500516105769225 0.4935596081730769 0.35909012740384616 0.4905018533653846 0.3636050913461538 0.4897374158653846 0.3679050576923077 0.49126629326923077 0.3698400408653846 0.4985284567307692 0.3691950456730769 0.5061728389423077 0.36812005528846153 0.5145816610576923 0.3640350865384615 0.522990483173077 0.3599501201923077 0.5302526466346154 0.3567251466346154
2 0.4285823485576923 0.25159098798076923 0.4217024038461539 0.24858101201923077 0.41291136298076925 0.2550309591346154 0.4079425144230769 0.26169590625 0.39762259615384615 0.26363089182692306 0.3838627067307692 0.2786807716346154 0.38118717307692307 0.2870657043269231 0.38844933653846153 0.29158066826923074 0.40182700721153847 0.29136566826923077 0.41291136298076925 0.27889576923076925 0.4190268701923077 0.27180082451923077 0.41826243269230773 0.26685586538461536 0.41940908894230766 0.2629858966346154 0.4255245961538462 0.2543859639423077 0.4285823485576923 0.25159098798076923
2 0.45151549999999996 0.2629858966346154 0.44654664903846153 0.25546095673076924 0.43928448557692307 0.25546095673076924 0.43011122596153845 0.25804093509615383 0.42896456730769233 0.26148090865384616 0.4350800745192308 0.2713708293269231 0.44081336298076923 0.27889576923076925 0.44578221153846154 0.2838407283653846 0.45342659375 0.29115067067307693 0.46068875961538464 0.29889060817307694 0.4671864855769231 0.2980306153846154 0.4656576081730769 0.29308565625 0.4622176346153846 0.28319573557692307 0.4622176346153846 0.2784657716346154 0.4580132259615385 0.27266081971153844 0.45151549999999996 0.2629858966346154
8 0.3326453389423077 0.2715858269230769 0.3276764903846154 0.26685586538461536 0.3165921346153846 0.2563209495192308 0.3100944086538462 0.24815101442307694 0.2986278341346154 0.2389060889423077 0.2906012307692308 0.23847609134615383 0.2837212860576923 0.2442810456730769 0.27684134134615385 0.24600103125 0.2737835865384616 0.24922600721153848 0.27989909375 0.2556759543269231 0.2906012307692308 0.2642758846153846 0.30092114903846157 0.27330581249999997 0.30971218990384614 0.28212074278846155 0.3158276947115385 0.28642070913461537 0.32958758653846154 0.29072067307692306 0.3349386538461539 0.29158066826923074 0.33799640625 0.29394564903846154 0.3456407908653846 0.29287065624999997 0.3414363798076923 0.28921568509615386 0.3425830360576923 0.28362573076923075 0.33990750240384615 0.27567079567307695 0.3326453389423077 0.2715858269230769
8 0.31047662740384613 0.1875215 0.30283224278846155 0.18279153846153845 0.2951878605769231 0.18666150721153846 0.30206780528846155 0.19225146153846154 0.3039789014423077 0.19934640625 0.31544547596153844 0.2064413485576923 0.3207965456730769 0.21482628125 0.33379199759615386 0.22794117548076923 0.33952528365384615 0.23138114903846155 0.3479341057692308 0.23740110096153846 0.35290295432692304 0.23632611057692307 0.3678095024038462 0.22901616826923077 0.36398731009615387 0.22063123557692307 0.34449413221153846 0.20536635817307694 0.33073424278846153 0.19633643028846154 0.3261476129807692 0.19031647836538462 0.31047662740384613 0.1875215
8 0.25964147836538465 0.20450636298076924 0.24588158894230772 0.20558135576923078 0.24970378125 0.21504127884615384 0.25237931490384613 0.22557619471153847 0.26231701201923074 0.23288613701923078 0.2638458894230769 0.23546611538461537 0.2703436153846154 0.23525111778846153 0.26652142307692306 0.22794117548076923 0.26690364182692305 0.22235122115384615 0.2642281081730769 0.21504127884615384 0.2638458894230769 0.20859133173076924 0.25964147836538465 0.20450636298076924
8 0.24358827403846156 0.21633126923076923 0.23938386298076922 0.2141812860576923 0.23135725961538461 0.20923632692307692 0.22294843749999999 0.2047213629807692 0.21492183653846153 0.2021413822115385 0.21033520673076925 0.2025713798076923 0.20918854807692308 0.2047213629807692 0.20383748076923075 0.20687134615384617 0.20918854807692308 0.2109563125 0.21759737019230768 0.21590127403846154 0.23135725961538461 0.21977124278846152 0.23709054807692306 0.22256621875 0.24435271153846155 0.22579119471153847 0.250086 0.22794117548076923 0.25429041105769234 0.22299621634615382 0.250086 0.2202012379807692 0.24358827403846156 0.21633126923076923
2 0.23135725961538461 0.25825593509615385 0.2344150144230769 0.25116099038461537 0.23135725961538461 0.2466460264423077 0.2344150144230769 0.24299105528846152 0.23556167067307693 0.23933608653846153 0.23517945192307693 0.23396112740384614 0.2260061923076923 0.23353113221153846 0.22103734375 0.24406604807692306 0.21415739903846154 0.2472910216346154 0.20460191826923074 0.26191090384615384 0.2015441658653846 0.2724458197115385 0.20727745192307692 0.2791107668269231 0.21568627403846152 0.2806157548076923 0.21950846634615384 0.2778207764423077 0.22447731490384618 0.26750086057692307 0.23135725961538461 0.25825593509615385
2 0.307418875 0.2958806322115385 0.3139165985576923 0.29502063942307694 0.31620991586538466 0.29308565625 0.3123877235576923 0.29007568028846153 0.30932996874999996 0.2877106971153846 0.2906012307692308 0.28147574759615385 0.27301914903846153 0.27717578365384615 0.26193479326923075 0.2750258004807692 0.2581126009615385 0.2797557620192308 0.2577303822115385 0.28577571394230766 0.2707258341346154 0.28964568269230767 0.28104575240384616 0.2920106634615385 0.2879256971153846 0.29330065384615384 0.2990100528846154 0.29502063942307694 0.307418875 0.2958806322115385
7 0.4694798004807692 0.2251461995192308 0.4641287307692308 0.21590127403846154 0.45763100480769225 0.2116013076923077 0.4480755264423077 0.20988131971153848 0.43928448557692307 0.21181630528846154 0.4308756634615385 0.21740625961538462 0.4274356923076923 0.22170622596153844 0.4350800745192308 0.2283711730769231 0.4434888966346154 0.22966116346153848 0.45380881490384617 0.2337461298076923 0.4625998557692308 0.23826109374999999 0.4671864855769231 0.2315961466346154 0.4694798004807692 0.2251461995192308
4 0.3983870360576923 0.17225662259615385 0.38844933653846153 0.1724716201923077 0.3750716658653846 0.18021155769230768 0.3708672548076923 0.18257653846153848 0.37277835096153844 0.1875215 0.38309826923076923 0.19096147115384615 0.3899782139423077 0.1939714471153846 0.3972403774038461 0.1987014110576923 0.40526698076923073 0.20085139423076923 0.4079425144230769 0.19784141826923077 0.41826243269230773 0.19225146153846154 0.43011122596153845 0.18666150721153846 0.41864465144230767 0.18236154086538464 0.4071780769230769 0.18150154807692306 0.4002981298076923 0.17870656971153845 0.3983870360576923 0.17225662259615385
7 0.5084661538461538 0.18601651201923078 0.5023506466346154 0.19332645432692308 0.5122883461538461 0.21267629807692306 0.5180216346153846 0.2292311658653846 0.5306348653846154 0.23202614423076923 0.5577724254807692 0.23611111057692308 0.5765011658653847 0.2337461298076923 0.5929365889423077 0.2260061923076923 0.5822344543269231 0.20859133173076924 0.5665634663461538 0.19633643028846154 0.5463058509615385 0.1885964903846154 0.5268126754807693 0.18601651201923078 0.5084661538461538 0.18601651201923078
8 0.539808125 0.15763673798076921 0.5287237692307692 0.15613174999999999 0.526430454326923 0.15914172596153844 0.5298704278846154 0.171826625 0.5275771129807693 0.18064155528846154 0.5321637427884616 0.18580151442307694 0.5455414134615384 0.1885964903846154 0.5470702908653846 0.1840815264423077 0.5455414134615384 0.17612659134615385 0.5421014399038462 0.16408668750000002 0.539808125 0.15763673798076921
7 0.493941826923077 0.16021671875 0.4817108125 0.16559167548076925 0.4748308677884615 0.16946164423076923 0.4897374158653846 0.17763157932692308 0.5012039903846154 0.1840815264423077 0.5176394134615385 0.18322153365384614 0.5287237692307692 0.17870656971153845 0.5271948942307693 0.1686016514423077 0.5195505096153846 0.1651616778846154 0.5046439639423077 0.1608617139423077 0.493941826923077 0.16021671875
7 0.49470626442307697 0.15763673798076921 0.4996751129807692 0.15355177163461536 0.49661736057692313 0.14452184375000002 0.4950884831730769 0.13592191346153845 0.4897374158653846 0.13076195432692309 0.48209303125 0.13183694471153845 0.47139089423076924 0.13592191346153845 0.45954210096153847 0.13764189903846155 0.4618354158653846 0.14151186778846153 0.4549554711538461 0.14645682932692308 0.4488399639423077 0.15333677403846152 0.4587776634615385 0.15785173798076924 0.4671864855769231 0.1651616778846154 0.4733019903846154 0.16795665625 0.48362190865384613 0.16494668028846154 0.4889729783653846 0.16193670432692306 0.49470626442307697 0.15763673798076921
8 0.3483163245192307 0.18924148557692308 0.3517562980769231 0.19891640865384613 0.3525207355769231 0.20020639903846152 0.3620762139423077 0.20085139423076923 0.36704506249999996 0.19440144471153847 0.3678095024038462 0.18730650240384616 0.36704506249999996 0.17784657692307693 0.3571073653846154 0.17612659134615385 0.3517562980769231 0.17999656009615383 0.3483163245192307 0.18924148557692308
4 0.2906012307692308 0.13635190865384617 0.27760577884615384 0.13420192548076923 0.2833390673076923 0.14215686298076924 0.2902190120192308 0.14323185336538463 0.3039789014423077 0.1430168557692308 0.32156098317307696 0.15226178125 0.32920536538461537 0.17290161778846153 0.32958758653846154 0.1830065360576923 0.32996980528846154 0.19569143509615383 0.3494629831730769 0.21203130288461539 0.3525207355769231 0.21074131490384615 0.3486985432692308 0.19612143028846155 0.3422008173076923 0.18451152403846155 0.33876084615384616 0.1645166826923077 0.33302755769230774 0.14774681730769232 0.3227076418269231 0.1412968701923077 0.2906012307692308 0.13635190865384617
8 0.353667391826923 0.11055211538461539 0.3490807620192308 0.11936704567307693 0.3486985432692308 0.13097695192307693 0.3494629831730769 0.1400068798076923 0.35596070673076924 0.14667182692307693 0.3678095024038462 0.14559683413461538 0.3693383774038462 0.13183694471153845 0.37239613221153844 0.1243120048076923 0.3697205985576923 0.11958204326923078 0.3689561586538461 0.11377708894230769 0.353667391826923 0.11055211538461539
2 0.4132935817307692 0.12904196874999999 0.40144478846153847 0.12237702163461539 0.38883155528846153 0.11635706971153846 0.36628062499999997 0.10904712740384616 0.3605473389423077 0.10754213942307692 0.3590184615384615 0.11119711057692308 0.3701028173076923 0.1165720673076923 0.37545388461538465 0.12302201682692308 0.3861560216346154 0.13011695913461538 0.3995336923076923 0.13678190625 0.4067958557692308 0.13570691346153846 0.4132935817307692 0.12904196874999999
11 0.3227076418269231 0.051857584134615387 0.32232542067307696 0.05809253605769231 0.32996980528846154 0.07722738221153845 0.33761418749999994 0.08066735576923077 0.3582540216346154 0.0860423125 0.3834804879807692 0.09034227644230769 0.3857738028846154 0.08410732692307692 0.3838627067307692 0.06733746153846154 0.3555784879807692 0.05658754807692308 0.33952528365384615 0.05228758173076923 0.3227076418269231 0.051857584134615387
9 0.2760769014423077 0.051857584134615387 0.2688147379807692 0.05637254807692308 0.2680503004807692 0.06196250480769231 0.27645912259615385 0.06927244471153846 0.2852501634615385 0.07271241826923078 0.3001567091346154 0.07443240384615385 0.30971218990384614 0.07142242788461538 0.3142988197115385 0.06690746394230769 0.3112410649038461 0.056802545673076923 0.3043611201923077 0.05056759615384616 0.2898367932692308 0.047987615384615386 0.2760769014423077 0.051857584134615387
8 0.10675381249999999 0.055297557692307694 0.10369606009615384 0.060672514423076924 0.10942934615384615 0.06282249759615385 0.11325153846153846 0.06755245913461538 0.1273936466346154 0.07572239423076924 0.14918013942307692 0.08432232451923076 0.16294002884615383 0.08733230048076922 0.17134885096153846 0.0776573798076923 0.15644230528846154 0.07013243990384616 0.13580246875000002 0.06325249278846154 0.12242479807692308 0.05723254326923077 0.1109582235576923 0.05658754807692308 0.10675381249999999 0.055297557692307694
9 0.10713603125000001 0.09485724038461538 0.105989375 0.10603715144230769 0.11248710096153847 0.11270209855769231 0.12242479807692308 0.11549707692307692 0.13121583894230768 0.1178620576923077 0.14191797596153846 0.1165720673076923 0.1556778653846154 0.10861713221153847 0.1560600841346154 0.10066219471153846 0.1449757283653846 0.09141726923076923 0.12968696153846154 0.08711730288461537 0.11745594951923076 0.08862229086538462 0.10713603125000001 0.09485724038461538
7 0.21033520673076925 0.1853715168269231 0.21148186298076924 0.17419160576923076 0.2137751778846154 0.16236670192307695 0.20689523317307693 0.1518317860576923 0.19581087740384615 0.1412968701923077 0.18701983653846155 0.1339869278846154 0.1831976466346154 0.1262469903846154 0.17211329086538463 0.12689198557692308 0.16255781009615383 0.12796697596153847 0.14574016826923078 0.1329119375 0.13771356490384615 0.14753181971153848 0.14153575721153847 0.15763673798076921 0.1533845504807692 0.16881664903846155 0.16064671394230767 0.17333161298076924 0.16523334375 0.1797815625 0.1736421658653846 0.1840815264423077 0.1820509879807692 0.18902648798076924 0.19542865865384615 0.19354145192307692 0.21033520673076925 0.1898864807692308 0.21033520673076925 0.1853715168269231
10 0.14765126201923076 0.1281819735576923 0.1556778653846154 0.12990196153846154 0.15758896153846152 0.12796697596153847 0.16485112500000002 0.11915204567307693 0.15644230528846154 0.11377708894230769 0.14803348317307694 0.11485208173076923 0.13580246875000002 0.1217320264423077 0.13809578365384614 0.12732198076923076 0.14765126201923076 0.1281819735576923
4 0.10216718269230769 0.13914688701923078 0.11172266105769231 0.14989680048076923 0.12089592067307693 0.15871173076923076 0.12815808653846153 0.16408668750000002 0.1392424423076923 0.1692466466346154 0.14650460576923077 0.17032163701923078 0.1445935096153846 0.16365668990384613 0.14230019471153846 0.16021671875 0.13847800240384614 0.15075679326923078 0.13656690625 0.14258685817307692 0.1396246610576923 0.13570691346153846 0.12586477163461537 0.13484692067307694 0.12318923798076924 0.12861197115384615 0.11325153846153846 0.12409700721153846 0.10254940144230769 0.12517199759615386 0.09796277163461539 0.12904196874999999 0.10216718269230769 0.13914688701923078
7 0.07923403365384615 0.15699174519230769 0.07808737499999999 0.15032679807692306 0.07885181250000001 0.1400068798076923 0.07617627884615384 0.13097695192307693 0.07885181250000001 0.12603199278846156 0.0738829639423077 0.11700206490384615 0.06585636298076923 0.10689714423076922 0.05668310096153846 0.09528723798076923 0.05133203365384616 0.08668730528846155 0.03298551442307692 0.08217234375 0.022665596153846154 0.08496731971153845 0.01655008894230769 0.09163226682692308 0.004319076923076924 0.10367217067307692 0.002407980769230769 0.10840213221153847 0.002407980769230769 0.11678706490384615 0.002407980769230769 0.13097695192307693 0.002407980769230769 0.14774681730769232 0.0020257620192307693 0.16559167548076925 0.020754500000000002 0.1686016514423077 0.024576692307692306 0.1625816995192308 0.028781103365384617 0.15828173317307692 0.046745403846153846 0.15978672115384615 0.061651951923076924 0.1634416923076923 0.07923403365384615 0.15699174519230769
3 0.59675878125 0.09442724519230769 0.5891143990384615 0.09335225240384615 0.5833811105769231 0.09679222596153846 0.5822344543269231 0.10195218509615385 0.5887321778846154 0.10603715144230769 0.6001987548076924 0.11184210576923077 0.6086075745192308 0.11463708413461539 0.6181630552884615 0.12151702884615385 0.62542521875 0.12216202163461538 0.6303940673076922 0.11829205288461539 0.62618965625 0.1139920889423077 0.6166341778846154 0.10732714182692307 0.59675878125 0.09442724519230769
8 0.6066964807692308 0.11463708413461539 0.6005809735576924 0.11420708653846154 0.5990520961538461 0.1165720673076923 0.6070786995192308 0.12366700961538461 0.6143408629807692 0.13355693028846155 0.6200741514423077 0.13764189903846155 0.6238963413461539 0.13678190625 0.6315407259615384 0.13441692548076922 0.6292474110576923 0.13033195673076922 0.6231319038461538 0.1256019951923077 0.6177808365384615 0.12087203365384616 0.6135764254807692 0.11807705528846155 0.6066964807692308 0.11463708413461539
6 0.5864388653846154 0.12259201923076923 0.5910254951923076 0.12904196874999999 0.59599434375 0.13979188221153846 0.6005809735576924 0.14151186778846153 0.610900889423077 0.13850189182692307 0.6116653293269231 0.13570691346153846 0.6066964807692308 0.12667698557692308 0.6032565072115385 0.12108703125 0.5994343149038461 0.12022703846153847 0.5864388653846154 0.12259201923076923
7 0.6380384519230768 0.13957688221153847 0.6277185336538461 0.13764189903846155 0.6162519591346154 0.14043687740384614 0.6112831105769231 0.14925180528846155 0.6128119855769231 0.15785173798076924 0.6170163966346155 0.16817165384615385 0.6288651923076922 0.17268661778846153 0.6384206706730768 0.1690316466346154 0.641096204326923 0.1634416923076923 0.6430073004807693 0.15527175721153846 0.6430073004807693 0.1483918125 0.6380384519230768 0.13957688221153847
8 0.4893551971153846 0.06905744711538461 0.4832396899038462 0.06884244951923077 0.4778886201923077 0.0703474375 0.47635974519230767 0.08131234855769232 0.47597752644230773 0.08926728605769231 0.4736842115384615 0.09528723798076923 0.48362190865384613 0.10109219230769231 0.4862974423076923 0.09765221874999999 0.4889729783653846 0.0931372548076923 0.49126629326923077 0.08496731971153845 0.4935596081730769 0.07916236778846154 0.49241294951923076 0.07163742788461538 0.4893551971153846 0.06905744711538461
7 0.5348392764423078 0.10883212980769232 0.5470702908653846 0.11033711778846154 0.553568016826923 0.10775713701923076 0.5516569206730769 0.09894220913461539 0.5508924807692307 0.09571723317307691 0.5485991658653846 0.08690230528846153 0.5390436875 0.07529239663461539 0.5363681538461539 0.07421740625 0.5184038533653846 0.0787323701923077 0.5145816610576923 0.08045235576923077 0.5061728389423077 0.07636738942307691 0.5027328677884616 0.07249742067307692 0.5008217716346154 0.07099243269230769 0.5050261826923077 0.06841245192307692 0.5073194975961539 0.0623925 0.5019684278846154 0.06131750961538462 0.49241294951923076 0.060672514423076924 0.4893551971153846 0.06282249759615385 0.4901196346153846 0.06862745192307693 0.493941826923077 0.07421740625 0.4950884831730769 0.08066735576923077 0.48744410096153845 0.09593223317307692 0.49241294951923076 0.10023219711538461 0.5012039903846154 0.11076711298076923 0.5073194975961539 0.11442208413461538 0.5149638798076923 0.11076711298076923 0.5195505096153846 0.10818713461538462 0.5279593317307693 0.10754213942307692 0.5348392764423078 0.10883212980769232
7 0.526048235576923 0.04949260336538462 0.522990483173077 0.042612658653846155 0.5119061274038461 0.03616271153846154 0.5126705649038461 0.030787754807692306 0.5004395528846154 0.029497764423076923 0.4897374158653846 0.02885276923076923 0.4797997163461538 0.028637771634615387 0.47139089423076924 0.04067767548076923 0.4786530600961539 0.04949260336538462 0.48667966105769234 0.055297557692307694 0.4992928942307693 0.05766253846153846 0.51037725 0.06174750721153846 0.5187860721153846 0.05723254326923077 0.526048235576923 0.04949260336538462
7 0.4201099278846154 0.05001917307692308 0.40572971634615385 0.04582494471153846 0.3865560985576923 0.05181669951923077 0.39134950240384614 0.07009155528846153 0.3998711105769231 0.08327341586538463 0.40572971634615385 0.09375898798076923 0.4227729302884615 0.09765362980769231 0.43395754086538463 0.10034991826923076 0.4467399519230769 0.0910626971153846 0.4467399519230769 0.08237465144230768 0.44034874759615383 0.0769820721153846 0.4312945384615385 0.06230227163461539 0.4291641370192308 0.055711341346153846 0.4201099278846154 0.05001917307692308
7 0.44620735336538464 0.04882082211538462 0.43875094471153847 0.04582494471153846 0.4318271394230769 0.05151711298076923 0.4302293389423077 0.05990556971153846 0.4323597403846154 0.0667960889423077 0.4419465480769231 0.07818042307692306 0.4456747524038462 0.08117630048076922 0.4579245625 0.08177547596153846 0.4669787716346154 0.0787795985576923 0.46910917307692307 0.06949237740384616 0.4707069735576923 0.05720927884615385 0.45685936057692306 0.05151711298076923 0.44620735336538464 0.04882082211538462
5 0.4584571634615384 0.10394497115384614 0.4685765721153846 0.09795321634615385 0.45739196153846157 0.08776723317307693 0.4467399519230769 0.09046352163461538 0.44407694951923077 0.09975074278846154 0.4584571634615384 0.10394497115384614
2 0.4014689110576923 0.14079426682692306 0.3940125048076923 0.14858354807692306 0.3822952956730769 0.1722509831730769 0.40040371153846155 0.17195139423076922 0.4105231201923077 0.16236458653846153 0.4179795264423077 0.15008148798076923 0.4174469254807692 0.14588725961538462 0.4014689110576923 0.14079426682692306
11 0.5378146346153846 0.15247818990384615 0.5415428365384616 0.16386252403846152 0.54953184375 0.1803398533653846 0.5708358629807692 0.17944108894230767 0.5692380625 0.14648643509615386 0.5474014423076923 0.14229220673076923 0.5340864302884616 0.14379014423076922 0.5330212283653846 0.1491827235576923 0.5378146346153846 0.15247818990384615
8 0.5814878725961539 0.1899266610576923 0.5724336658653846 0.18603201923076923 0.5671076586538462 0.18423449278846155 0.5639120576923077 0.19052583653846153 0.5724336658653846 0.19861470673076922 0.5804226706730768 0.20670357692307692 0.5878790793269231 0.21149698076923076 0.600128889423077 0.2082015144230769 0.5979984879807693 0.2037076971153846 0.5814878725961539 0.1899266610576923
7 0.6443347283653846 0.18633160817307692 0.6342153197115384 0.18603201923076923 0.6283567139423076 0.19292253846153845 0.629954516826923 0.19951346875 0.637410923076923 0.21119739182692307 0.6491281322115385 0.20939986538461539 0.6555193389423077 0.2058048125 0.6555193389423077 0.1959184158653846 0.6549867379807692 0.19022624759615384 0.6443347283653846 0.18633160817307692
7 0.6469977307692307 0.21868708653846153 0.6416717259615384 0.21389368269230769 0.6320849182692307 0.2082015144230769 0.6198351057692307 0.20220975961538462 0.6129113004807692 0.19891429326923077 0.6022592908653845 0.2049060504807692 0.600128889423077 0.21688956009615384 0.602791891826923 0.23067059615384616 0.6113135000000001 0.23696193990384615 0.6230307091346153 0.23905905528846152 0.6331501177884615 0.23875946634615383 0.6475303317307692 0.2318689471153846 0.6469977307692307 0.21868708653846153
5 0.6240959110576922 0.25014380288461535 0.6091830985576923 0.24924503846153845 0.6123786995192307 0.25613555769230767 0.6246285120192308 0.25913143509615383 0.6240959110576922 0.25014380288461535
5 0.6139765024038462 0.24115616826923075 0.6145091009615384 0.2483462764423077 0.6272915144230768 0.24954462740384614 0.6267589134615386 0.23935864182692307 0.6139765024038462 0.24115616826923075
7 0.7348768100961538 0.19951346875 0.7364746105769231 0.21089780528846153 0.7471266201923077 0.22318090384615383 0.7716262427884615 0.22707554326923077 0.7860064543269231 0.21509203365384616 0.7705610408653847 0.21479244471153847 0.7551156274038462 0.21239574278846154 0.760974233173077 0.20191017067307693 0.7577786298076923 0.19412088942307693 0.7348768100961538 0.19951346875
7 0.7817456514423077 0.2489454519230769 0.7705610408653847 0.2462491610576923 0.7631046346153846 0.24025740625 0.7465940192307693 0.24025740625 0.7327464086538461 0.24954462740384614 0.7311486057692308 0.2540384423076923 0.7492570216346154 0.25673473317307693 0.7753544447115384 0.2594310240384615 0.7806804495192308 0.25733390865384614 0.7817456514423077 0.2489454519230769
9 0.7023881802884616 0.2444516346153846 0.7125075889423077 0.25493720673076925 0.7295508052884615 0.25493720673076925 0.7364746105769231 0.24684833653846153 0.7311486057692308 0.24025740625 0.7215617980769231 0.2363627644230769 0.709311985576923 0.2357635889423077 0.7023881802884616 0.2444516346153846
11 0.7529852259615384 0.22527801682692308 0.7391376129807692 0.22917265865384615 0.7332790072115384 0.23816029086538462 0.7407354158653846 0.24505081009615384 0.7508548245192308 0.24175534375 0.7599090312500001 0.23816029086538462 0.7615068341346153 0.23037100961538462 0.7529852259615384 0.22527801682692308
5 0.6853449663461538 0.2285734831730769 0.694399173076923 0.23336688701923075 0.7002577788461538 0.232468125 0.7098445865384615 0.22557760576923075 0.7087793870192307 0.22258172836538462 0.695464375 0.21868708653846153 0.6853449663461538 0.2285734831730769
7 0.5900094807692308 0.44847090384615385 0.5825530745192308 0.4592560625 0.5868138774038462 0.46374987980769233 0.5985310889423077 0.47093998557692307 0.6139765024038462 0.46494823076923075 0.6230307091346153 0.45476224759615386 0.6262263125 0.44667337740384616 0.6193025072115385 0.44217956009615383 0.6038570937500001 0.4391836826923077 0.5900094807692308 0.44847090384615385
6 0.5623142548076923 0.45626018509615385 0.5468688413461538 0.46704534615384613 0.5250322211538462 0.4988016490384615 0.5127824110576923 0.5146798004807692 0.5229018197115385 0.5176756778846154 0.5335538293269231 0.5098863966346154 0.5532600480769231 0.48891525240384615 0.565509858173077 0.4736362764423077 0.5788248701923077 0.46105359134615387 0.6033244927884616 0.4415803846153846 0.5884116778846153 0.4337911033653846 0.5804226706730768 0.44637378846153847 0.5719010649038462 0.45685936057692306 0.5623142548076923 0.45626018509615385
8 0.5607164543269231 0.44038203365384615 0.5532600480769231 0.44128079807692305 0.5474014423076923 0.44217956009615383 0.5388798341346154 0.4427787355769231 0.5378146346153846 0.44637378846153847 0.5458036418269231 0.44877049278846154 0.5516622451923077 0.4520659567307692 0.5633794567307693 0.4550618341346154 0.5724336658653846 0.45566100961538464 0.5793574711538462 0.4505680192307692 0.5798900721153847 0.4427787355769231 0.5692380625 0.4415803846153846 0.5607164543269231 0.44038203365384615
4 0.5170432139423077 0.43349151682692305 0.5149128125 0.44128079807692305 0.527162625 0.44637378846153847 0.5388798341346154 0.44847090384615385 0.5447384399038462 0.44128079807692305 0.5734988653846154 0.44068162259615384 0.5745640673076923 0.4289976995192308 0.5724336658653846 0.42480347115384615 0.5527274471153846 0.42270635576923077 0.5399450360576923 0.42300594471153846 0.5244996225961539 0.42450388221153845 0.5170432139423077 0.43349151682692305
7 0.5218366201923077 0.39993768509615385 0.5101194086538462 0.4011360360576923 0.5063912067307692 0.4116216081730769 0.5069238052884615 0.4212084182692308 0.5170432139423077 0.42330553125 0.5410102355769231 0.42210718028846156 0.5420754375 0.41401831009615386 0.5468688413461538 0.4059294423076923 0.5420754375 0.40053686057692306 0.5218366201923077 0.39993768509615385
8 0.709311985576923 0.4529647211538462 0.7173009927884616 0.44637378846153847 0.709311985576923 0.44128079807692305 0.6991925769230769 0.44068162259615384 0.6933339735576923 0.44697296634615385 0.7002577788461538 0.4505680192307692 0.709311985576923 0.4529647211538462
4 0.8003866682692308 0.45026843028846153 0.7860064543269231 0.4427787355769231 0.7769522475961538 0.4529647211538462 0.77215884375 0.4613531778846154 0.7860064543269231 0.46404946874999997 0.8003866682692308 0.45026843028846153
0 0.8195602860576923 0.45895647596153843 0.8243536899038462 0.4673449326923077 0.8392665024038461 0.47273751201923075 0.8520489134615384 0.4664461706730769 0.8499185120192307 0.4586568870192308 0.8382013028846154 0.45116719471153843 0.8286144927884614 0.4451754375 0.8222232884615385 0.44996884375 0.8195602860576923 0.45895647596153843
7 0.7918650600961539 0.4215080048076923 0.8131690793269232 0.429596875 0.7987888653846155 0.4382849206730769 0.8067778725961539 0.4382849206730769 0.820625485576923 0.4382849206730769 0.8318100961538462 0.4328923389423077 0.8312774951923078 0.4272001730769231 0.817962483173077 0.4203096538461538 0.8131690793269232 0.4131195480769231 0.7982562668269231 0.4116216081730769 0.7918650600961539 0.4215080048076923
7 0.7860064543269231 0.4095244951923077 0.7897346586538462 0.41641501201923076 0.8014518677884616 0.41042325721153844 0.809440875 0.4029335625 0.80198446875 0.39454510576923074 0.7923976610576923 0.3909500528846154 0.7828108533653846 0.39244799278846154 0.7769522475961538 0.4032331514423077 0.7860064543269231 0.4095244951923077
8 0.7838760528846154 0.34421436057692306 0.7998540673076923 0.3511048798076923 0.8057126730769231 0.3424168341346154 0.7955932644230769 0.33882178125 0.7806804495192308 0.3343279639423077 0.7780174471153847 0.3406193076923077 0.7838760528846154 0.34421436057692306
6 0.70292078125 0.3019724855769231 0.6933339735576923 0.3097617668269231 0.7103771875 0.32084651442307693 0.7178335937500001 0.3148547596153846 0.70292078125 0.3019724855769231
7 0.6006614903846154 0.25493720673076925 0.5857486754807693 0.25463761778846156 0.5612490552884615 0.28729268509615385 0.5585860528846154 0.29148691346153843 0.5804226706730768 0.3004745480769231 0.6054548942307693 0.3082638293269231 0.631019716346154 0.32174527884615384 0.6438021274038461 0.3241419807692308 0.6613779447115384 0.32474115625 0.6603127427884616 0.3166522860576923 0.6565845384615384 0.3103609423076923 0.6544541370192308 0.2929848533653846 0.6283567139423076 0.27231329807692306 0.6006614903846154 0.25493720673076925
8 0.0941584375 0.2258771923076923 0.09043023557692308 0.23126977403846152 0.07818042307692306 0.23786070432692308 0.07125661778846154 0.24654874999999998 0.06220240865384615 0.2600301995192308 0.06326761057692308 0.26362525240384616 0.079245625 0.26602195432692305 0.08563682932692308 0.26182772596153847 0.0920280360576923 0.2531396802884615 0.10108224519230768 0.24535039903846154 0.10054964423076923 0.23965823076923076 0.10427784615384615 0.23037100961538462 0.0941584375 0.2258771923076923
7 0.1341034735576923 0.24864586298076924 0.13197307211538462 0.23965823076923076 0.12504926442307693 0.23067059615384616 0.11386465625 0.22497843028846154 0.10161484374999999 0.22378007932692306 0.10001704326923076 0.22617678125 0.10481044711538462 0.2294722451923077 0.1032126466346154 0.2384598798076923 0.10587564903846153 0.24535039903846154 0.1069408485576923 0.2516417403846154 0.12398406490384616 0.25493720673076925 0.1372990769230769 0.25583596875 0.1484836875 0.25793308413461535 0.1484836875 0.2531396802884615 0.1341034735576923 0.24864586298076924
4 0.08776723317307693 0.18273655528846153 0.09575624038461537 0.19292253846153845 0.10427784615384615 0.1962180048076923 0.11386465625 0.20191017067307693 0.12664706730769232 0.19711676682692308 0.1394294783653846 0.19142460096153846 0.12931006971153847 0.17734397596153845 0.12078846153846154 0.16685840384615383 0.10587564903846153 0.16865593028846154 0.08084342548076923 0.17674479807692306 0.08776723317307693 0.18273655528846153
6 0.38176269471153845 0.24325328365384616 0.3822952956730769 0.23786070432692308 0.38762130048076926 0.2321685360576923 0.38495829807692306 0.22527801682692308 0.37643668990384616 0.22138337740384614 0.36738248076923075 0.22378007932692306 0.35673047115384615 0.23486482692307692 0.3530022692307692 0.24115616826923075 0.3370242548076923 0.25014380288461535 0.347676264423077 0.2594310240384615 0.36631728125 0.26512318990384615 0.3801648942307692 0.26482360336538463 0.39454510576923074 0.2582326706730769 0.3918821033653846 0.2534392668269231 0.3881539014423077 0.2483462764423077 0.38176269471153845 0.24325328365384616
9 0.9670906177884616 0.2507429783653846 0.9756122235576924 0.2534392668269231 0.9857316322115385 0.2522409158653846 0.9915902379807692 0.2480466875 0.9862642331730769 0.23965823076923076 0.9761448245192308 0.23875946634615383 0.9606994110576923 0.24325328365384616 0.9670906177884616 0.2507429783653846
7 0.9175587716346154 0.3570966346153846 0.9074393629807692 0.36788179567307694 0.897319954326923 0.37537148798076925 0.9138305697115385 0.37956571875 0.9250151778846154 0.3789665408653846 0.9388627908653846 0.36848097115384615 0.9324715865384616 0.35799539903846156 0.9260803798076923 0.3546999326923077 0.9175587716346154 0.3570966346153846