2 0.9686047379807692 0.14529914423076923 0.9150980745192308 0.3285683341346154 0.9215704182692307 0.3285683341346154 0.9562164951923078 0.21147390144230768 0.9752528028846155 0.14785033653846155 0.9733491706730769 0.14175871874999998 0.9686047379807692 0.14529914423076923
2 0.8351455889423077 0.1945527403846154 0.8477095528846154 0.29472601201923077 0.8621771442307692 0.4043751346153846 0.8667458581730769 0.4036982884615385 0.8416179326923078 0.1918453533653846 0.8351455889423077 0.1945527403846154
2 0.8629385961538462 0.44363222836538463 0.8682687620192309 0.44363222836538463 0.8606542403846155 0.39422243990384614 0.8408564807692307 0.25952999759615386 0.8351455889423077 0.2676521538461538 0.8629385961538462 0.44363222836538463
2 0.7841282884615384 0.2981102451923077 0.7818439326923077 0.3028481706730769 0.8534204447115384 0.4307721466346154 0.85798915625 0.4294184543269231 0.8576084302884616 0.4240036826923077 0.8084947620192308 0.33872103125 0.7841282884615384 0.2981102451923077
13 0.9543128653846153 0.5350064975961538 0.9623081129807692 0.5532813509615384 0.9756335288461538 0.5586961225961539 0.9862938605769231 0.5458360408653846 0.9939083822115384 0.5268843413461538 0.9923854783653846 0.5045484086538461 0.9824865985576923 0.48965778605769233 0.9722069927884616 0.48424301442307693 0.9619273870192308 0.4910114783653846 0.9535514134615385 0.5065789471153846 0.9543128653846153 0.5350064975961538
9 0.987816764423077 0.4564923100961539 0.979821514423077 0.4625839278846154 0.9775371586538462 0.4815356298076923 0.9866745865384616 0.49777994471153847 0.9961927379807692 0.49981048317307697 0.9973349182692307 0.4910114783653846 0.9992385480769231 0.46461446875 0.987816764423077 0.4564923100961539
6 0.9254728629807693 0.6451632548076923 0.9731588076923077 0.5624187788461539 0.9631647475961539 0.5563271610576923 0.9580249447115385 0.5512508125 0.9246162283653846 0.6126746274038462 0.9094823653846155 0.6400869062500001 0.9254728629807693 0.6451632548076923
13 0.8952051346153845 0.6619152043269231 0.9014871153846153 0.6436403509615385 0.8992027596153847 0.6268884014423077 0.8954906802884615 0.6152128004807692 0.8854966201923078 0.6050601033653846 0.8743603798076923 0.602014295673077 0.8600831514423077 0.6091211826923076 0.8586554278846154 0.6177509735576923 0.8657940432692308 0.6299342115384616 0.8723615673076923 0.6487166995192308 0.8689350336538462 0.6705449975961538 0.8755025576923077 0.6740984399038462 0.8880665216346154 0.6710526322115384 0.8952051346153845 0.6619152043269231
13 0.8657940432692308 0.6289189399038461 0.8603686947115385 0.6207967836538462 0.853515625 0.6157204350961538 0.8438071081730769 0.6207967836538462 0.8358118605769231 0.6370410985576923 0.8335275048076922 0.6603923004807692 0.8380962163461538 0.6781595192307692 0.8466625552884615 0.6908503894230769 0.8586554278846154 0.6888198509615384 0.8672217644230769 0.6786671538461538 0.8695061225961538 0.6690220913461539 0.8717904783653846 0.6537930480769231 0.8709338461538461 0.6405945408653846 0.8657940432692308 0.6289189399038461
13 0.876277139423077 0.7535345384615385 0.882158701923077 0.7400909687499999 0.8817385889423076 0.7315020192307693 0.8716559110576922 0.7232865048076923 0.861573233173077 0.7348629134615384 0.8613631778846155 0.7449455913461538 0.8708156874999999 0.7546548365384615 0.876277139423077 0.7535345384615385
0 0.8603128990384616 0.6878104158653847 0.8472894399038461 0.6893041466346154 0.8372067620192307 0.6810886298076924 0.8288045312500001 0.6956524975961538 0.8271240841346154 0.7673515408653846 0.8409877668269231 0.7468127524038461 0.8393073197115384 0.7270208293269231 0.8445587139423077 0.7094695024038462 0.8590525649038461 0.6934119038461539 0.8666145721153846 0.6881838485576923 0.8729162475961538 0.6863166850961538 0.8724961346153847 0.6751137091346154 0.8685050745192308 0.6724996826923076 0.8676648509615384 0.6822089278846154 0.8603128990384616 0.6878104158653847
7 0.8775374735576923 0.7034945817307693 0.8708156874999999 0.6881838485576923 0.8687151298076923 0.6866901177884616 0.86598440625 0.690797875 0.8567419495192308 0.6952790673076923 0.850230221153846 0.7031211490384616 0.8441386033653846 0.7068554735576923 0.8388872091346153 0.7281411274038461 0.8456089927884616 0.7490533485576923 0.85422128125 0.7606297572115385 0.8573721177884616 0.7393441033653846 0.8666145721153846 0.7232865048076923 0.8775374735576923 0.7034945817307693
11 0.8374168173076922 0.9260603605769231 0.8374168173076922 0.9346493100961539 0.8353162596153846 0.9350227427884616 0.8348961490384615 0.9398773653846154 0.8315352548076922 0.9503334759615385 0.8351062043269231 0.9540678004807692 0.841407877403846 0.9570552596153846 0.8504402764423078 0.9551880985576923 0.8535911129807693 0.9436116899038461 0.8517006105769231 0.9346493100961539 0.8462391610576923 0.9271806586538461 0.8374168173076922 0.9260603605769231
0 0.8647240697115385 0.5373171105769231 0.8813184783653847 0.5851164735576924 0.9353028173076924 0.5361968149038462 0.9210190216346154 0.49437237259615385 0.9100961225961538 0.4581494182692308 0.8995933317307692 0.4181921394230769 0.8466592716346154 0.4674852307692308 0.8540112259615384 0.5025878870192307 0.8657743485576923 0.5205126490384615 0.8647240697115385 0.5373171105769231
0 0.9350927596153846 0.32334027884615385 0.8640939038461538 0.3576960697115385 0.8739665264423077 0.4387309278846154 0.9002235 0.41520467788461535 0.9170279615384616 0.4745804495192308 0.9489564423076923 0.46375090625 0.9468558846153846 0.4118437860576923 0.9434949927884616 0.3696459110576923 0.9350927596153846 0.32334027884615385
0 0.8023375 0.9365164711538461 0.8330056466346154 0.9312884158653846 0.8357363725961539 0.9230729014423077 0.8319553677884616 0.8935717331730769 0.8269140288461538 0.8558550480769231 0.8233430793269231 0.8383037211538462 0.8107397331730769 0.8409177475961538 0.7903643197115385 0.8704189158653846 0.8023375 0.9365164711538461
13 0.9563083966346154 0.0010680168269230769 0.9474860528846154 0.07426079086538462 0.9981094975961539 0.08434346875 0.9974793317307692 0.003682045673076923 0.9563083966346154 0.0010680168269230769
8 0.9819352019230769 0.09405271394230769 0.9815150913461538 0.08322317067307691 0.9689117427884616 0.08434346875 0.9607195673076923 0.1366240216346154 0.9754234735576923 0.14483953605769231 0.9758435841346155 0.13475685817307692 0.9764737524038462 0.12019299038461538 0.9819352019230769 0.09405271394230769
7 0.8491799423076922 0.18330308653846156 0.8840492043269231 0.16649862259615383 0.8800581442307693 0.10786971634615385 0.8731263028846155 0.10450882451923077 0.8361564831730769 0.1366240216346154 0.8491799423076922 0.18330308653846156
13 0.7395308197115384 0.18404994951923076 0.7336492572115384 0.18591711298076924 0.7300783076923077 0.19077173557692306 0.7309185312500001 0.20272157692307693 0.7393207644230769 0.21205738942307692 0.7479330504807693 0.21093709134615385 0.7531844447115384 0.19786695432692308 0.7525542788461539 0.18666397836538462 0.7468827716346154 0.18479681490384614 0.7395308197115384 0.18404994951923076
2 0.7704090216346154 0.6971462283653846 0.7701989639423077 0.7109632307692307 0.7828023125 0.7367300745192308 0.7937252139423077 0.7527876730769231 0.7983464399038461 0.7557751346153846 0.803807891826923 0.7385972379807693 0.7975062187499999 0.7359832115384616 0.7945654375 0.7221662067307691 0.794985548076923 0.708349204326923 0.7888939302884614 0.6934119038461539 0.7804916995192308 0.6870635504807693 0.7704090216346154 0.6971462283653846
7 0.8493899975961539 0.5473997884615385 0.8544313365384616 0.5369436778846154 0.8653542379807693 0.5208860817307692 0.8517006105769231 0.5044550504807692 0.8474994951923077 0.5074425096153846 0.8472894399038461 0.5171517548076923 0.8275441947115384 0.5130439975961538 0.8222928004807692 0.5272344326923076 0.8077989519230768 0.5395577067307692 0.8168313509615385 0.5664448485576923 0.8296447548076924 0.5776478221153846 0.8439285480769231 0.5862367716346154 0.8428782692307693 0.5787681201923077 0.8330056466346154 0.5694323076923077 0.8367866514423077 0.5623370889423077 0.8464492163461539 0.5638308197115385 0.8493899975961539 0.5473997884615385
4 0.7170548509615385 0.40661573076923074 0.7292380865384616 0.39354559134615386 0.7248269134615384 0.3786082908653846 0.7206257980769231 0.36740531730769227 0.7172649062500001 0.36591158653846156 0.7002503870192308 0.38084888701923075 0.7008805528846154 0.38383634615384615 0.7174749615384616 0.39354559134615386 0.7170548509615385 0.40661573076923074
4 0.6985699399038462 0.38906440144230764 0.6931084903846153 0.3954127548076923 0.690797875 0.4133375168269231 0.6914280432692308 0.4275279519230769 0.6994101634615385 0.42342019471153847 0.7103330649038462 0.4275279519230769 0.7134839014423077 0.4208061658653846 0.7168447932692307 0.3965330528846154 0.7082325072115385 0.38943783413461536 0.6985699399038462 0.38906440144230764
7 0.7351196490384615 0.4611368774038462 0.7304984206730769 0.4506807668269231 0.7136939567307692 0.44433241346153846 0.7052917259615386 0.4480667403846154 0.6989900528846154 0.45292136298076924 0.6935286009615385 0.46375090625 0.6949989927884614 0.47756790865384613 0.7002503870192308 0.4861568557692308 0.7124336225961538 0.4910114783653846 0.72503696875 0.49138491105769233 0.7304984206730769 0.4906380456730769 0.7355397596153845 0.47831477403846157 0.7351196490384615 0.4611368774038462
4 0.7804916995192308 0.518645485576923 0.7823821995192308 0.5055753485576923 0.7821721442307693 0.4966129663461538 0.7758704711538461 0.4921317764423077 0.7655777379807692 0.49586610096153844 0.7571755048076922 0.5093096730769231 0.7554950600961539 0.5320890552884616 0.7628470120192308 0.5574824663461538 0.7769207499999999 0.5571090336538462 0.7762905817307693 0.5369436778846154 0.7804916995192308 0.518645485576923
7 0.8086391754807691 0.629928375 0.8107397331730769 0.6164848052884615 0.8098995096153847 0.5922116923076923 0.8023375 0.5645776850961538 0.79939671875 0.5567356033653846 0.7903643197115385 0.5544950072115384 0.7859531490384615 0.5645776850961538 0.7765006394230769 0.5608433605769231 0.7777609735576922 0.5742869302884616 0.770619076923077 0.5963194495192308 0.7777609735576922 0.6344095649038461 0.7828023125 0.6377704591346153 0.7741900240384615 0.6515874615384616 0.7859531490384615 0.6609232740384615 0.7939352692307692 0.6635373028846154 0.8086391754807691 0.629928375
7 0.7181051298076924 0.6340361322115384 0.7105431201923077 0.6542014903846154 0.714744235576923 0.6747402788461538 0.7151643485576924 0.6859432524038461 0.7283978629807693 0.6885572812499999 0.7355397596153845 0.6803417644230769 0.7462526057692307 0.6680184927884615 0.7464626610576922 0.6542014903846154 0.7468827716346154 0.6478531370192309 0.7309185312500001 0.638143891826923 0.7181051298076924 0.6340361322115384
0 0.6895375408653847 0.8622034014423078 0.7031911682692308 0.9391305 0.7313386442307692 0.9260603605769231 0.7225163004807692 0.8655642932692308 0.7183151850961539 0.8483863990384616 0.6895375408653847 0.8622034014423078
13 0.6872025024038462 0.6952616971153845 0.6706276346153845 0.7076023389423077 0.6638276899038461 0.7340465721153847 0.67048596875 0.7511723605769232 0.6794108990384615 0.7536908581730769 0.6904608100961538 0.7552019591346154 0.70193571875 0.7421057668269231 0.7076023389423077 0.7257355264423077 0.7101523197115385 0.7138985841346154 0.7046273629807692 0.7030690432692308 0.7006607283653847 0.6990394447115384 0.6872025024038462 0.6952616971153845
8 0.69669409375 0.692995048076923 0.7053356899038461 0.70004684375 0.7117106394230769 0.687706201923077 0.7107189807692307 0.6708322620192307 0.7108606466346153 0.6597508701923077 0.7093023245192308 0.6537064735576923 0.7034940384615385 0.6511879759615385 0.6975440865384616 0.6559731225961538 0.69669409375 0.692995048076923
7 0.6656693413461539 0.9813631129807692 0.6646776826923078 0.9979852019230768 0.6765775865384616 0.9969778028846155 0.6860691778846154 0.9813631129807692 0.6847941875000001 0.9544151802884616 0.6796942283653846 0.9461041346153846 0.6677943245192307 0.9589484759615385 0.6656693413461539 0.9813631129807692
6 0.6713359615384615 0.8234532644230769 0.6656693413461539 0.8619862884615385 0.6489528076923077 0.9856445600961539 0.6604277163461538 0.9911852548076923 0.6754442620192307 0.8602233413461539 0.6791275673076923 0.8284902620192308 0.6747359350961539 0.8232014134615385 0.6713359615384615 0.8234532644230769
8 0.6260029927884615 0.8425938509615385 0.6203363701923077 0.8398235024038462 0.6163697355769231 0.8436012500000001 0.6139614206730769 0.8423420024038462 0.6121197692307693 0.8504011971153846 0.6166530673076923 0.8519122956730769 0.6204780360576923 0.8592159423076923 0.6417278653846155 0.8680306850961539 0.6438528485576923 0.8657640360576924 0.6458361658653846 0.8536752451923076 0.6435695192307692 0.8471271490384615 0.6388945552884615 0.8448605 0.6325196057692307 0.8456160504807693 0.6260029927884615 0.8425938509615385
3 0.652777778846154 0.9090822091346153 0.6544777644230769 0.9025341129807691 0.6472528221153847 0.8738232307692309 0.6461194975961538 0.8672751346153846 0.6435695192307692 0.8685343846153846 0.6380445625 0.8713047331730769 0.6421528629807691 0.8901934711538462 0.6448445072115384 0.91210440625 0.652777778846154 0.9090822091346153
8 0.63269896875 0.9312579663461539 0.6312871778846154 0.9383692091346153 0.6368559086538461 0.9411579326923077 0.6361500144230768 0.9523128269230768 0.6481502403846153 0.9673719350961538 0.6544248677884615 0.9577508389423077 0.65481703125 0.9510579014423077 0.6537974038461538 0.9447832740384615 0.6472874783653846 0.9362776682692308 0.6419540456730769 0.9336283798076923 0.640306954326923 0.9359987956730769 0.6362284471153846 0.9318157091346154 0.63269896875 0.9312579663461539
2 0.665959639423077 0.4415684014423077 0.6697044855769231 0.43704129807692305 0.6662592283653846 0.4314489927884615 0.6589193269230769 0.43118269230769235 0.65727159375 0.4258566875 0.6514296322115385 0.42159588461538466 0.6373490072115384 0.4290522908653846 0.6247663221153845 0.43331309375000004 0.6175762139423077 0.44343250240384613 0.6169770384615384 0.45914421875 0.6258148798076923 0.47618743269230773 0.6592189158653846 0.46154092067307695 0.6620649975961539 0.4444977043269231 0.665959639423077 0.4415684014423077
7 0.5966050721153846 0.49908925240384616 0.5937589879807692 0.5092086610576924 0.5945079567307693 0.5289148798076924 0.6000503317307693 0.540898389423077 0.6087383749999999 0.54595809375 0.6168272451923078 0.542229891826923 0.6199729182692307 0.5504851995192308 0.6238675576923077 0.5467569951923077 0.630009108173077 0.5371701875 0.6354016875 0.5390342884615384 0.6472354038461539 0.5121379639423077 0.6452880841346154 0.5004207548076923 0.6406444735576924 0.4972251514423077 0.6367498317307692 0.5028174567307693 0.6321062211538462 0.5030837572115385 0.6288107572115386 0.49988815384615387 0.6261144663461539 0.49296434855769233 0.618924360576923 0.4895024447115385 0.6183251850961539 0.49802405288461543 0.6156288942307693 0.5030837572115385 0.6087383749999999 0.5014859543269231 0.5966050721153846 0.49908925240384616
8 0.6192239471153846 0.49110024519230766 0.6177260096153846 0.48683944230769227 0.6123334302884615 0.48497534134615383 0.6019976514423078 0.4823123389423077 0.5921112548076923 0.48177973798076923 0.5870182620192308 0.4863068413461538 0.5840223846153847 0.48843724278846157 0.5840223846153847 0.4945621490384615 0.5871680576923077 0.4956273509615385 0.5898643461538462 0.49988815384615387 0.6151795120192308 0.5012196538461539 0.6186247716346155 0.49935555288461536 0.6192239471153846 0.49110024519230766
10 0.5822248581730769 0.5036163581730769 0.5874676442307692 0.4812471370192308 0.5718890817307692 0.47432333173076924 0.5679944399038461 0.4905676466346154 0.5822248581730769 0.5036163581730769
2 0.6139811610576923 0.865252079326923 0.6060420865384615 0.8753714879807692 0.6043943533653846 0.8838930961538461 0.6022972379807693 0.8870886995192309 0.5970544519230769 0.8857571971153846 0.5820750649038462 0.9139850240384615 0.5891153774038462 0.9257022331730769 0.6066412620192307 0.8972081081730768 0.6084387884615384 0.8862897980769231 0.6169770384615384 0.868980283653846 0.6139811610576923 0.865252079326923
8 0.6175762139423077 0.7102653413461538 0.6141309567307692 0.7158576466346154 0.6082889951923077 0.7185206490384615 0.6082889951923077 0.7334334615384616 0.6081391995192308 0.7427539711538462 0.61502971875 0.735031264423077 0.6213210625 0.7265096562500001 0.6277621995192307 0.7227814519230769 0.625964673076923 0.7126620432692307 0.6243169399038462 0.7070697379807692 0.6223696201923077 0.7057382379807693 0.6175762139423077 0.7102653413461538
8 0.6076898197115385 0.7496777764423077 0.6081391995192308 0.72784115625 0.6085885817307692 0.71159684375 0.6037951778846155 0.7107979423076922 0.5942083701923078 0.7283737572115385 0.5949573389423077 0.749944076923077 0.6076898197115385 0.7496777764423077
8 0.609637139423077 0.8351601538461538 0.6097869326923078 0.8407524591346154 0.6195235360576923 0.8383557548076923 0.6268634350961538 0.8402198581730769 0.6451382884615384 0.8277037451923076 0.6382477716346154 0.8103942307692308 0.6313572524038461 0.8191821394230769 0.6198231225961539 0.8250407427884615 0.609637139423077 0.8351601538461538
7 0.6755822956730769 0.28330639903846155 0.6762070769230769 0.28649972596153844 0.6756603942307693 0.3153785072115385 0.6773785432692307 0.31648922836538457 0.6884684110576923 0.3119075 0.6921390024038462 0.2958020240384615 0.6912799278846153 0.28552784375 0.6899522668269231 0.2730322163461538 0.6872969471153846 0.27081077163461537 0.6841730384615385 0.2719214951923077 0.6845635288461539 0.27594786298076923 0.6830796730769231 0.2809461129807692 0.6810491322115385 0.28136263461538463 0.679643375 0.2799742307692308 0.6721459999999999 0.27969655048076925 0.6682411153846155 0.28122379326923075 0.6680068221153845 0.28497248076923076 0.6719117067307692 0.2871939254807692 0.6755822956730769 0.28330639903846155
6 0.6119594903846154 0.9428484711538462 0.6310347043269231 0.9850599735576923 0.6458413365384617 0.9639542211538461 0.6373041778846154 0.9549427764423076 0.6367706057692307 0.94687990625 0.6371707860576923 0.9416627548076922 0.6313014903846154 0.9402398942307693 0.6329022067307692 0.9245884375 0.6204966490384615 0.9155769927884615 0.6154277115384615 0.9255370120192308 0.6119594903846154 0.9428484711538462
4 0.5934178509615384 0.6075278774038462 0.6026219735576923 0.5997021490384615 0.5840803341346154 0.5636563701923077 0.57861121875 0.5688735216346154 0.5687401298076923 0.5712449543269231 0.5832799759615385 0.6094250216346154 0.5934178509615384 0.6075278774038462
7 0.5708744182692308 0.7168509278846155 0.5708744182692308 0.7223052211538461 0.5806121153846153 0.7237280817307692 0.58874909375 0.7201709326923077 0.6058234086538461 0.6819908653846153 0.6042226923076923 0.6677622692307692 0.6044894783653846 0.6606479711538462 0.6204966490384615 0.6383565024038462 0.62009646875 0.6160650336538461 0.6092916298076922 0.5940107091346154 0.6038225120192308 0.5895049879807692 0.6027553677884615 0.6006507211538461 0.5940848173076924 0.6091878798076923 0.5863480168269231 0.6094250216346154 0.5840803341346154 0.61440503125 0.5822128317307692 0.6205707572115385 0.5756765697115385 0.6516365264423077 0.5726085288461539 0.6741651370192308 0.5755431778846154 0.7019109014423077 0.5784778245192308 0.7087880552884616 0.5678063774038461 0.7057051923076922 0.5708744182692308 0.7168509278846155
7 0.594618389423077 0.8856969399038461 0.5774106802884615 0.8588997500000001 0.5525995649038461 0.9022969687500001 0.5854142644230769 0.9551799206730769 0.6043560841346154 0.9113084134615386 0.594618389423077 0.8856969399038461
2 0.5902164158653846 0.23639864663461538 0.5939514230769231 0.25086438701923075 0.5996873269230769 0.25489582211538464 0.6068905528846154 0.2660415576923077 0.6094250216346154 0.2612986923076923 0.6079576995192307 0.25110153125 0.607424125 0.24303865865384616 0.6036891201923077 0.2273872019230769 0.5990203605769231 0.2288100625 0.5902164158653846 0.23639864663461538
8 0.5586022548076923 0.7725795961538461 0.5527329567307693 0.7732910264423077 0.5487311658653846 0.7780338918269231 0.5447293725961538 0.7806424687500001 0.5327239927884615 0.7993767884615385 0.53899346875 0.8119453822115384 0.5584688605769231 0.7889424831730769 0.5612701153846154 0.7796938942307693 0.5602029711538461 0.7706824519230769 0.5586022548076923 0.7725795961538461
0 0.5564679639423077 0.5368591802884615 0.566872625 0.5102991322115384 0.5546004615384615 0.49725625240384613 0.5538001033653847 0.49488481971153847 0.5457965168269231 0.5231048701923077 0.5564679639423077 0.5368591802884615
7 0.5376595384615385 0.05474689663461539 0.5447293725961538 0.03577543509615384 0.5504652740384615 0.029372567307692308 0.5551340336538462 0.01893826201923077 0.5547338533653846 0.010401103365384615 0.5560677860576922 0.0032868052884615384 0.5047514615384615 0.0003248870192307692 0.5024437620192308 0.0016268028846153845 0.5032441201923077 0.012772536057692307 0.5112477067307692 0.05190117788461539 0.51618325 0.05522118269230769 0.5208520072115385 0.06944978125 0.5164500360576922 0.0722955 0.5235198701923077 0.08699838221153847 0.5271214831730769 0.08747266826923077 0.5344581033653847 0.07490407451923077 0.5349916754807692 0.06707834615384616 0.5376595384615385 0.05474689663461539
7 0.5339245312500001 0.520970579326923 0.5312566706730769 0.5169391442307693 0.5108475264423077 0.5477677692307692 0.5169836081730769 0.5622335096153847 0.5229862980769231 0.5793078269230769 0.5412611514423077 0.5826278317307693 0.555801 0.5814421153846154 0.5608699374999999 0.5693478076923078 0.5607365432692307 0.5612849375 0.5571349302884616 0.5579649302884616 0.5533999230769231 0.5610477932692308 0.5427284759615385 0.5363848942307692 0.5387266826923077 0.5311677403846153 0.5339245312500001 0.520970579326923
8 0.5131152091346154 0.5342506033653847 0.5213855817307692 0.5126705649038461 0.5213855817307692 0.49796768269230773 0.5225861177884615 0.49346195913461544 0.5239200504807692 0.48516194471153845 0.5208520072115385 0.485873375 0.5187177187500001 0.49109052644230766 0.5156496778846154 0.4974933966346154 0.5103139543269231 0.5012876875 0.5063121610576923 0.5164648581730769 0.5003094711538462 0.5356734639423076 0.4987087548076923 0.5472934831730769 0.5063121610576923 0.5503763461538461 0.5131152091346154 0.5342506033653847
8 0.5432620480769231 0.8370825697115385 0.5403273990384615 0.8321025600961539 0.5344581033653847 0.8304425576923078 0.5311232764423077 0.8306796995192307 0.5283220216346154 0.829493983173077 0.5257875528846154 0.8330511322115384 0.5275216634615385 0.83660828125 0.5293891658653846 0.8413511466346153 0.5321904206730769 0.8529711682692308 0.5453963365384615 0.8683854807692307 0.5525995649038461 0.8781083557692307 0.5594026129807692 0.8736026322115384 0.5610033293269231 0.8643540456730769 0.5590024326923078 0.8605597524038462 0.5555342115384615 0.857476889423077 0.55420028125 0.8513111658653846 0.5504652740384615 0.849176875 0.5448627644230769 0.8439597235576923 0.5432620480769231 0.8370825697115385
8 0.5203184350961538 0.8581883197115385 0.5233864759615384 0.8655397620192308 0.5295225600961538 0.8705197716346155 0.5437956201923076 0.8816655048076923 0.5472638413461538 0.8819026466346155 0.546596875 0.8776340697115385 0.5447293725961538 0.8752626370192308 0.5451295504807692 0.868622625 0.5405941850961539 0.8631683293269231 0.5316568485576924 0.8543940288461538 0.5255207668269231 0.8484654447115385 0.5203184350961538 0.8581883197115385
8 0.5291223798076923 0.8221425432692308 0.5276550552884616 0.8211939687500001 0.5212521875 0.8209568245192307 0.5189845048076923 0.8188225360576923 0.5107141322115385 0.8211939687500001 0.5029773341346154 0.8261739783653846 0.5056451947115385 0.8387425721153845 0.5220525456730769 0.8351854230769231 0.5256541586538461 0.8304425576923078 0.5285888076923076 0.828308266826923 0.5291223798076923 0.8221425432692308
8 0.50857984375 0.8693340552884615 0.5141823533653846 0.8778712115384616 0.5236532644230769 0.8842740817307693 0.5256541586538461 0.8792940721153847 0.5249871947115385 0.8714683437499999 0.5220525456730769 0.8643540456730769 0.5156496778846154 0.85605403125 0.5092468100961539 0.8460940120192307 0.5071125192307693 0.847754016826923 0.5019101899038462 0.8543940288461538 0.50857984375 0.8693340552884615
2 0.5179173605769231 0.8883055168269232 0.5160498581730769 0.8902026634615384 0.5020435817307692 0.9177112836538461 0.5016434038461539 0.9262484399038461 0.4941733894230769 0.9435598990384615 0.49817518269230765 0.9478284783653846 0.5053784086538461 0.9340741682692308 0.5097803822115384 0.9326513100961538 0.5165834302884615 0.9207941466346153 0.5236532644230769 0.90632840625 0.5251205865384615 0.9001626802884615 0.5231196899038462 0.8947083846153846 0.5203184350961538 0.8909140937500001 0.5179173605769231 0.8883055168269232
2 0.5093802019230769 0.9459313317307692 0.5153828918269231 0.9506741971153846 0.5236532644230769 0.9343113125 0.5283220216346154 0.9279084447115384 0.5315234567307692 0.9207941466346153 0.5331241730769231 0.9143912764423077 0.5311232764423077 0.9101226971153846 0.5267213052884615 0.9056169759615386 0.5252539807692307 0.906565548076923 0.5084464495192308 0.9354970288461538 0.5093802019230769 0.9459313317307692
2 0.5245870144230769 0.9407141802884615 0.5196514711538461 0.9409513245192307 0.5159164639423077 0.9599227860576923 0.5120480649038461 0.9620570745192307 0.5104473461538461 0.9843485432692307 0.5117812788461539 0.9905142692307692 0.5099137740384616 0.9985771394230769 0.5171170024038462 0.9992885697115385 0.5217857596153845 0.9824513966346153 0.5227195120192307 0.9677485144230769 0.5221859399038462 0.9630056490384615 0.5228529038461539 0.9551799206730769 0.5248538004807692 0.9456941899038462 0.5245870144230769 0.9407141802884615
10 0.49150552884615384 0.8821397908653845 0.49457356971153843 0.8724169158653846 0.49777500240384615 0.8676740504807692 0.4947069615384615 0.861508326923077 0.49137213461538465 0.8588997500000001 0.4881706995192308 0.8570026033653846 0.4860364110576923 0.8612711826923077 0.4804339014423077 0.8771597812499999 0.4861698052884615 0.8864083701923077 0.49150552884615384 0.8821397908653845
7 0.5264545192307692 0.6378822163461538 0.5293891658653846 0.6241279062499999 0.5243202283653846 0.6039707259615384 0.5160498581730769 0.6018364375 0.5100471682692308 0.5833392620192307 0.5023103677884616 0.5743278173076922 0.5001760793269231 0.5895049879807692 0.4885708798076923 0.5930621370192308 0.48390212259615384 0.6103735961538461 0.4956407139423077 0.6227050456730769 0.49777500240384615 0.6148793173076923 0.5033775120192308 0.6146421754807693 0.5108475264423077 0.6115593125 0.5209854014423076 0.6314793461538462 0.5264545192307692 0.6378822163461538
6 0.46536048076923076 0.6760622836538462 0.47909997115384617 0.6677622692307692 0.4792333629807692 0.6483165192307693 0.4770990745192308 0.6350364975961539 0.46509369471153844 0.6371707860576923 0.3911939206730769 0.675825139423077 0.39399517548076923 0.698116608173077 0.3975967908653846 0.7128194903846155 0.46536048076923076 0.6760622836538462
8 0.43054488461538465 0.9665627980769231 0.4390820408653846 0.95257134375 0.44321722836538463 0.9499627692307692 0.44188329807692306 0.945457045673077 0.4404159735576923 0.9440341875 0.43828168269230766 0.9445084735576923 0.4314786346153846 0.9376313173076922 0.42467558894230767 0.9366827451923078 0.4158716442307692 0.9423741826923078 0.40720109375 0.9409513245192307 0.39452875000000004 0.9456941899038462 0.3901267764423077 0.9544684903846155 0.38959320432692307 0.9675113701923077 0.3947955360576923 0.976285673076923 0.41106949278846155 0.973439951923077 0.43054488461538465 0.9665627980769231
2 0.42334165625 0.9068026923076923 0.41773914663461537 0.8999255360576923 0.4082682379807692 0.8937598125 0.40413305048076925 0.9070398341346154 0.4082682379807692 0.9141541346153846 0.42934434615384615 0.9328884519230769 0.42934434615384615 0.9255370120192308 0.42334165625 0.9068026923076923
2 0.39546250000000005 0.7666510144230769 0.4120032451923077 0.7856224783653847 0.41573825000000003 0.7780338918269231 0.41213663701923076 0.76522815625 0.4049334110576923 0.7538452788461538 0.4003980456730769 0.7531338485576923 0.38945981250000006 0.7426995432692307 0.3867919495192308 0.7491024134615384 0.3957292860576923 0.7614338629807692 0.39546250000000005 0.7666510144230769
2 0.3850578389423077 0.8963683870192308 0.38852606009615387 0.8859340841346154 0.3910605288461539 0.8776340697115385 0.3922610673076923 0.8719426298076923 0.39039356249999996 0.8662511923076923 0.3862583774038461 0.8643540456730769 0.38172301201923076 0.8664883341346153 0.37051799278846154 0.9039569735576923 0.37105156490384616 0.914628420673077 0.3670497716346154 0.9281455865384616 0.36838370192307696 0.9350227427884616 0.37171852884615386 0.93146559375 0.37491996394230764 0.9205570024038461 0.3791885432692308 0.9143912764423077 0.3821231923076923 0.9084626947115384 0.3850578389423077 0.8963683870192308
8 0.35411064182692303 0.9575513533653847 0.3583792211538462 0.9554170649038463 0.36344815865384617 0.9601599302884616 0.3679835240384615 0.9587370697115385 0.37051799278846154 0.9587370697115385 0.370918170673077 0.9501999110576923 0.36718316346153845 0.9478284783653846 0.3649154831730769 0.9435598990384615 0.3603801177884615 0.9459313317307692 0.3578456490384615 0.9433227572115384 0.3517095649038462 0.9390541778846154 0.34730759375000003 0.9373941754807693 0.34544009134615383 0.9433227572115384 0.3462404495192307 0.9471170480769231 0.34463973076923077 0.9478284783653846 0.3453066971153846 0.9530456322115385 0.35411064182692303 0.9575513533653847
8 0.37652068028846153 0.9649027956730769 0.38238997836538463 0.9594485 0.38332372836538464 0.9530456322115385 0.3799889014423077 0.9501999110576923 0.3770542548076923 0.9528084879807692 0.37371942548076925 0.9547056346153846 0.3713183509615385 0.9575513533653847 0.3666495913461538 0.9596856418269231 0.36251440625 0.9646656514423076 0.35917957932692307 0.9682228004807693 0.35744546875 0.9767599591346153 0.36184743990384616 0.9838742572115385 0.3662494134615385 0.97770853125 0.3713183509615385 0.9741513822115385 0.37652068028846153 0.9649027956730769
5 0.3579790408653846 0.9708313774038462 0.3579790408653846 0.9587370697115385 0.3491750961538462 0.9551799206730769 0.34944188221153843 0.9584999254807692 0.3507758149038462 0.972254235576923 0.3546442139423077 0.9758113846153846 0.3579790408653846 0.9708313774038462
2 0.3722521033653846 0.8714683437499999 0.36851709615384615 0.8662511923076923 0.36251440625 0.8690969110576923 0.3538438557692307 0.8733654903846154 0.34664062740384616 0.8783454975961539 0.3495752764423077 0.8840369375 0.34904170432692305 0.8958941009615384 0.35117599278846157 0.8966055312500001 0.3583792211538462 0.8937598125 0.3678501298076923 0.8885426586538461 0.3719853173076923 0.8816655048076923 0.3722521033653846 0.8714683437499999
8 0.33356810576923074 0.814079670673077 0.33837025721153846 0.7962939254807692 0.33650275240384614 0.7913139158653847 0.33343471153846155 0.7882310528846154 0.3296997043269231 0.7884681971153846 0.32703184375 0.7962939254807692 0.32356362259615384 0.8107596658653846 0.32036218990384613 0.8264111201923078 0.32049558173076925 0.8356597091346154 0.31982861778846156 0.8444340096153845 0.32249647836538464 0.8453825841346153 0.32262987259615383 0.8427740072115385 0.3251643413461538 0.8404025745192307 0.3300998846153846 0.8347111346153846 0.3309002427884616 0.8290196971153846 0.33356810576923074 0.814079670673077
2 0.32836577403846157 0.8593740360576922 0.31982861778846156 0.8529711682692308 0.31462628605769233 0.8551054567307692 0.3104911009615385 0.8650654759615384 0.31022431490384617 0.8788197860576923 0.3158268245192308 0.8747883485576923 0.32836577403846157 0.8593740360576922
7 0.3485081322115385 0.8441968677884616 0.34103811778846155 0.8363711394230768 0.3386370432692308 0.8302054134615384 0.32743202403846156 0.8370825697115385 0.32062897596153844 0.8508368774038462 0.33250096153846154 0.8617454687499999 0.34263883653846156 0.8524968822115385 0.3485081322115385 0.8441968677884616
7 0.32303005048076927 0.983162826923077 0.33063345673076927 0.9651399375 0.3339682836538461 0.9618199326923077 0.3330345336538461 0.9535199182692308 0.3310336370192308 0.9471170480769231 0.32583130528846155 0.944271329326923 0.3158268245192308 0.9447456153846154 0.30382144471153844 0.9445084735576923 0.29621803846153844 0.9487770528846154 0.2872807019230769 0.9649027956730769 0.2867471298076923 0.9919371298076923 0.29621803846153844 0.9983399975961539 0.3158268245192308 0.9957314206730769 0.32303005048076927 0.983162826923077
8 0.3064893076923077 0.7118709182692308 0.30528876923076925 0.6974051778846154 0.3036880528846154 0.6881565913461538 0.2996862596153846 0.6857851586538461 0.29515089423076923 0.6879194471153846 0.2906155288461539 0.6938480288461538 0.29835232932692307 0.7310795240384615 0.3022207283653846 0.7462566923076923 0.3058223413461538 0.7519481322115384 0.3074230576923077 0.757165283653846 0.31182503125 0.7547938509615384 0.3107578870192308 0.748628125 0.3123586033653846 0.737482391826923 0.3106244927884615 0.7239652259615384 0.3064893076923077 0.7118709182692308
7 0.3290327403846154 0.5003391153846154 0.3259646995192308 0.4799447932692308 0.32249647836538464 0.4699847764423077 0.3200954038461538 0.4524361730769231 0.31982861778846156 0.4552818918269231 0.31556003846153846 0.44840473798076924 0.3103577067307692 0.4524361730769231 0.30302108653846155 0.47211906490384614 0.30568894951923076 0.4797076490384615 0.3128921754807692 0.49820482451923076 0.3180945072115385 0.5062676971153846 0.3191616514423077 0.5235791562500001 0.32196290624999996 0.5247648725961539 0.32316344471153846 0.5098248461538462 0.3243639807692308 0.5022362620192308 0.3271652355769231 0.5034219783653846 0.3290327403846154 0.5003391153846154
1 0.27712800480769234 0.6045575961538462 0.2811890841346154 0.5684591201923077 0.3048171778846154 0.569443625 0.30961663461538463 0.5674746153846153 0.2902342139423077 0.4946213269230769 0.2534999110576923 0.4998720144230769 0.2527615336538461 0.53531415625 0.21233534134615384 0.5753506466346153 0.24666991586538461 0.6642841682692308 0.2907879975961538 0.6550954639423078 0.27712800480769234 0.6045575961538462
4 0.2324561394230769 0.7765176129807692 0.21215074759615385 0.7843936442307692 0.22082668749999998 0.8211484567307692 0.2391015408653846 0.8129442572115385 0.2324561394230769 0.7765176129807692
9 0.2547920721153846 0.9855606105769231 0.2547920721153846 0.9980309927884616 0.2754666538461538 0.9986873293269232 0.27749719471153844 0.9865451129807692 0.27454368269230767 0.97899725 0.26974422596153846 0.9730902259615385 0.26180666346153847 0.9760437379807693 0.2547920721153846 0.9855606105769231
10 0.2828504350961538 0.9773564110576923 0.2784201658653846 0.9773564110576923 0.27749719471153844 0.996061985576923 0.28248124519230766 0.9986873293269232 0.28561935096153845 0.9878577860576924 0.2852501634615385 0.97899725 0.2828504350961538 0.9773564110576923
7 0.2656831466346154 0.9507748052884615 0.2732515216346154 0.9619325144230769 0.28081989423076925 0.9550409879807693 0.28506556730769234 0.96587053125 0.2907879975961538 0.95536915625 0.2941106971153846 0.9465086201923077 0.3016790721153846 0.9373199182692308 0.2876498918269231 0.92386503125 0.27417449278846157 0.9281312139423077 0.2656831466346154 0.9507748052884615
7 0.22101128125 0.9008932740384614 0.2337483028846154 0.9058157932692308 0.22784127884615385 0.9373199182692308 0.23688640865384616 0.954056485576923 0.2536845048076923 0.9422424374999999 0.27768178846153846 0.9064721298076923 0.2780509783653846 0.8956425865384615 0.2736207091346154 0.8844848750000001 0.2651293629807692 0.870045483173077 0.2677136875 0.8667638052884615 0.2701134158653846 0.8513399086538461 0.25959152884615383 0.8388695264423076 0.2536845048076923 0.8421512067307693 0.24833126682692308 0.8405103677884616 0.2374401923076923 0.846417389423077 0.21990371634615385 0.8729989951923076 0.22101128125 0.9008932740384614
8 0.27583584375 0.3846850576923077 0.2710363870192308 0.3784498653846154 0.26476017548076924 0.37713719471153845 0.2590377451923077 0.3915765841346154 0.25294612740384614 0.40798498317307696 0.2507309951923077 0.4194708629807692 0.24796207692307692 0.42964406971153846 0.25423828846153845 0.43456658894230765 0.2553458557692308 0.42701872596153845 0.26051450240384616 0.4257060528846154 0.26623693028846157 0.41225116586538463 0.2734361153846154 0.394858264423077 0.27583584375 0.3846850576923077
7 0.34573519951923076 0.5209039855769231 0.35124268990384616 0.5304725528846154 0.3581270528846154 0.5166760120192307 0.3586277331730769 0.5004316971153846 0.36763999038461537 0.49931907451923074 0.3688916923076923 0.4824071850961538 0.3570005216346154 0.47128094230769235 0.3482386033653846 0.44858340625 0.32933789903846156 0.4512537043269231 0.31995013221153845 0.44680320673076923 0.32470660096153847 0.47083589182692304 0.3292127283653846 0.5057722956730769 0.33446987980769227 0.5217940841346154 0.34573519951923076 0.5209039855769231
8 0.0939429951923077 0.9647786826923077 0.08181669230769231 0.9611350985576923 0.06951959375 0.9596169375 0.057564081730769226 0.9638677860576923 0.058247254807692314 0.9732803798076923 0.06268787259615384 0.9826929735576923 0.07515576201923077 0.9839075024038462 0.08796524038461538 0.9866401899038462 0.09274744471153847 0.9851220288461539 0.0963340985576923 0.9766203317307693 0.0939429951923077 0.9647786826923077
10 0.06507897596153846 0.7525398822115386 0.07396021153846154 0.7537544110576923 0.07259386778846154 0.7261238942307693 0.06610373317307693 0.7276420552884615 0.06507897596153846 0.7525398822115386
7 0.7315133629807692 0.4941490096153846 0.7287806754807692 0.4932381153846154 0.7188746778846155 0.49263085096153847 0.7079439254807693 0.4908090576923077 0.7041864783653846 0.5044725 0.7014537908653846 0.5196541033653846 0.7091394759615385 0.526637639423077 0.7146048533653846 0.5278521682692308 0.7279267091346154 0.5278521682692308 0.735100016826923 0.5154032548076923 0.7354416033653847 0.5050797644230769 0.7315133629807692 0.4941490096153846
7 0.7786522379807692 0.8563820408653846 0.800342951923077 0.8405931754807692 0.8015385048076923 0.8299660528846153 0.800342951923077 0.8135699230769231 0.7928280600961538 0.8178207716346153 0.7839468221153846 0.8147844519230769 0.7795062043269231 0.8159989807692308 0.7766027211538462 0.8205534615384615 0.7723328966346154 0.8205534615384615 0.7738700336538462 0.8308769495192307 0.7786522379807692 0.8563820408653846
5 0.4635175096153846 0.5910913942307693 0.45753092067307694 0.5910913942307693 0.4536448870192308 0.6060286947115384 0.4596314783653846 0.6077091418269231 0.4656180673076923 0.6034146658653846 0.46488287259615385 0.5914648269230769 0.4635175096153846 0.5910913942307693
13 0.03542380769230769 0.6618568557692307 0.0264964375 0.6482265697115385 0.014313201923076922 0.6446789591346154 0.00885175 0.6642841682692308 0.013893088942307692 0.6857565360576923 0.02292548798076923 0.6982665264423077 0.032693084134615386 0.6827690769230769 0.037419338942307694 0.6773543052884615 0.03542380769230769 0.6618568557692307
6 0.12007629326923076 0.4368637644230769 0.13457014182692306 0.44433241346153846 0.15956678124999998 0.43649033173076923 0.1574662235576923 0.4185655721153846 0.16607850961538462 0.38906440144230764 0.12280701682692308 0.3539617451923077 0.11965618028846155 0.38159575240384613 0.11188411538461539 0.3927987283653846 0.12007629326923076 0.4368637644230769
6 0.08268636057692308 0.27255345673076925 0.09739026682692307 0.2930922451923077 0.11398467548076924 0.29458597596153846 0.12259696153846153 0.2871173245192308 0.10537238701923077 0.2322227451923077 0.0772249110576923 0.17770159855769233 0.06840256730769231 0.1650048918269231 0.054328829326923074 0.20122784615384617 0.07764502163461538 0.22736812259615385 0.08268636057692308 0.27255345673076925
11 0.37091138942307694 0.4653142596153846 0.37462830769230765 0.45595312740384614 0.37184061778846156 0.45264919951923077 0.3544949951923077 0.4256671177884615 0.3479903846153846 0.4333762836538462 0.3513975625 0.4554024735576923 0.36347755048076924 0.47687800721153845 0.37091138942307694 0.4653142596153846