7 0.8549977019230769 0.7741228076923077 0.8454888341346154 0.7794715456730769 0.83439515625 0.7710027091346153 0.8090381778846154 0.7571851370192307 0.7892280384615386 0.7531735841346153 0.7694178990384616 0.75807659375 0.743268514423077 0.7678826129807692 0.725043185096154 0.7874946514423077 0.7052330456730769 0.8213699903846153 0.704440641826923 0.8365247475961539 0.7297976201923077 0.850788048076923 0.7583242211538461 0.8681714447115384 0.7781343605769231 0.8761945504807692 0.8280559134615384 0.8775317355769231 0.8391495913461539 0.8605940673076924 0.8621293533653845 0.8552453293269231 0.8779774639423077 0.8342961057692307 0.892240764423077 0.7968549423076923 0.8771850576923076 0.7785800889423077 0.8549977019230769 0.7741228076923077
1 0.9764998918269231 0.00030816346153846155 0.9542037740384616 0.00030816346153846155 0.9542037740384616 0.00639978125 0.96184815625 0.02503296634615385 0.9726776995192308 0.044024480769230774 0.9643962860576922 0.045457802884615386 0.9599370625 0.05190775240384615 0.974588795673077 0.06588263942307691 0.9866924038461539 0.0755575625 0.9975219447115384 0.07806587499999999 0.9981589783653846 0.06409098798076923 0.9981589783653846 0.045457802884615386 0.9981589783653846 0.019299677884615382 0.9968849134615384 0.0010248245192307692 0.9764998918269231 0.00030816346153846155
8 0.9261743677884616 0.06373265625 0.9236262403846154 0.06839095192307693 0.9280854639423077 0.08379916346153847 0.9357298485576924 0.08451582451923077 0.9357298485576924 0.09562406730769231 0.9427371995192307 0.09204076442307693 0.9427371995192307 0.08308250240384615 0.9389150072115384 0.06516597836538461 0.9363668798076923 0.06050768269230769 0.9306335913461539 0.06122434375 0.9261743677884616 0.06373265625
6 0.5828141514423076 0.06194100480769231 0.5637031947115385 0.0812908485576923 0.5809030576923078 0.08702413701923077 0.5840882163461538 0.08415749278846155 0.5930066634615385 0.0723325889423077 0.5930066634615385 0.06731596153846155 0.5828141514423076 0.06194100480769231
10 0.45731886057692306 0.0916824326923077 0.46114105048076925 0.09669906009615385 0.4757927860576923 0.09562406730769231 0.48280013701923075 0.09024911057692307 0.4777038822115385 0.08236584134615385 0.4649632427884616 0.07842420673076923 0.4534966682692308 0.07985752884615384 0.45285963701923077 0.08702413701923077 0.45731886057692306 0.0916824326923077
2 0.7898495336538461 0.31277233173076924 0.7828421826923078 0.31528064423076924 0.7853903100961539 0.3224472548076923 0.7943087572115384 0.33319716826923074 0.7955828197115384 0.34143876923076927 0.8108715865384616 0.3521886826923077 0.8185159711538461 0.3489637091346154 0.8287084807692308 0.3457387331730769 0.8204270673076923 0.3353471514423077 0.8095975240384615 0.3288972019230769 0.8019531394230769 0.32531389663461535 0.7949457884615385 0.31599730528846154 0.7898495336538461 0.31277233173076924
8 0.8828561971153845 0.4571795096153846 0.8707525889423077 0.4593294927884616 0.8713896225961538 0.4654211105769231 0.8815821322115384 0.4690044134615385 0.8917746442307692 0.46757109375000006 0.9032412187500001 0.4611211442307692 0.9127966971153847 0.4575378389423077 0.9159818581730769 0.4507295600961539 0.9089745048076924 0.4503712307692308 0.9013301225961539 0.45001289903846153 0.8949598028846153 0.4543128653846154 0.8828561971153845 0.4571795096153846
5 0.9070634110576923 0.37189685817307694 0.9077004423076923 0.36473025000000003 0.8994190264423078 0.3640135889423077 0.8917746442307692 0.3661635697115385 0.8975079302884615 0.37225518750000003 0.9070634110576923 0.37189685817307694
4 0.9535667427884615 0.37583849278846154 0.9395520384615386 0.37404684134615385 0.9382779759615385 0.38336343269230766 0.9542037740384616 0.38443842548076923 0.9535667427884615 0.37583849278846154
7 0.9873294350961538 0.35433866586538465 0.9764998918269231 0.35541365625 0.9707666033653847 0.35290534375000004 0.9669444134615385 0.35541365625 0.9522926778846154 0.3597136225961538 0.9548408052884615 0.36831355288461537 0.9720406682692307 0.37440517067307694 0.9790480192307692 0.37691348557692306 0.98924053125 0.37440517067307694 0.9975219447115384 0.37261351923076924 0.9981589783653846 0.36222193509615386 0.9987960096153846 0.34968037019230774 0.9994330408653845 0.3407221081730769 0.9911516274038461 0.3468137259615384 0.9873294350961538 0.35433866586538465
6 0.9739517644230768 0.5112874086538461 0.9675814447115385 0.5077041057692308 0.9573889326923077 0.5048374615384615 0.9491075192307693 0.5087790961538462 0.929996560096154 0.5198873413461539 0.9325446875 0.5335038990384615 0.945285326923077 0.5410288389423077 0.9503815817307693 0.5342205600961538 0.9573889326923077 0.5259789591346153 0.9739517644230768 0.5112874086538461
7 0.7892125000000001 0.22820634134615383 0.7936717259615385 0.23537294951923077 0.78730140625 0.2421812283653846 0.7917606298076922 0.2543644639423077 0.8108715865384616 0.25543945673076923 0.8274344182692308 0.2493478389423077 0.8363528653846154 0.23358129807692307 0.8236122259615384 0.22462303605769232 0.8076864278846153 0.22462303605769232 0.7892125000000001 0.22820634134615383
7 0.9714036370192307 0.06982427403846153 0.9624851899038462 0.06265766586538461 0.9503815817307693 0.07018260576923077 0.9446482956730768 0.07842420673076923 0.9605740937499999 0.08272417067307693 0.9752258269230769 0.08809912740384615 0.9815961466346154 0.08809912740384615 0.9809591153846154 0.08487415384615385 0.9784109879807693 0.07663255288461539 0.9714036370192307 0.06982427403846153
6 0.9522926778846154 0.19129830288461538 0.9707666033653847 0.1966732596153846 0.9828702115384615 0.19165663221153845 0.9847813076923077 0.18377336298076924 0.9701295721153845 0.17624842307692307 0.9567519014423076 0.1801900576923077 0.9491075192307693 0.18449002403846154 0.9522926778846154 0.19129830288461538