0 0.4440112620192308 0.8152209230769232 0.4692801971153846 0.8355263149038462 0.5089885216346154 0.8531243221153846 0.5414771490384616 0.8253736201923078 0.5571198221153846 0.8064219182692308 0.5354607379807692 0.7962692235576923 0.5234279110576924 0.7861165264423077 0.5258344759615384 0.7827322932692307 0.5125983677884615 0.77190275 0.5041753894230769 0.7779943677884616 0.4933458485576923 0.7996534543269231 0.48251630528846157 0.7949155288461539 0.4488243918269231 0.7800249086538462 0.4404014158653846 0.7881470649038461 0.42475874278846154 0.8023608413461538 0.4440112620192308 0.8152209230769232
0 0.49093928124999997 0.7461825865384615 0.46807691346153846 0.7387372740384616 0.45845065384615385 0.7333225048076923 0.41874232932692307 0.7245235 0.3994898076923077 0.7658111322115384 0.4476211105769231 0.7786712139423078 0.49454912980769233 0.7982997620192307 0.5065819543269231 0.7739332908653846 0.5150049326923077 0.7536278966346154 0.49093928124999997 0.7461825865384615
2 0.5760709350961538 0.9399336754807692 0.5641848533653846 0.9180929975961539 0.5538835793269231 0.8980352307692308 0.5443747139423076 0.8784231923076924 0.5372430625 0.8637141634615385 0.5285266009615385 0.8494508629807692 0.5221873557692308 0.8414277572115385 0.5210213461538461 0.846355858173077 0.5258344759615384 0.8565085552884616 0.5438837139423077 0.8889971850961539 0.5595263870192307 0.9255468918269231 0.5703559302884615 0.9485596706730769 0.5760709350961538 0.9399336754807692
2 0.6624431442307692 0.8672799879807692 0.6822532836538462 0.8779774639423077 0.6862153125 0.8757488221153846 0.6632355504807692 0.861039795673077 0.6402557884615384 0.8467764951923077 0.6156912163461539 0.8338503774038462 0.5824101802884616 0.8129011562499999 0.5618076346153846 0.800420766826923 0.5459595240384615 0.7919519326923077 0.5340734399038461 0.783928826923077 0.5277341947115385 0.7843745552884616 0.5301114134615384 0.7883861081730769 0.5435823076923076 0.7964092139423078 0.5768633413461539 0.8169127091346154 0.631539326923077 0.8476679495192307 0.6624431442307692 0.8672799879807692
2 0.6045975384615384 0.8178041658653845 0.5673544735576923 0.7986378557692307 0.53803546875 0.7830373701923077 0.515848110576923 0.7701112548076924 0.5118860841346154 0.7732313509615385 0.5261493846153846 0.783928826923077 0.5483367403846153 0.7932891177884615 0.5800329639423076 0.8120096995192309 0.6133139975961538 0.8342961057692307 0.6370861658653847 0.8432106682692309 0.6418405985576924 0.83964484375 0.6045975384615384 0.8178041658653845
2 0.6521418725961539 0.7941805745192307 0.5982582932692307 0.7861574663461539 0.5610152307692308 0.7790258173076924 0.5301114134615384 0.7741228076923077 0.5324886298076923 0.7794715456730769 0.5657696634615385 0.7852660096153846 0.6172760264423077 0.7941805745192307 0.6719520120192308 0.8035408653846154 0.6767064447115385 0.7995293100961539 0.6521418725961539 0.7941805745192307
7 0.7163267259615385 0.9149728990384615 0.7226659687500001 0.8998181418269231 0.7139495072115385 0.8882292115384616 0.6830456899038461 0.8810975600961538 0.6648203605769231 0.8846633870192308 0.6521418725961539 0.8940236778846155 0.64897225 0.9082869783653845 0.6632355504807692 0.9154186274038462 0.6878001225961538 0.9278990168269231 0.704440641826923 0.9292361995192308 0.7163267259615385 0.9149728990384615
8 0.7513640072115385 0.9863663798076924 0.7467227740384617 0.9840457620192308 0.7302206129807692 0.9843358389423076 0.7013418317307691 0.9875266875 0.6925750600961538 0.9898473028846154 0.6951535216346154 0.999419846153846 0.7121713749999999 0.999419846153846 0.7276421514423077 0.9973893076923077 0.7441443100961538 0.9947786129807692 0.7508483149038461 0.9924579975961538 0.7601307788461539 0.9892671490384616 0.7601307788461539 0.9863663798076924 0.7513640072115385 0.9863663798076924
5 0.6760728990384616 0.9883969182692307 0.6807141298076923 0.9939083822115384 0.6925750600961538 0.9950686899038461 0.6858710552884616 0.9846259158653846 0.6760728990384616 0.9883969182692307
13 0.6631805841346154 0.9860763028846153 0.6410058076923076 0.9640304471153847 0.611095639423077 0.970412141826923 0.5801540889423077 0.9765037596153847 0.5765442403846154 0.9796946057692307 0.5863423990384615 0.9866564567307693 0.5961405576923077 0.9921679206730769 0.6023288677884615 0.9939083822115384 0.6095485625 0.9976793846153846 0.6095485625 0.9991297692307692 0.630176264423077 0.9997099230769231 0.655960889423077 0.9997099230769231 0.6771042836538462 0.9988396923076923 0.6631805841346154 0.9860763028846153
13 0.4398857235576923 0.9698319879807692 0.4404014158653846 0.975053375 0.44297987740384615 0.978534298076923 0.45741926923076925 0.9762136826923077 0.45948203846153846 0.9831755312499999 0.46309188701923076 0.9857862259615384 0.47392143028846156 0.9860763028846153 0.47237435096153846 0.9823053004807693 0.47237435096153846 0.9733129110576922 0.4744371225961539 0.95822890625 0.47031158173076926 0.9451754374999999 0.4672174254807692 0.9428548221153845 0.46412327163461536 0.9382135889423077 0.4553564975961538 0.9367632043269231 0.44194849278846154 0.9338624326923076 0.4342131057692308 0.9367632043269231 0.43524449038461543 0.9466258245192307 0.44194849278846154 0.9486563629807693 0.4460740336538462 0.9532975961538461 0.44968387980769225 0.9614197524038463 0.4434955697115385 0.9646106009615385 0.4398857235576923 0.9698319879807692
13 0.4743339831730769 0.9277605769230769 0.47598419951923077 0.9222593509615385 0.4743339831730769 0.9180856562499999 0.46172074999999996 0.9133556923076923 0.45101861298076923 0.9097007235576923 0.4376409423076923 0.9051857596153846 0.43420097115384615 0.9034657716346154 0.42884990144230767 0.9026057788461539 0.4227343966346154 0.9073357403846154 0.42693880769230774 0.9142156850961538 0.43343653365384616 0.9176556586538461 0.44910751923076925 0.924105608173077 0.46057409375 0.9273305817307692 0.46783625721153843 0.9290505673076923 0.4743339831730769 0.9277605769230769
7 0.5137025576923077 1 0.5293735432692308 0.9987100096153847 0.5232580360576923 0.9937650504807691 0.5159958725961539 0.9905400745192308 0.5102625841346154 0.9860251129807692 0.5026182019230769 0.9821551418269231 0.4934449423076923 0.9789301682692308 0.4945915985576923 0.9776401778846153 0.5007071057692307 0.9780701754807691 0.5033826394230769 0.9744152043269231 0.5075870504807692 0.9759201923076923 0.5133203389423077 0.9778551778846154 0.51943584375 0.9806501538461538 0.5255513509615384 0.9772101826923076 0.5328135144230769 0.9819401442307693 0.5377823653846154 0.9862401105769231 0.5446623100961538 0.9823701418269231 0.5438978701923077 0.98043515625 0.5389290216346153 0.9757051947115385 0.5331957355769231 0.9683952524038462 0.5297557620192308 0.962805298076923 0.5259335697115385 0.95700034375 0.5209647211538462 0.9535603725961538 0.5152314326923076 0.9535603725961538 0.5167603100961539 0.9471104230769231 0.5156136538461539 0.9361455096153846 0.5125558990384615 0.9318455456730769 0.5014715432692308 0.927975576923077 0.49688491346153846 0.9335655312500001 0.4949738173076923 0.9312005504807692 0.4888583100961539 0.9269005841346154 0.4773917355769231 0.9221706225961538 0.4766272980769231 0.9264705889423077 0.4712762307692308 0.9286205721153846 0.47700951682692305 0.939370485576923 0.4835072427884616 0.9462504302884616 0.48465390144230774 0.9567853461538461 0.4789206129807692 0.9445304447115385 0.47242288701923074 0.9370055048076923 0.46936513461538465 0.9294805649038461 0.46133853125 0.927975576923077 0.4598096538461538 0.9303405576923077 0.46210296875 0.9367905048076923 0.46783625721153843 0.9436704495192308 0.4720406682692308 0.9509803918269231 0.47548064182692307 0.9613003100961539 0.47395176442307696 0.9694702451923077 0.47318732451923073 0.9776401778846153 0.47586286057692306 0.9830151370192308 0.48083170913461537 0.9894650841346154 0.48924053125 0.9935500504807693 0.4838894615384615 0.9980650144230769 0.4735695456730769 0.9948400408653846 0.47318732451923073 0.9989250096153846 0.4995604471153846 1 0.5137025576923077 1
8 0.5526889110576924 0.9836601298076922 0.5458089663461538 0.9834451322115385 0.5351068293269231 0.9862401105769231 0.5320490769230769 0.9879600961538462 0.5293735432692308 0.9922600625 0.5266980096153846 0.9926900576923077 0.5247869134615384 0.9933350528846153 0.5274624471153846 0.9974200216346154 0.5324312956730769 0.9980650144230769 0.5419867740384615 0.999785002403846 0.5675954591346154 1 0.5847953221153847 0.9995700024038462 0.590146389423077 0.998280014423077 0.5966441153846154 0.9954850360576923 0.5947330192307693 0.9905400745192308 0.588999733173077 0.98817509375 0.5832664447115385 0.9838751298076923 0.5786798149038461 0.9817251466346154 0.5744754038461538 0.9806501538461538 0.5714176514423077 0.9808651538461538 0.5599510769230769 0.982585139423077 0.5526889110576924 0.9836601298076922
8 0.588999733173077 0.9597953221153847 0.5974085528846154 0.9666752668269231 0.6035240600961539 0.970975233173077 0.6161372932692307 0.9675352596153846 0.6096395673076923 0.9640952884615385 0.6119328822115384 0.9602253173076923 0.6084929086538462 0.9565703485576923 0.6039062788461538 0.9505503966346154 0.5954974591346154 0.9436704495192308 0.5870886370192308 0.9363605096153846 0.5821197884615384 0.9359305120192307 0.5763865 0.9402304783653845 0.5763865 0.9436704495192308 0.5782975961538461 0.9481854134615385 0.5847953221153847 0.9544203653846155 0.588999733173077 0.9597953221153847
5 0.5954974591346154 0.96882525 0.5870886370192308 0.9658152740384616 0.5832664447115385 0.9671052620192307 0.5813553485576923 0.9716202259615384 0.5825020072115384 0.9754901971153846 0.5882352932692307 0.9748452019230769 0.5954974591346154 0.9724802211538462 0.5954974591346154 0.96882525
4 0.5683598966346154 0.962805298076923 0.5610977331730769 0.9634502932692308 0.5519244735576924 0.9653852764423078 0.5419867740384615 0.9623753004807691 0.5400756802884615 0.9643102860576923 0.5347246105769231 0.96861025 0.5377823653846154 0.9729102163461539 0.5404578990384615 0.9765651875000001 0.5465734062500001 0.978500173076923 0.5687421177884615 0.9782851730769231 0.5687421177884615 0.9675352596153846 0.5683598966346154 0.962805298076923
6 0.4204410817307692 0.9389404879807692 0.4150900120192308 0.9367905048076923 0.40094790384615386 0.9382954927884615 0.3906279855769231 0.9387254903846153 0.3883346706730769 0.9438854495192307 0.38565913701923077 0.955280358173077 0.38336582211538467 0.9649552812500001 0.38336582211538467 0.9677502572115385 0.38030806971153847 0.9699002403846154 0.3787791923076923 0.9759201923076923 0.3791614110576923 0.9819401442307693 0.37763253365384614 0.9879600961538462 0.38107250721153846 0.9939800480769231 0.3852769182692307 0.9929050576923076 0.3906279855769231 0.9978500168269231 0.39215686298076924 0.9995700024038462 0.39865458894230765 1 0.41776554567307694 0.999785002403846 0.4567519014423077 0.9989250096153846 0.4471964230769231 0.9933350528846153 0.4437564495192308 0.9873151009615384 0.4406986971153846 0.9819401442307693 0.44337423076923077 0.9802201586538462 0.4406986971153846 0.9754901971153846 0.43878760096153846 0.9707602331730769 0.4429920120192307 0.96474028125 0.44987195673076924 0.9606553149038461 0.44566754567307687 0.9529153774038461 0.43840538221153846 0.9488304086538462 0.43534762740384614 0.9464654278846154 0.43267209375 0.9400154807692308 0.4280854639423077 0.9380804951923077 0.4204410817307692 0.9389404879807692
10 0.38718801442307693 0.9460354326923077 0.3933035192307692 0.9382954927884615 0.3879524519230769 0.935500516826923 0.3814547259615385 0.9352855168269231 0.374957 0.9385104927884615 0.3684592740384615 0.9376504975961539 0.3623437692307692 0.9447454423076922 0.35928601442307695 0.9514103894230769 0.3680770552884616 0.9576453389423077 0.3814547259615385 0.955280358173077 0.3879524519230769 0.9529153774038461 0.38718801442307693 0.9460354326923077
4 0.3478194399038462 0.9722652211538462 0.34896609615384616 0.9787151706730769 0.3550816033653846 0.982585139423077 0.3638726442307692 0.9860251129807692 0.3692237139423077 0.984090127403846 0.3741925625 0.9746302019230769 0.3589037956730769 0.9683952524038462 0.3531705072115384 0.9683952524038462 0.34858387740384617 0.9681802548076923 0.3478194399038462 0.9722652211538462
6 0.3030997980769231 0.9993550048076922 0.3168596875 1 0.33329511057692307 0.9995700024038462 0.3673126177884616 0.9984950120192307 0.3631082067307692 0.9911850697115384 0.3581393581730769 0.9832301346153846 0.34820165865384617 0.9748452019230769 0.33635286538461534 0.9707602331730769 0.32259297355769234 0.9683952524038462 0.31227305769230773 0.9694702451923077 0.3034820168269231 0.97269521875 0.29583763221153847 0.9722652211538462 0.2839888389423077 0.9718352259615385 0.28054886778846155 0.9739852091346154 0.29048656490384617 0.9793601658653847 0.29583763221153847 0.9868851057692307 0.29965982451923073 0.9937650504807691 0.3030997980769231 0.9993550048076922
7 0.22550930769230768 0.9561403509615385 0.21671826682692308 0.9692552451923077 0.2266559639423077 0.98043515625 0.23277147115384617 0.9890350865384616 0.2388869783653846 0.9993550048076922 0.26984673076923077 0.9995700024038462 0.29583763221153847 0.9991400072115385 0.2927798798076923 0.9905400745192308 0.28284218269230765 0.9782851730769231 0.27749111298076923 0.9711902307692307 0.25914459375 0.97269521875 0.2541757451923077 0.970975233173077 0.24347360817307692 0.9623753004807691 0.2388869783653846 0.9563553485576922 0.23391812980769233 0.9518403846153846 0.2392691971153846 0.9468954254807692 0.23315368990384616 0.9477554182692308 0.22550930769230768 0.9561403509615385
6 0.23544700480769232 0.9436704495192308 0.24156251201923076 0.9473254206730769 0.23659366346153846 0.9501203990384616 0.25035355288461536 0.9671052620192307 0.258762375 0.9675352596153846 0.2576157163461538 0.9645252836538462 0.2637312235576923 0.9621603028846154 0.2725222644230769 0.9651702788461538 0.28245996153846153 0.96474028125 0.28284218269230765 0.9621603028846154 0.27558001682692307 0.9585053317307692 0.27061116826923076 0.9559253533653845 0.26067347115384615 0.9481854134615385 0.25685127884615383 0.9428104567307692 0.25341130528846156 0.9324905408653846 0.24614914182692307 0.9329205360576923 0.23850475961538462 0.9357155144230769 0.23544700480769232 0.9436704495192308
4 0.20945610096153844 0.9615153076923076 0.21518938942307694 0.9671052620192307 0.22474486778846153 0.955280358173077 0.23238925240384617 0.9466804254807692 0.2358292235576923 0.9404454759615385 0.2358292235576923 0.9357155144230769 0.2300959375 0.9318455456730769 0.22168711538461539 0.9307705528846154 0.2113671971153846 0.9318455456730769 0.2109849783653846 0.9378654975961538 0.20907388221153844 0.9421654615384616 0.20486947115384616 0.9443154447115384 0.2056339110576923 0.9537753701923077 0.2071627860576923 0.95700034375 0.20945610096153844 0.9615153076923076
13 0.21901158173076923 0.8183264543269231 0.21671826682692308 0.822196423076923 0.2128960745192308 0.828216375 0.21557160817307694 0.8318713461538461 0.22436264903846154 0.8344513245192308 0.23391812980769233 0.8350963197115384 0.2388869783653846 0.8350963197115384 0.24538470432692308 0.8312263509615385 0.24767801923076924 0.8284313725961538 0.24232694951923076 0.8258513942307691 0.22971371875 0.8254213966346153 0.22359821153846154 0.82413140625 0.23047815624999998 0.8226264182692307 0.23124259374999998 0.8202614375 0.23162481250000003 0.8166064663461537 0.22742040384615383 0.8157464735576923 0.2209226778846154 0.8170364639423077 0.21901158173076923 0.8183264543269231
6 0.29927760576923074 0.8292913653846153 0.31647746875 0.8323013413461537 0.3298551394230769 0.8312263509615385 0.3321484543269231 0.8209064326923077 0.3310017956730769 0.8151014783653847 0.3229751947115385 0.8073615408653846 0.3126552764423077 0.8024165817307692 0.31112639903846157 0.796826625 0.31418415384615384 0.7903766778846154 0.31380193509615384 0.7837117307692308 0.3030997980769231 0.7817767451923078 0.2946909759615385 0.7834967331730769 0.2847532764423077 0.7875816995192307 0.28781103125 0.7951066394230769 0.29086878365384616 0.8047815625 0.2923976610576923 0.818111454326923 0.29927760576923074 0.8292913653846153
6 0.3260329471153846 0.9372205024038462 0.32259297355769234 0.9342105264423076 0.32488629086538456 0.9290505673076923 0.32488629086538456 0.9189456490384615 0.32565072836538456 0.9131406947115385 0.31953522115384614 0.9051857596153846 0.3050108942307692 0.9103457163461539 0.2943087572115385 0.9142156850961538 0.29048656490384617 0.9163656682692308 0.28284218269230765 0.9172256634615384 0.27710889423076923 0.9180856562499999 0.27061116826923076 0.9204506370192308 0.26678897596153844 0.9275455793269232 0.2595268125 0.9460354326923077 0.27061116826923076 0.9559253533653845 0.28284218269230765 0.9619453052884614 0.29392653846153843 0.9634502932692308 0.30539311298076927 0.9638802884615385 0.31227305769230773 0.9640952884615385 0.31647746875 0.9587203293269231 0.3245040697115385 0.9640952884615385 0.32870848076923076 0.9630202956730769 0.32641516586538466 0.9582903341346154 0.3290906995192308 0.9563553485576922 0.33329511057692307 0.9615153076923076 0.3382639615384615 0.9630202956730769 0.3447616875 0.9653852764423078 0.3531705072115384 0.9653852764423078 0.3638726442307692 0.96861025 0.36998815144230773 0.970975233173077 0.37610365865384615 0.9754901971153846 0.3795436298076923 0.9731252139423077 0.37533921875000004 0.9649552812500001 0.3696059326923077 0.9591503269230769 0.3589037956730769 0.9509803918269231 0.3550816033653846 0.9456054350961539 0.36349042548076926 0.9421654615384616 0.3726636850961539 0.9344255240384616 0.36349042548076926 0.92582559375 0.3581393581730769 0.9221706225961538 0.35164163221153844 0.9228156177884616 0.3447616875 0.9271155841346155 0.34170393269230764 0.9331355360576924 0.33482398798076923 0.9387254903846153 0.3260329471153846 0.9372205024038462
4 0.36005045192307694 0.9135706923076923 0.36043267307692306 0.9064757475961538 0.3558460432692308 0.9026057788461539 0.3474372211538462 0.9013157884615384 0.3436150288461538 0.904325764423077 0.3443794663461538 0.9099157211538462 0.3436150288461538 0.9172256634615384 0.34667278125 0.9213106298076923 0.3531705072115384 0.9223856201923077 0.3654015216346154 0.9204506370192308 0.36578374038461536 0.9161506706730769 0.36005045192307694 0.9135706923076923
7 0.31991743990384613 0.8787409711538461 0.3168596875 0.868851048076923 0.3149485913461539 0.8710010312500001 0.3084508653846154 0.87895596875 0.3118908389423077 0.8813209495192308 0.30768642788461537 0.8856209158653846 0.3126552764423077 0.8978758173076924 0.3229751947115385 0.9002407980769231 0.33520620673076923 0.8991658076923077 0.3436150288461538 0.9004557956730769 0.35469938461538464 0.9013157884615384 0.35852157692307696 0.8991658076923077 0.36272598798076927 0.8942208461538462 0.3573749182692308 0.8830409350961539 0.3581393581730769 0.8737960096153846 0.36425486298076926 0.865411076923077 0.36043267307692306 0.8604661153846155 0.3504949735576923 0.8636910913461538 0.34934831730769234 0.8667010673076923 0.3420861514423077 0.8699260408653846 0.3371173028846154 0.8727210192307692 0.3298551394230769 0.874871 0.31991743990384613 0.8787409711538461
6 0.4055345336538462 0.9382954927884615 0.4120322596153846 0.9363605096153846 0.41012116346153843 0.9307705528846154 0.40629897115384617 0.923675610576923 0.3982723701923077 0.9140006875 0.39101020432692307 0.9045407644230768 0.38336582211538467 0.9034657716346154 0.37533921875000004 0.9028207764423077 0.37381034375 0.904110766826923 0.37686809615384614 0.9114207091346154 0.37648587740384615 0.9152906778846154 0.36654817788461536 0.9152906778846154 0.3673126177884616 0.9253955961538461 0.3734281225961539 0.9271155841346155 0.3933035192307692 0.9344255240384616 0.4055345336538462 0.9382954927884615
8 0.41776554567307694 0.9372205024038462 0.4257921490384616 0.9376504975961539 0.4303787788461539 0.9363605096153846 0.42426327163461536 0.92582559375 0.41547223076923073 0.9165806682692307 0.4020945600961538 0.896370829326923 0.3944501778846154 0.8888458894230769 0.3906279855769231 0.888415891826923 0.3845124783653846 0.8894908846153846 0.38336582211538467 0.892285860576923 0.3933035192307692 0.9054007572115383 0.40400565624999996 0.9185156514423076 0.4135611346153846 0.9299105600961538 0.41776554567307694 0.9372205024038462
9 0.46095631249999997 0.9129256971153846 0.46783625721153843 0.9148606802884616 0.47471620192307695 0.9137856899038461 0.48197836538461536 0.9116357067307692 0.4873294350961539 0.9090557283653846 0.48962275 0.9060457524038461 0.48924053125 0.9002407980769231 0.48541833894230774 0.8957258341346154 0.48121392788461537 0.892285860576923 0.47318732451923073 0.8914258677884616 0.4666895985576923 0.8899208798076923 0.45866299759615387 0.8918558653846154 0.45445858653846155 0.8961558317307692 0.4514008341346154 0.9030357764423077 0.45560524278846154 0.9086257307692308 0.46095631249999997 0.9129256971153846
8 0.3726636850961539 0.8662710697115384 0.37533921875000004 0.8615411081730768 0.3791614110576923 0.8570261442307692 0.3883346706730769 0.8505761947115384 0.3845124783653846 0.8482112139423077 0.37381034375 0.8467062259615384 0.3696059326923077 0.8492862067307693 0.3673126177884616 0.8535861706730768 0.3631082067307692 0.861111110576923 0.36578374038461536 0.8645510841346155 0.36463708173076925 0.8686360504807692 0.3707525889423077 0.868851048076923 0.3726636850961539 0.8662710697115384
6 0.3829836033653846 0.8462762307692308 0.3933035192307692 0.8512211899038462 0.3998012451923077 0.8492862067307693 0.4074456298076923 0.8473512211538462 0.41317891586538463 0.8428362572115385 0.41852998557692306 0.8350963197115384 0.4143255745192308 0.8307963533653846 0.40018346634615387 0.828001375 0.3890991105769231 0.8249913990384615 0.38260138461538457 0.82434640625 0.3780147548076923 0.8303663581730769 0.3730459038461538 0.8391812860576924 0.37381034375 0.8430512548076923 0.3829836033653846 0.8462762307692308
4 0.2778733317307692 0.8658410721153846 0.2751977980769231 0.8710010312500001 0.2694645120192308 0.8785259711538462 0.28054886778846155 0.8839009278846154 0.28284218269230765 0.87895596875 0.29048656490384617 0.8722910216346154 0.2778733317307692 0.8658410721153846
7 0.3955968341346154 0.8879858966346154 0.40591675240384617 0.8993808052884616 0.4166188894230769 0.8931458557692308 0.4085922860576923 0.8836859302884614 0.40629897115384617 0.8783109735576923 0.4036234375 0.8714310288461539 0.3982723701923077 0.8645510841346155 0.39406795913461534 0.8570261442307692 0.38183694471153845 0.8555211562499999 0.3787791923076923 0.8598211201923077 0.37457478125 0.8671310624999999 0.37151702884615384 0.8701410384615385 0.374957 0.8804609567307692 0.38030806971153847 0.8899208798076923 0.3890991105769231 0.8879858966346154 0.3955968341346154 0.8879858966346154
7 0.43305431250000004 0.8675610600961539 0.43420097115384615 0.8630460961538462 0.42961434134615384 0.8559511514423076 0.42349883413461537 0.8520811826923077 0.4127966971153846 0.8529411754807692 0.39789014903846154 0.8583161322115385 0.3967434927884615 0.8621861033653846 0.39865458894230765 0.865411076923077 0.40706341105769234 0.8729360168269231 0.4135611346153846 0.8735810120192308 0.4204410817307692 0.8710010312500001 0.43305431250000004 0.8675610600961539
9 0.40094790384615386 0.814671483173077 0.4013301225961538 0.8123065024038462 0.39865458894230765 0.8028465769230769 0.3952146153846154 0.8000515985576923 0.38413025961538466 0.8004815961538461 0.3780147548076923 0.8000515985576923 0.3730459038461538 0.8015565865384615 0.37228146634615383 0.8080065360576923 0.3741925625 0.8153164783653846 0.3799258485576923 0.8202614375 0.39253908173076923 0.8176814591346153 0.40094790384615386 0.814671483173077
10 0.39636127403846155 0.8247764014423077 0.40400565624999996 0.8237014110576923 0.4089745048076923 0.8196164423076924 0.4105033822115385 0.8168214663461538 0.4013301225961538 0.8155314759615385 0.3955968341346154 0.8161764711538461 0.39406795913461534 0.8196164423076924 0.39636127403846155 0.8247764014423077
9 0.3707525889423077 0.8424062596153846 0.3680770552884616 0.8333763341346153 0.35699269951923074 0.8312263509615385 0.3478194399038462 0.8325163389423077 0.34017505769230766 0.8374613004807692 0.34093949519230765 0.84369625 0.345526125 0.8471362235576922 0.35393494711538465 0.849501204326923 0.36425486298076926 0.8501461995192308 0.3707525889423077 0.84778121875 0.3707525889423077 0.8424062596153846
13 0.402859 0.7933866538461539 0.4047700961538461 0.7856467139423077 0.3898635480769231 0.7738218100961538 0.3795436298076923 0.76952184375 0.3631082067307692 0.7701668389423078 0.35928601442307695 0.7768317860576922 0.36081489182692306 0.787366701923077 0.37151702884615384 0.798976608173077 0.38336582211538467 0.8002665985576923 0.3982723701923077 0.7981166153846153 0.402859 0.7933866538461539
11 0.34514390625 0.7918816658653847 0.3474372211538462 0.7862917091346154 0.3474372211538462 0.77747678125 0.34667278125 0.7740368076923076 0.34170393269230764 0.7733918125 0.3382639615384615 0.77747678125 0.3397928365384616 0.7822067427884616 0.34514390625 0.7918816658653847
0 0.3730459038461538 0.7484520120192308 0.3696059326923077 0.7275971802884615 0.37381034375 0.7121173028846154 0.3673126177884616 0.7103973173076923 0.36043267307692306 0.7181372548076923 0.35393494711538465 0.7200722403846154 0.3558460432692308 0.7327571370192308 0.35852157692307696 0.7529669759615385 0.3596682331730769 0.7699518413461538 0.3741925625 0.7688768485576923 0.37763253365384614 0.7660818701923078 0.3730459038461538 0.7484520120192308
13 0.4215877379807692 0.7142672860576924 0.4250277115384616 0.7048073605769231 0.4219699567307692 0.6938424495192308 0.4089745048076923 0.6841675264423077 0.39215686298076924 0.6856725144230769 0.3860413557692307 0.6906174759615384 0.3822191634615385 0.6966374278846155 0.38107250721153846 0.7050223605769231 0.3883346706730769 0.7164172692307692 0.39865458894230765 0.7217922259615384 0.40782784855769233 0.720717233173077 0.4215877379807692 0.7142672860576924
9 0.3436150288461538 0.6648176802884616 0.3581393581730769 0.6635276923076923 0.36005045192307694 0.6566477475961539 0.3589037956730769 0.6497678028846153 0.3462905625 0.650197798076923 0.34093949519230765 0.6514877884615384 0.3397928365384616 0.6557877548076922 0.3436150288461538 0.6648176802884616
7 0.3527882884615385 0.6435328509615386 0.3581393581730769 0.6484778125 0.36005045192307694 0.6568627451923077 0.35928601442307695 0.6654626754807692 0.36081489182692306 0.6716976274038462 0.3623437692307692 0.6744926033653846 0.37151702884615384 0.6751375985576923 0.3795436298076923 0.6766425865384615 0.38336582211538467 0.6691176466346154 0.3860413557692307 0.6633126947115385 0.3845124783653846 0.6577227379807693 0.3890991105769231 0.6551427596153846 0.3852769182692307 0.6495528028846155 0.3822191634615385 0.64439284375 0.37381034375 0.6431028557692307 0.36157932932692305 0.6418128653846153 0.3504949735576923 0.6411678701923077 0.3527882884615385 0.6435328509615386
0 0.38030806971153847 0.6764275889423076 0.37381034375 0.6764275889423076 0.3734281225961539 0.6800825600961539 0.37189924759615384 0.68352253125 0.37686809615384614 0.69126246875 0.3787791923076923 0.7028723774038461 0.3806902884615385 0.7039473677884616 0.38260138461538457 0.6951324399038461 0.3852769182692307 0.6906174759615384 0.3936857403846154 0.6850275192307692 0.39941902644230765 0.6828775360576922 0.404387875 0.673632610576923 0.40171234134615386 0.6577227379807693 0.3703703701923077 0.6252579975961539 0.37725031490384614 0.6435328509615386 0.3845124783653846 0.6450378389423077 0.3879524519230769 0.6551427596153846 0.38413025961538466 0.6596577235576924 0.38642357451923076 0.6650326802884615 0.38030806971153847 0.6764275889423076
7 0.42005886057692304 0.6869625048076924 0.4261743677884615 0.6878224975961539 0.43420097115384615 0.6854575168269231 0.4406986971153846 0.6826625384615385 0.44452088942307694 0.6768575841346153 0.4372587235576923 0.6682576538461539 0.4303787788461539 0.6676126586538461 0.41700110817307695 0.6686876514423077 0.4108856009615385 0.6697626418269231 0.4089745048076923 0.67578259375 0.4089745048076923 0.6805125552884616 0.40782784855769233 0.6833075336538462 0.41394335576923075 0.6852425192307692 0.42005886057692304 0.6869625048076924
4 0.45407636778846155 0.6534227716346154 0.45522302403846154 0.6497678028846153 0.4479608605769231 0.6525627788461539 0.43878760096153846 0.6564327475961539 0.43420097115384615 0.6590127283653846 0.43267209375 0.6628826971153846 0.43840538221153846 0.6697626418269231 0.45445858653846155 0.6697626418269231 0.45942743509615386 0.6695476442307692 0.4567519014423077 0.6609477115384615 0.45407636778846155 0.6534227716346154
13 0.4514008341346154 0.6972824206730769 0.4483430793269231 0.7041623677884616 0.44948973798076924 0.7099673197115385 0.45522302403846154 0.7183522524038461 0.46477850480769234 0.7228672163461538 0.47395176442307696 0.7254471971153845 0.4873294350961539 0.7256621947115385 0.49726713221153845 0.722222221153846 0.506058173076923 0.7162022716346154 0.5087337067307692 0.7063123485576923 0.5010893245192307 0.6962074302884615 0.48962275 0.6897574807692308 0.47089400961538463 0.6876074999999999 0.45560524278846154 0.6910474711538461 0.4514008341346154 0.6972824206730769
7 0.48962275 0.7250171995192307 0.46783625721153843 0.7250171995192307 0.4689829158653846 0.7346921225961538 0.4686006947115385 0.7415720673076923 0.47930283173076926 0.7422170625 0.49764935336538463 0.7420020649038462 0.4949738173076923 0.7331871346153847 0.5091159278846153 0.7267371850961539 0.504529298076923 0.7174922596153847 0.48962275 0.7250171995192307
6 0.5121736802884616 0.7228672163461538 0.5163780913461539 0.7297471610576923 0.5358712692307692 0.7293171658653846 0.5385468028846154 0.7220072235576923 0.5255513509615384 0.7192122451923078 0.5121736802884616 0.7228672163461538
7 0.5966441153846154 0.7417870649038462 0.5943508004807693 0.7318971442307693 0.6157550745192307 0.7265221875 0.6138439783653846 0.7239422091346154 0.589764170673077 0.7250171995192307 0.5817375673076923 0.7232972139423077 0.5725643076923077 0.7250171995192307 0.5695065552884615 0.7308221538461539 0.5588044182692308 0.7355521153846154 0.57600428125 0.7450120408653846 0.5920574855769231 0.7445820432692307 0.5966441153846154 0.7417870649038462
4 0.6547414278846154 0.7250171995192307 0.6566525240384615 0.7177072572115384 0.6528303341346154 0.7168472644230769 0.6356304711538462 0.7144822836538461 0.6264572115384616 0.73060715625 0.6425104158653846 0.7331871346153847 0.6547414278846154 0.7250171995192307
7 0.6822612091346154 0.6822325432692308 0.676910139423077 0.6790075673076923 0.660856935096154 0.6732026153846153 0.6459503870192307 0.6766425865384615 0.6295149639423077 0.6830925360576923 0.6172839495192307 0.6886824903846154 0.6180483894230769 0.6987874086538461 0.6318082788461539 0.7039473677884616 0.6513014567307691 0.7052373581730769 0.6662080024038463 0.7000773990384614 0.6788212355769231 0.6897574807692308 0.6822612091346154 0.6822325432692308
2 0.7250697548076922 0.6650326802884615 0.7334785769230769 0.6701926394230769 0.7277452884615384 0.6749226009615386 0.736536329326923 0.6802975576923077 0.7395940841346154 0.6792225673076923 0.7472384663461539 0.6747076033653846 0.7613805745192308 0.6738476081730769 0.7724649302884615 0.6628826971153846 0.7854603822115384 0.6525627788461539 0.7854603822115384 0.6424578605769231 0.7728471514423076 0.6351479182692308 0.7594694807692307 0.6329979350961538 0.7468562475961539 0.6428878557692308 0.735007454326923 0.6525627788461539 0.7254519735576923 0.6607327139423076 0.7250697548076922 0.6650326802884615
2 0.6983144134615386 0.7232972139423077 0.6891411538461539 0.7200722403846154 0.6883767139423077 0.73039215625 0.6983144134615386 0.7329721370192307 0.7170431538461539 0.7374871009615384 0.7265986322115385 0.7263071899038462 0.7281275096153846 0.7205022355769231 0.7223942211538461 0.7164172692307692 0.7074876730769231 0.7198572403846154 0.6983144134615386 0.7232972139423077
4 0.6971677572115385 0.722222221153846 0.7059587956730768 0.7202872379807693 0.7227764399038462 0.7164172692307692 0.7254519735576923 0.7119023052884615 0.7235408774038461 0.7073873413461539 0.7216297836538461 0.7022273822115385 0.7132209615384616 0.6977124182692307 0.7071054543269231 0.6936274519230768 0.7048121394230769 0.6985724110576924 0.6956388798076923 0.7022273822115385 0.6830256466346154 0.7054523557692308 0.6834078653846153 0.7076023389423077 0.6902878100961539 0.717062264423077 0.6971677572115385 0.722222221153846
7 0.7258341923076923 0.7151272788461539 0.735007454326923 0.7228672163461538 0.7407407403846153 0.7273821802884615 0.7453273701923078 0.7239422091346154 0.7472384663461539 0.717062264423077 0.7571761658653846 0.7168472644230769 0.7594694807692307 0.7095373245192308 0.7640561105769231 0.7005073966346154 0.7587050408653847 0.6990024086538462 0.7392118653846154 0.6940574471153845 0.732714139423077 0.6908324735576923 0.7285097283653846 0.6972824206730769 0.7231586586538461 0.7015823870192308 0.7239230985576923 0.7080323365384615 0.7258341923076923 0.7151272788461539
10 0.7006077283653845 0.6676126586538461 0.6860834014423076 0.6725576201923077 0.6795856754807693 0.6753525961538462 0.6788212355769231 0.6781475745192308 0.6795856754807693 0.6809425528846155 0.6914344687499999 0.6800825600961539 0.708252110576923 0.6727726177884615 0.7139853990384615 0.6667526658653846 0.7093987692307693 0.666107670673077 0.7006077283653845 0.6676126586538461
4 0.6914344687499999 0.7523219807692307 0.6933455649038461 0.7480220168269232 0.6864656201923077 0.743937048076923 0.6734701682692308 0.7420020649038462 0.6723235096153846 0.7508169927884616 0.6822612091346154 0.7514619879807692 0.6914344687499999 0.7523219807692307
11 0.8041891225961538 0.7422170625 0.7961625192307692 0.7396370841346154 0.7908114519230769 0.7411420697115385 0.7850781634615385 0.7473770216346154 0.7976913966346154 0.7604919158653847 0.8068646562499999 0.7665118677884616 0.8164201346153847 0.7675868581730769 0.8229178605769231 0.760061920673077 0.8183312307692308 0.75382696875 0.8152734783653847 0.7514619879807692 0.8041891225961538 0.7422170625
9 0.8110690673076923 0.8353113173076923 0.8137446009615386 0.8316563461538462 0.8106868485576922 0.8264963870192308 0.8030424639423077 0.8230564158653846 0.7915758894230769 0.8230564158653846 0.7835492860576923 0.8267113870192309 0.7759049038461538 0.8316563461538462 0.7804915336538462 0.8398262812499999 0.793486985576923 0.8417612668269231 0.8057179975961539 0.8387512908653847 0.8110690673076923 0.8353113173076923
6 0.2178649230769231 0.7987616105769231 0.21404273076923078 0.7940316466346153 0.2071627860576923 0.7933866538461539 0.2006650625 0.7938166490384616 0.1934028966346154 0.7991916057692308 0.19990062259615385 0.8002665985576923 0.20372281490384614 0.8037065697115384 0.2102205408653846 0.8131664951923077 0.21518938942307694 0.8138114903846153 0.22054045673076922 0.8120915024038461 0.22245155288461538 0.8101565192307691 0.2178649230769231 0.7987616105769231
12 0.2641134423076923 0.8209064326923077 0.2576157163461538 0.8148864807692308 0.25532240144230767 0.8082215336538462 0.24997133413461536 0.8099415216346154 0.24806023798076923 0.8138114903846153 0.25608684134615384 0.8170364639423077 0.2622023461538462 0.8224114206730769 0.2641134423076923 0.8209064326923077
7 0.25494018269230767 0.7417870649038462 0.24882467548076923 0.7413570697115385 0.23659366346153846 0.7415720673076923 0.2300959375 0.7514619879807692 0.23697588221153848 0.7594169254807692 0.24958911538461537 0.7639318894230769 0.25646906009615383 0.7643618846153846 0.26487788221153846 0.7561919495192307 0.2641134423076923 0.7510319927884616 0.25990903125 0.7445820432692307 0.25494018269230767 0.7417870649038462
6 0.6314260600961539 0.6562177499999999 0.633719375 0.6590127283653846 0.6417459783653846 0.6611627115384615 0.6528303341346154 0.66008771875 0.6723235096153846 0.6587977283653846 0.6944922211538462 0.6570777427884615 0.6941100024038461 0.6426728581730768 0.69105225 0.6347179230769231 0.6730879495192308 0.6340729278846153 0.6566525240384615 0.6366529062499999 0.6409815384615385 0.6383728942307693 0.6356304711538462 0.638802889423077 0.6463326081730769 0.64460784375 0.6417459783653846 0.6482628149038461 0.6363949086538461 0.6510577908653846 0.6314260600961539 0.6562177499999999
7 0.6341015937500001 0.6607327139423076 0.6169017307692308 0.6618077067307693 0.6104040048076923 0.6641726875 0.6050529375 0.6684726514423077 0.5993196490384615 0.673632610576923 0.5974085528846154 0.6792225673076923 0.60467071875 0.6841675264423077 0.6115506634615385 0.6871775024038461 0.6157550745192307 0.6878224975961539 0.6295149639423077 0.6839525288461539 0.6451859495192308 0.6755675961538461 0.6428926346153846 0.6656776754807693 0.6341015937500001 0.6607327139423076
7 0.6019951826923077 0.6822325432692308 0.5943508004807693 0.6764275889423076 0.589381951923077 0.6779325769230768 0.5825020072115384 0.6805125552884616 0.5763865 0.6852425192307692 0.5813553485576923 0.6940574471153845 0.5977907740384615 0.7000773990384614 0.6092573485576923 0.7026573798076924 0.6153728557692307 0.6985724110576924 0.6134617596153846 0.6908324735576923 0.6065818149038461 0.6880374951923076 0.6019951826923077 0.6822325432692308
8 0.5610977331730769 0.6650326802884615 0.5572755408653847 0.6725576201923077 0.5538355697115385 0.677502579326923 0.5607155144230769 0.6805125552884616 0.57600428125 0.6841675264423077 0.5836486634615384 0.6802975576923077 0.5863241971153846 0.6710526322115384 0.590146389423077 0.6620227043269231 0.5756220625 0.6626676995192308 0.5653021442307693 0.6624526995192308 0.5610977331730769 0.6650326802884615
4 0.57600428125 0.7097523221153845 0.5752398413461539 0.7039473677884616 0.5752398413461539 0.6962074302884615 0.5691243365384615 0.6867475072115384 0.5607155144230769 0.6820175432692307 0.5458089663461538 0.6783625721153845 0.5266980096153846 0.6852425192307692 0.5351068293269231 0.6929824567307693 0.5435156514423076 0.6962074302884615 0.54733784375 0.7052373581730769 0.5565111033653847 0.7136222908653846 0.5683598966346154 0.7144822836538461 0.57600428125 0.7097523221153845
0 0.5576577620192308 0.6514877884615384 0.5683598966346154 0.6523477812499999 0.5626266105769231 0.654282766826923 0.5607155144230769 0.6564327475961539 0.5675954591346154 0.6624526995192308 0.5779153774038461 0.6626676995192308 0.590528608173077 0.6598727211538461 0.5981729927884616 0.657937735576923 0.5932041442307692 0.6461128317307693 0.588617514423077 0.6441778461538461 0.5802086923076923 0.6431028557692307 0.5740931850961538 0.6435328509615386 0.5653021442307693 0.6383728942307693 0.5584221995192308 0.6372979014423077 0.5458089663461538 0.6372979014423077 0.5385468028846154 0.6424578605769231 0.5458089663461538 0.6484778125 0.5511600360576924 0.6517027860576923 0.5576577620192308 0.6514877884615384
4 0.5266980096153846 0.6630976947115385 0.5354890504807692 0.6639576875 0.5484845 0.6637426899038462 0.5561288846153846 0.6514877884615384 0.5450445288461538 0.6478328173076923 0.5396934615384615 0.6454678365384615 0.5286091057692308 0.6471878221153846 0.5247869134615384 0.650197798076923 0.5266980096153846 0.6630976947115385
7 0.5358712692307692 0.6639576875 0.5270802283653846 0.6628826971153846 0.5221113798076923 0.6665376682692308 0.5198180625 0.6764275889423076 0.5217291586538462 0.6820175432692307 0.5316668581730769 0.6822325432692308 0.5377823653846154 0.6798675600961539 0.5450445288461538 0.6772875817307693 0.5507778173076923 0.6751375985576923 0.5500133774038461 0.6665376682692308 0.5492489399038462 0.6635276923076923 0.5358712692307692 0.6639576875
7 0.60467071875 0.6695476442307692 0.6123151009615385 0.6639576875 0.6176661706730768 0.6596577235576924 0.6138439783653846 0.6549277596153846 0.6092573485576923 0.6480478149038462 0.5993196490384615 0.6517027860576923 0.5970263341346154 0.6587977283653846 0.5912930480769231 0.6615927067307692 0.5909108293269231 0.6635276923076923 0.588999733173077 0.6744926033653846 0.6012307451923077 0.6727726177884615 0.60467071875 0.6695476442307692
7 0.4773917355769231 0.6876074999999999 0.49000496875 0.6888974879807692 0.5010893245192307 0.6949174399038461 0.5133203389423077 0.6955624350961538 0.5205825024038462 0.6921224639423078 0.5213469399038462 0.6871775024038461 0.5217291586538462 0.6822325432692308 0.5171425288461539 0.6749226009615386 0.519053625 0.6641726875 0.49764935336538463 0.6566477475961539 0.4838894615384615 0.650412795673077 0.48427168028846157 0.6439628485576924 0.4804494903846154 0.640522875 0.4785383942307692 0.6372979014423077 0.4632496274038462 0.638587891826923 0.4514008341346154 0.6413828677884615 0.4514008341346154 0.6484778125 0.45407636778846155 0.6557877548076922 0.45560524278846154 0.6618077067307693 0.46095631249999997 0.6699776394230769 0.4659251610576923 0.6809425528846155 0.4773917355769231 0.6876074999999999
7 0.4850361201923077 0.6469728245192308 0.48771165384615384 0.6506277956730769 0.4949738173076923 0.6493378052884615 0.5072048317307692 0.6448228413461539 0.5133203389423077 0.6372979014423077 0.5129381177884615 0.6284829711538461 0.5072048317307692 0.6243980048076924 0.4995604471153846 0.6218180264423077 0.49268050240384614 0.6233230144230769 0.4827428052884616 0.6254729951923077 0.48197836538461536 0.6278379783653846 0.4785383942307692 0.6321379423076923 0.4827428052884616 0.6314929471153847 0.4865649975961538 0.6360079110576924 0.48159614663461536 0.6390178870192307 0.48427168028846157 0.6431028557692307 0.4850361201923077 0.6469728245192308
7 0.5007071057692307 0.6200980384615384 0.5121736802884616 0.6259029927884616 0.5182891875 0.6276229783653846 0.5278446658653846 0.625043 0.5331957355769231 0.6237530096153846 0.5396934615384615 0.6228930168269231 0.5442800913461538 0.6166580673076923 0.5442800913461538 0.6071981418269231 0.5362534879807692 0.6052631586538462 0.5282268846153846 0.5994582043269231 0.5205825024038462 0.5970932235576923 0.5102625841346154 0.5996732019230769 0.5041470769230769 0.6061231514423077 0.4991782283653846 0.6121431033653846 0.5003248870192307 0.6177330576923077 0.5007071057692307 0.6200980384615384
8 0.54810228125 0.6074131418269231 0.5542177884615385 0.6018231850961538 0.5538355697115385 0.5979532163461538 0.5477200625 0.5930082548076923 0.5412223365384615 0.5865583076923077 0.5328135144230769 0.5822583413461538 0.5278446658653846 0.5835483317307693 0.519053625 0.5846233221153846 0.5209647211538462 0.58978328125 0.5255513509615384 0.5988132091346153 0.5381645841346153 0.6059081538461538 0.54810228125 0.6074131418269231
13 0.5205825024038462 0.5844083245192307 0.5289913245192308 0.58204334375 0.5377823653846154 0.5783883725961538 0.5454267475961538 0.5682834543269231 0.54733784375 0.5575335384615385 0.5416045552884615 0.5476436177884616 0.5297557620192308 0.5414086682692308 0.5171425288461539 0.5446336418269231 0.5075870504807692 0.5510835913461538 0.5018537620192307 0.5566735456730769 0.4984137908653846 0.5659184735576923 0.5026182019230769 0.5734434134615385 0.5064403918269231 0.5783883725961538 0.5102625841346154 0.5829033365384615 0.5205825024038462 0.5844083245192307
4 0.41623667067307696 0.5620485048076923 0.4036234375 0.5609735120192307 0.4020945600961538 0.5583935336538461 0.3998012451923077 0.55860853125 0.39636127403846155 0.5708634326923077 0.4074456298076923 0.5715084278846153 0.41623667067307696 0.5620485048076923
0 0.4315254375 0.5261437908653847 0.4414631346153846 0.5162538701923076 0.4460497644230769 0.5076539399038462 0.41317891586538463 0.49539903605769225 0.3902457668269231 0.48787409615384614 0.38260138461538457 0.4964740288461539 0.3730459038461538 0.5102339182692307 0.39101020432692307 0.5168988653846154 0.4143255745192308 0.5257137932692307 0.42655658653846157 0.5317337451923076 0.4315254375 0.5261437908653847
2 0.4108856009615385 0.6196680432692308 0.4273210264423077 0.6265479879807692 0.43878760096153846 0.6297729615384615 0.4487252980769231 0.6319229447115385 0.4559874639423077 0.6325679399038461 0.4598096538461538 0.6291279663461539 0.45942743509615386 0.6205280360576922 0.45445858653846155 0.6134330913461539 0.4368765048076923 0.6106381153846153 0.4303787788461539 0.6095631225961539 0.4143255745192308 0.6084881322115385 0.4089745048076923 0.6099931201923077 0.4051523149038462 0.6121431033653846 0.40591675240384617 0.6164430697115384 0.4108856009615385 0.6196680432692308
7 0.37113480769230767 0.5904282764423077 0.3787791923076923 0.5854833173076923 0.38336582211538467 0.5824733413461538 0.3890991105769231 0.5788183701923078 0.39712571153846155 0.5753783966346154 0.3860413557692307 0.5715084278846153 0.3783969735576923 0.5650584783653846 0.3741925625 0.5596835216346154 0.3680770552884616 0.5581785336538462 0.36272598798076927 0.5581785336538462 0.36998815144230773 0.5620485048076923 0.3661659591346154 0.5654884759615384 0.36005045192307694 0.5721534230769231 0.3531705072115384 0.5753783966346154 0.34858387740384617 0.5798933605769231 0.3573749182692308 0.5809683533653847 0.36349042548076926 0.5863433100961538 0.37113480769230767 0.5904282764423077
0 0.3447616875 0.5646284831730769 0.3317662355769231 0.556888545673077 0.3168596875 0.5497936009615384 0.3034820168269231 0.5495786033653846 0.2943087572115385 0.5575335384615385 0.2786377716346154 0.5697884423076923 0.29851316826923074 0.5786033701923077 0.32029965865384613 0.5852683173076924 0.3302373581730769 0.5908582740384616 0.3413217139423077 0.5872033028846154 0.34896609615384616 0.5678534567307693 0.3447616875 0.5646284831730769
6 0.2182471418269231 0.5801083581730769 0.21480717067307692 0.5882782932692308 0.21862936298076924 0.5932232548076923 0.2262737451923077 0.5947282427884615 0.23430034855769233 0.5893532860576923 0.23430034855769233 0.5833333341346154 0.23430034855769233 0.5770983822115384 0.22856706009615382 0.5777433774038461 0.2182471418269231 0.5801083581730769
6 0.13377670673076925 0.6237530096153846 0.14103887259615383 0.62117303125 0.15403432211538462 0.6179480552884615 0.17390971875 0.6136480913461538 0.16473645913461538 0.6087031298076924 0.1525054471153846 0.6082731346153847 0.1395099951923077 0.6059081538461538 0.1398922139423077 0.6123581009615384 0.13377670673076925 0.6237530096153846
7 0.12536788701923077 0.6695476442307692 0.11504796875 0.665892673076923 0.10816802403846154 0.6630976947115385 0.10243473557692308 0.665892673076923 0.09784810576923077 0.6704076370192307 0.10052363942307692 0.6762125913461539 0.10090585817307693 0.6805125552884616 0.10740358413461538 0.6841675264423077 0.11275465384615384 0.6843825240384616 0.12039903605769231 0.6796525625 0.12345679086538461 0.6764275889423076 0.12536788701923077 0.6695476442307692
0 0.1104613389423077 0.6966374278846155 0.10281695432692307 0.7050223605769231 0.10243473557692308 0.7073873413461539 0.12078125721153846 0.7097523221153845 0.12536788701923077 0.7011523918269231 0.12269235096153847 0.6925524591346155 0.1196345985576923 0.6871775024038461 0.11275465384615384 0.6882524927884616 0.1104613389423077 0.6966374278846155
6 0.15059435096153845 0.6908324735576923 0.14638993990384616 0.6977124182692307 0.15938539182692307 0.700937391826923 0.1632075841346154 0.6979274158653846 0.16397202163461538 0.6936274519230768 0.15059435096153845 0.6908324735576923
0 0.20028284134615384 0.7635018918269231 0.1937851153846154 0.7521069831730769 0.18499407451923075 0.7475920192307692 0.17505637740384616 0.7475920192307692 0.1689408701923077 0.7710268317307692 0.1979895264423077 0.771671826923077 0.20028284134615384 0.7635018918269231
7 0.1976073076923077 0.6781475745192308 0.19531399278846154 0.6747076033653846 0.18766961057692308 0.6712676298076924 0.1811718846153846 0.6732026153846153 0.17314528125 0.6792225673076923 0.17620303365384615 0.6863175096153846 0.17390971875 0.6904024759615385 0.1872873894230769 0.6919074639423077 0.19607843028846156 0.6895424831730769 0.19837174519230769 0.6848125216346154 0.1976073076923077 0.6781475745192308
7 0.2679356346153846 0.5577485384615385 0.2629667860576923 0.5622635024038461 0.26067347115384615 0.5680684543269231 0.26449566105769234 0.5730134158653846 0.2725222644230769 0.5745184038461538 0.28093108653846155 0.5725834182692308 0.2801666466346154 0.5644134855769231 0.28054886778846155 0.5564585480769231 0.2751977980769231 0.5560285528846154 0.2679356346153846 0.5577485384615385
7 0.5404578990384615 0.5300137596153847 0.5297557620192308 0.5356037139423078 0.5320490769230769 0.5399036802884616 0.5484845 0.5454936370192308 0.5641554855769231 0.5446336418269231 0.5798264735576922 0.5485036129807692 0.5989374302884616 0.5493636057692307 0.6065818149038461 0.5457086346153847 0.6146084158653846 0.5500086009615385 0.6398348822115385 0.5592535264423076 0.6524481129807692 0.5528035769230769 0.6650613461538462 0.54291365625 0.6700301947115384 0.5375386995192307 0.6551236466346153 0.5289387692307692 0.6444215120192307 0.5246388028846154 0.6295149639423077 0.5235638125000001 0.6153728557692307 0.5222738221153846 0.6031418413461538 0.5199088413461539 0.588999733173077 0.517758858173077 0.5802086923076923 0.5192638461538461 0.5706532115384616 0.5209838317307692 0.5549822259615385 0.5237788100961539 0.5404578990384615 0.5300137596153847
4 0.7258341923076923 0.5512985889423077 0.7109276466346154 0.5478586177884616 0.7048121394230769 0.5532335745192307 0.6964033173076923 0.5622635024038461 0.7178075913461538 0.5657034735576923 0.7434162740384616 0.5689284495192308 0.7460918100961538 0.5654884759615384 0.7491495625 0.5631234951923078 0.7552650697115385 0.5639834879807692 0.7636738894230769 0.556888545673077 0.736918548076923 0.5517285865384616 0.7258341923076923 0.5512985889423077
6 0.7250697548076922 0.5502235985576923 0.736918548076923 0.5403336778846154 0.7472384663461539 0.5334537331730769 0.7548828509615385 0.5257137932692307 0.7609983557692307 0.5164688677884615 0.7724649302884615 0.5035689711538461 0.7655849855769231 0.502063983173077 0.7613805745192308 0.5078689375000001 0.7522073149038462 0.5164688677884615 0.7460918100961538 0.5220588245192308 0.7399763028846155 0.5265737884615385 0.7265986322115385 0.5358187139423077 0.7113098653846154 0.5463536298076923 0.7155142764423077 0.5491486057692307 0.7250697548076922 0.5502235985576923
7 0.8450865721153846 0.5519435841346154 0.851202079326923 0.54291365625 0.8538776129807691 0.5248538004807692 0.8431754759615384 0.5222738221153846 0.8286511490384616 0.5220588245192308 0.8160379158653845 0.5218438245192307 0.8030424639423077 0.5239938076923077 0.7927225480769231 0.5270037836538461 0.7770515625 0.5373237019230769 0.7751404663461539 0.5476436177884616 0.7816381923076924 0.5521585817307693 0.7908114519230769 0.5472136225961538 0.8034246826923077 0.55086859375 0.8252111754807692 0.5519435841346154 0.8404999423076924 0.5536635697115385 0.8450865721153846 0.5519435841346154
0 0.8095401899038461 0.5798933605769231 0.835148875 0.5758083942307692 0.8275044903846154 0.5583935336538461 0.80610021875 0.5598985216346154 0.8034246826923077 0.5614035096153847 0.8095401899038461 0.5798933605769231
6 0.8531131754807693 0.5242088052884616 0.850437641826923 0.5401186802884616 0.8454687908653846 0.5519435841346154 0.8477621057692308 0.5538785697115385 0.8538776129807691 0.5525885793269231 0.86457975 0.5618335048076923 0.8722241322115385 0.5732284134615384 0.8863662427884615 0.5723684206730769 0.8859840240384614 0.5695734423076924 0.8745174495192308 0.5534485721153847 0.8672552836538461 0.5482886129807693 0.8580820240384616 0.5461386298076923 0.8615219975961538 0.5340987259615384 0.8619042163461538 0.5246388028846154 0.8630508725961538 0.5145338846153846 0.8634330937500001 0.5082989326923077 0.8630508725961538 0.500129 0.8592286826923077 0.502063983173077 0.8527309567307693 0.5115239086538461 0.8531131754807693 0.5242088052884616
8 0.8722241322115385 0.5476436177884616 0.8787218581730769 0.5555985552884615 0.8871306802884615 0.5519435841346154 0.89362840625 0.5480736153846154 0.8920995288461538 0.5388286899038461 0.8882773389423076 0.5356037139423078 0.8810151730769231 0.5351737187500001 0.8764285432692307 0.529583764423077 0.8768107620192308 0.5254987956730769 0.8863662427884615 0.5233488125 0.8844551466346153 0.5184038533653846 0.8798685168269231 0.5149638798076923 0.8691663798076923 0.5184038533653846 0.8603753389423077 0.5203388365384616 0.8615219975961538 0.5259287932692308 0.8680197235576923 0.5392586850961538 0.8722241322115385 0.5476436177884616
6 0.8240645192307692 0.43928448557692307 0.8343844350961539 0.4420794639423077 0.8527309567307693 0.4444444447115385 0.86572640625 0.43498451923076925 0.8817796129807692 0.4201496394230769 0.8959217211538462 0.4081097355769231 0.9112104879807692 0.3915548677884615 0.9303214471153846 0.3683350528846154 0.9115927067307692 0.3625301009615385 0.8901884350961539 0.35973512259615387 0.8764285432692307 0.3741400072115385 0.8554064903846155 0.3984348125 0.8198601081730769 0.43691950480769226 0.8240645192307692 0.43928448557692307
4 0.8053357788461538 0.4201496394230769 0.8148912596153846 0.41520467788461535 0.8259756153846154 0.4117647067307692 0.8103046298076924 0.4003697980769231 0.793486985576923 0.40918472596153843 0.7854603822115384 0.4141296875 0.7896647932692308 0.4188596490384615 0.7961625192307692 0.42186962499999997 0.8053357788461538 0.4201496394230769
10 0.8733707908653846 0.46400928846153844 0.8783396394230769 0.4661592716346154 0.8875128990384616 0.4711042307692308 0.8997439134615385 0.4650842788461539 0.8898062139423076 0.45540935576923075 0.8733707908653846 0.46400928846153844
6 0.6964033173076923 0.4394994831730769 0.6749990456730769 0.45110939182692306 0.6623858125000001 0.4597093221153846 0.6490081418269231 0.46572927403846154 0.6371593461538462 0.47260921875 0.6440392932692307 0.4784141730769231 0.6581814014423077 0.47131922836538465 0.6749990456730769 0.46207430288461543 0.6845545240384615 0.4545493629807692 0.6960210985576923 0.4459494326923077 0.7071054543269231 0.43283453846153847 0.7151320576923077 0.42767457932692304 0.7231586586538461 0.42079463461538463 0.7315674807692307 0.41025971875 0.7189542475961539 0.4057447548076923 0.7143676177884615 0.41541967788461537 0.7048121394230769 0.4244496033653846 0.7032832620192307 0.43003956009615385 0.6964033173076923 0.4394994831730769
8 0.6279860865384616 0.43691950480769226 0.6272216490384616 0.4496044038461538 0.6249283341346155 0.45497936057692306 0.6298971826923078 0.46035431730769233 0.6371593461538462 0.46078431490384614 0.6440392932692307 0.4551943581730769 0.6451859495192308 0.44143446875000003 0.6470970456730769 0.4302545576923077 0.6310438413461538 0.42939456490384614 0.6279860865384616 0.43691950480769226
8 0.6386882235576923 0.4089697283653846 0.6398348822115385 0.40638975 0.6298971826923078 0.4055297548076923 0.619577266826923 0.4038097692307692 0.6081106899038462 0.40617475 0.5932041442307692 0.40767973798076923 0.5779153774038461 0.40918472596153843 0.5733287475961538 0.41197970432692305 0.5756220625 0.4201496394230769 0.5836486634615384 0.4197196418269231 0.6081106899038462 0.4177846586538462 0.6245461153846155 0.416279670673077 0.6329549375 0.41305469471153844 0.6386882235576923 0.4089697283653846
8 0.6669724423076923 0.3911248701923077 0.6589458389423076 0.3896198822115385 0.6528303341346154 0.39456484374999995 0.6390704423076923 0.40466976201923077 0.6363949086538461 0.41240969951923073 0.6413637572115385 0.41434468509615385 0.6505370168269231 0.41004471875 0.6623858125000001 0.40144478846153847 0.6662080024038463 0.39649982692307695 0.6669724423076923 0.3911248701923077
8 0.63333715625 0.3784399735576923 0.620341704326923 0.37865497115384616 0.6084929086538462 0.38381493028846153 0.6107862259615385 0.38940488461538464 0.6276038677884616 0.3887598894230769 0.6463326081730769 0.3889748870192308 0.6505370168269231 0.38381493028846153 0.6516836754807692 0.37951496394230766 0.63333715625 0.3784399735576923
10 0.6623858125000001 0.3547901610576923 0.6543592091346154 0.3543601658653846 0.6451859495192308 0.3567251466346154 0.6451859495192308 0.3608101129807692 0.6451859495192308 0.3694100456730769 0.6516836754807692 0.3722050216346154 0.6623858125000001 0.37027003846153844 0.6700301947115384 0.3676900576923077 0.6688835384615385 0.36468008173076927 0.6623858125000001 0.3547901610576923
8 0.6188128269230769 0.4020897836538462 0.6295149639423077 0.4005847956730769 0.6287505264423078 0.3947798413461538 0.6188128269230769 0.39133987019230765 0.6111684447115384 0.3952098389423077 0.6031418413461538 0.3958548341346154 0.592821923076923 0.39864981009615386 0.5840308822115385 0.3999398004807692 0.5832664447115385 0.40294977644230767 0.588999733173077 0.4053147572115385 0.6042885 0.4053147572115385 0.6188128269230769 0.4020897836538462
2 0.5970263341346154 0.38037495673076926 0.6096395673076923 0.37908496634615385 0.6130795408653846 0.37607499038461534 0.6115506634615385 0.3651100793269231 0.6104040048076923 0.3547901610576923 0.60467071875 0.34748022115384614 0.6019951826923077 0.3363003100961538 0.5962618966346154 0.3354403173076923 0.5966441153846154 0.3403852764423077 0.5947330192307693 0.34920020673076924 0.5909108293269231 0.3556501538461539 0.590528608173077 0.3672600625 0.5924397043269231 0.3782249735576923 0.5970263341346154 0.38037495673076926
8 0.5263157884615385 0.4698142403846154 0.5213469399038462 0.4736842115384615 0.51943584375 0.47948916346153847 0.5117914615384616 0.48787409615384614 0.5125558990384615 0.4932490552884615 0.5171425288461539 0.49604403125 0.5266980096153846 0.4951840384615384 0.5316668581730769 0.48701410336538464 0.5374001442307692 0.4751891995192308 0.5442800913461538 0.4642242860576923 0.5389290216346153 0.4629342956730769 0.5263157884615385 0.4698142403846154
8 0.5232580360576923 0.4637942884615385 0.5163780913461539 0.4642242860576923 0.4984137908653846 0.4715342283653846 0.4888583100961539 0.4758341923076923 0.49191606490384615 0.48142414903846154 0.49573825721153847 0.48292913701923074 0.5033826394230769 0.4822841418269231 0.5137025576923077 0.4777691778846154 0.5205825024038462 0.4741142067307692 0.5343423918269231 0.4661592716346154 0.5351068293269231 0.4637942884615385 0.5301379807692308 0.4622893028846154 0.5232580360576923 0.4637942884615385
2 0.5240224735576923 0.4169246634615385 0.5106448028846153 0.4145596826923077 0.5037648581730769 0.4177846586538462 0.505293735576923 0.43261953846153844 0.5072048317307692 0.4416494663461539 0.5110270216346154 0.44573443509615385 0.5156136538461539 0.45777433653846156 0.5232580360576923 0.45712934375000003 0.5221113798076923 0.44358445192307694 0.5266980096153846 0.4379944951923077 0.5240224735576923 0.4169246634615385
4 0.5305201995192308 0.43455452403846156 0.5542177884615385 0.4343395240384615 0.5626266105769231 0.4339095288461538 0.5603332956730769 0.41799965625 0.5595688557692308 0.40079979326923076 0.5282268846153846 0.4010147908653846 0.49573825721153847 0.4048847620192308 0.49191606490384615 0.4048847620192308 0.5010893245192307 0.43605951201923077 0.5030004206730769 0.43562951442307696 0.5033826394230769 0.41799965625 0.5114092427884616 0.4136996899038462 0.5263157884615385 0.41713966346153847 0.5266980096153846 0.4371345024038461 0.5305201995192308 0.43455452403846156
5 0.5259335697115385 0.39692982451923076 0.5343423918269231 0.39778981730769225 0.5396934615384615 0.39542483653846155 0.5400756802884615 0.39090987259615384 0.5339601730769231 0.3881148942307692 0.5282268846153846 0.3896198822115385 0.5263157884615385 0.3939198485576923 0.5259335697115385 0.39692982451923076
2 0.5633910480769231 0.33071035336538457 0.5565111033653847 0.3229704158653846 0.5484845 0.32318541346153845 0.5328135144230769 0.3270553846153846 0.5454267475961538 0.3444702451923077 0.5549822259615385 0.3489852091346154 0.5614799519230769 0.3543601658653846 0.5679776778846154 0.3625301009615385 0.5725643076923077 0.3603801177884615 0.5706532115384616 0.3515651875 0.5660665817307693 0.3382352932692308 0.5633910480769231 0.33071035336538457
2 0.5912930480769231 0.36468008173076927 0.589764170673077 0.3509201923076923 0.5867064182692308 0.3371603028846154 0.5847953221153847 0.33178534615384614 0.5805909110576923 0.3315703485576923 0.5794442524038461 0.33737530048076925 0.5779153774038461 0.34533023798076923 0.5740931850961538 0.35135018990384614 0.5740931850961538 0.35780013701923075 0.5740931850961538 0.3666150673076923 0.5717998701923077 0.3769349855769231 0.5870886370192308 0.3773649807692308 0.5912930480769231 0.36468008173076927
2 0.4514008341346154 0.3659700721153846 0.44948973798076924 0.3608101129807692 0.45560524278846154 0.3543601658653846 0.45560524278846154 0.3483402139423077 0.4575163389423077 0.333720329326923 0.4575163389423077 0.3272703822115384 0.4471964230769231 0.32512039903846157 0.44184535336538466 0.3270553846153846 0.44184535336538466 0.3358703125 0.43878760096153846 0.34705022355769233 0.4426097932692308 0.3524251802884616 0.4429920120192307 0.35737014182692306 0.44413866826923076 0.3668300649038461 0.4514008341346154 0.3659700721153846
2 0.5087337067307692 0.3698400408653846 0.5102625841346154 0.3679050576923077 0.5094981466346155 0.3636050913461538 0.5064403918269231 0.35909012740384616 0.49764935336538463 0.35500516105769225 0.48924053125 0.3509201923076923 0.48236058653846153 0.3489852091346154 0.4750984206730769 0.3500601995192308 0.4712762307692308 0.3532851730769231 0.4697473533653846 0.3567251466346154 0.47700951682692305 0.3599501201923077 0.48541833894230774 0.3640350865384615 0.4938271610576923 0.36812005528846153 0.5014715432692308 0.3691950456730769 0.5087337067307692 0.3698400408653846
2 0.5870886370192308 0.27889576923076925 0.5981729927884616 0.29136566826923077 0.6115506634615385 0.29158066826923074 0.6188128269230769 0.2870657043269231 0.6161372932692307 0.2786807716346154 0.6023774038461538 0.26363089182692306 0.5920574855769231 0.26169590625 0.5870886370192308 0.2550309591346154 0.5782975961538461 0.24858101201923077 0.5714176514423077 0.25159098798076923 0.5744754038461538 0.2543859639423077 0.5805909110576923 0.2629858966346154 0.5817375673076923 0.26685586538461536 0.5809731298076923 0.27180082451923077 0.5870886370192308 0.27889576923076925
2 0.5343423918269231 0.29308565625 0.5328135144230769 0.2980306153846154 0.5393112403846154 0.29889060817307694 0.5465734062500001 0.29115067067307693 0.5542177884615385 0.2838407283653846 0.5591866370192308 0.27889576923076925 0.5649199254807692 0.2713708293269231 0.5710354326923077 0.26148090865384616 0.5698887740384616 0.25804093509615383 0.5607155144230769 0.25546095673076924 0.5534533509615385 0.25546095673076924 0.5484845 0.2629858966346154 0.5419867740384615 0.27266081971153844 0.5377823653846154 0.2784657716346154 0.5377823653846154 0.28319573557692307 0.5343423918269231 0.29308565625
8 0.6834078653846153 0.2563209495192308 0.6723235096153846 0.26685586538461536 0.6673546610576923 0.2715858269230769 0.6600924975961538 0.27567079567307695 0.6574169639423076 0.28362573076923075 0.6585636201923077 0.28921568509615386 0.6543592091346154 0.29287065624999997 0.66200359375 0.29394564903846154 0.6650613461538462 0.29158066826923074 0.6704124134615385 0.29072067307692306 0.6841723052884615 0.28642070913461537 0.6902878100961539 0.28212074278846155 0.6990788509615384 0.27330581249999997 0.7093987692307693 0.2642758846153846 0.72010090625 0.2556759543269231 0.7262164134615384 0.24922600721153848 0.7231586586538461 0.24600103125 0.7162787139423077 0.2442810456730769 0.7093987692307693 0.23847609134615383 0.7013721658653846 0.2389060889423077 0.6899055913461538 0.24815101442307694 0.6834078653846153 0.2563209495192308
8 0.6555058677884615 0.20536635817307694 0.6360126899038462 0.22063123557692307 0.6321904975961539 0.22901616826923077 0.6470970456730769 0.23632611057692307 0.6520658942307692 0.23740110096153846 0.6604747163461538 0.23138114903846155 0.6662080024038463 0.22794117548076923 0.6792034543269231 0.21482628125 0.6845545240384615 0.2064413485576923 0.6960210985576923 0.19934640625 0.6979321947115384 0.19225146153846154 0.7048121394230769 0.18666150721153846 0.6971677572115385 0.18279153846153845 0.6895233725961538 0.1875215 0.6738523870192308 0.19031647836538462 0.6692657572115385 0.19633643028846154 0.6555058677884615 0.20536635817307694
8 0.7476206850961538 0.22557619471153847 0.75029621875 0.21504127884615384 0.7541184110576923 0.20558135576923078 0.7403585216346154 0.20450636298076924 0.7361541105769231 0.20859133173076924 0.735771891826923 0.21504127884615384 0.7330963581730768 0.22235122115384615 0.7334785769230769 0.22794117548076923 0.7296563846153846 0.23525111778846153 0.7361541105769231 0.23546611538461537 0.7376829879807693 0.23288613701923078 0.7476206850961538 0.22557619471153847
8 0.749914 0.22794117548076923 0.7556472884615384 0.22579119471153847 0.762909451923077 0.22256621875 0.7686427403846154 0.21977124278846152 0.7824026298076923 0.21590127403846154 0.7908114519230769 0.2109563125 0.7961625192307692 0.20687134615384617 0.7908114519230769 0.2047213629807692 0.7896647932692308 0.2025713798076923 0.7850781634615385 0.2021413822115385 0.7770515625 0.2047213629807692 0.7686427403846154 0.20923632692307692 0.7606161370192308 0.2141812860576923 0.7564117259615385 0.21633126923076923 0.749914 0.2202012379807692 0.7457095889423078 0.22299621634615382 0.749914 0.22794117548076923
2 0.7927225480769231 0.2791107668269231 0.7984558341346154 0.2724458197115385 0.7953980817307692 0.26191090384615384 0.7858426009615385 0.2472910216346154 0.77896265625 0.24406604807692306 0.7739938076923077 0.23353113221153846 0.764820548076923 0.23396112740384614 0.7644383293269231 0.23933608653846153 0.7655849855769231 0.24299105528846152 0.7686427403846154 0.2466460264423077 0.7655849855769231 0.25116099038461537 0.7686427403846154 0.25825593509615385 0.7755226850961539 0.26750086057692307 0.7804915336538462 0.2778207764423077 0.7843137259615385 0.2806157548076923 0.7927225480769231 0.2791107668269231
2 0.7422696177884615 0.28577571394230766 0.7418873990384616 0.2797557620192308 0.7380652067307693 0.2750258004807692 0.7269808509615385 0.27717578365384615 0.7093987692307693 0.28147574759615385 0.69067003125 0.2877106971153846 0.6876122764423077 0.29007568028846153 0.6837900841346154 0.29308565625 0.6860834014423076 0.29502063942307694 0.692581125 0.2958806322115385 0.7009899471153846 0.29502063942307694 0.7120743028846154 0.29330065384615384 0.7189542475961539 0.2920106634615385 0.7292741658653846 0.28964568269230767 0.7422696177884615 0.28577571394230766
7 0.5691243365384615 0.21740625961538462 0.5607155144230769 0.21181630528846154 0.5519244735576924 0.20988131971153848 0.5423689951923077 0.2116013076923077 0.5358712692307692 0.21590127403846154 0.5305201995192308 0.2251461995192308 0.5328135144230769 0.2315961466346154 0.5374001442307692 0.23826109374999999 0.5461911850961538 0.2337461298076923 0.5565111033653847 0.22966116346153848 0.5649199254807692 0.2283711730769231 0.5725643076923077 0.22170622596153844 0.5691243365384615 0.21740625961538462
4 0.5698887740384616 0.18666150721153846 0.5817375673076923 0.19225146153846154 0.5920574855769231 0.19784141826923077 0.5947330192307693 0.20085139423076923 0.6027596225961539 0.1987014110576923 0.6100217860576923 0.1939714471153846 0.6169017307692308 0.19096147115384615 0.6272216490384616 0.1875215 0.6291327451923077 0.18257653846153848 0.6249283341346155 0.18021155769230768 0.6115506634615385 0.1724716201923077 0.6016129639423077 0.17225662259615385 0.5997018701923077 0.17870656971153845 0.592821923076923 0.18150154807692306 0.5813553485576923 0.18236154086538464 0.5698887740384616 0.18666150721153846
7 0.4422275745192307 0.23611111057692308 0.46936513461538465 0.23202614423076923 0.48197836538461536 0.2292311658653846 0.48771165384615384 0.21267629807692306 0.49764935336538463 0.19332645432692308 0.49153384615384615 0.18601651201923078 0.47318732451923073 0.18601651201923078 0.4536941490384615 0.1885964903846154 0.43343653365384616 0.19633643028846154 0.41776554567307694 0.20859133173076924 0.40706341105769234 0.2260061923076923 0.42349883413461537 0.2337461298076923 0.4422275745192307 0.23611111057692308
8 0.4712762307692308 0.15613174999999999 0.460191875 0.15763673798076921 0.4578985600961539 0.16408668750000002 0.45445858653846155 0.17612659134615385 0.4529297091346154 0.1840815264423077 0.45445858653846155 0.1885964903846154 0.46783625721153843 0.18580151442307694 0.47242288701923074 0.18064155528846154 0.47012957211538464 0.171826625 0.4735695456730769 0.15914172596153844 0.4712762307692308 0.15613174999999999
7 0.5182891875 0.16559167548076925 0.506058173076923 0.16021671875 0.4953560360576923 0.1608617139423077 0.4804494903846154 0.1651616778846154 0.4728051057692308 0.1686016514423077 0.4712762307692308 0.17870656971153845 0.48236058653846153 0.18322153365384614 0.4987960096153846 0.1840815264423077 0.5102625841346154 0.17763157932692308 0.5251691322115385 0.16946164423076923 0.5182891875 0.16559167548076925
7 0.5266980096153846 0.16795665625 0.5328135144230769 0.1651616778846154 0.5412223365384615 0.15785173798076924 0.5511600360576924 0.15333677403846152 0.5450445288461538 0.14645682932692308 0.5381645841346153 0.14151186778846153 0.5404578990384615 0.13764189903846155 0.5286091057692308 0.13592191346153845 0.51790696875 0.13183694471153845 0.5102625841346154 0.13076195432692309 0.5049115168269231 0.13592191346153845 0.5033826394230769 0.14452184375000002 0.5003248870192307 0.15355177163461536 0.505293735576923 0.15763673798076921 0.5110270216346154 0.16193670432692306 0.5163780913461539 0.16494668028846154 0.5266980096153846 0.16795665625
8 0.6482437019230769 0.17999656009615383 0.6428926346153846 0.17612659134615385 0.6329549375 0.17784657692307693 0.6321904975961539 0.18730650240384616 0.6329549375 0.19440144471153847 0.6379237860576924 0.20085139423076923 0.647479264423077 0.20020639903846152 0.6482437019230769 0.19891640865384613 0.6516836754807692 0.18924148557692308 0.6482437019230769 0.17999656009615383
4 0.6612391538461538 0.1645166826923077 0.6577991826923076 0.18451152403846155 0.6513014567307691 0.19612143028846155 0.647479264423077 0.21074131490384615 0.6505370168269231 0.21203130288461539 0.6700301947115384 0.19569143509615383 0.6704124134615385 0.1830065360576923 0.6707946346153846 0.17290161778846153 0.6784390168269231 0.15226178125 0.6960210985576923 0.1430168557692308 0.7097809879807693 0.14323185336538463 0.7166609326923077 0.14215686298076924 0.7223942211538461 0.13420192548076923 0.7093987692307693 0.13635190865384617 0.677292358173077 0.1412968701923077 0.6669724423076923 0.14774681730769232 0.6612391538461538 0.1645166826923077
8 0.6509192379807692 0.11936704567307693 0.6463326081730769 0.11055211538461539 0.6310438413461538 0.11377708894230769 0.6302794014423078 0.11958204326923078 0.6276038677884616 0.1243120048076923 0.6306616225961539 0.13183694471153845 0.6321904975961539 0.14559683413461538 0.6440392932692307 0.14667182692307693 0.6505370168269231 0.1400068798076923 0.6513014567307691 0.13097695192307693 0.6509192379807692 0.11936704567307693
2 0.633719375 0.10904712740384616 0.6111684447115384 0.11635706971153846 0.5985552115384615 0.12237702163461539 0.5867064182692308 0.12904196874999999 0.5932041442307692 0.13570691346153846 0.6004663076923077 0.13678190625 0.6138439783653846 0.13011695913461538 0.6245461153846155 0.12302201682692308 0.6298971826923078 0.1165720673076923 0.6409815384615385 0.11119711057692308 0.6394526610576924 0.10754213942307692 0.633719375 0.10904712740384616
11 0.6776745793269231 0.05809253605769231 0.677292358173077 0.051857584134615387 0.6604747163461538 0.05228758173076923 0.6444215120192307 0.05658754807692308 0.6161372932692307 0.06733746153846154 0.6142261971153846 0.08410732692307692 0.6165195120192308 0.09034227644230769 0.6417459783653846 0.0860423125 0.6623858125000001 0.08066735576923077 0.6700301947115384 0.07722738221153845 0.6776745793269231 0.05809253605769231
9 0.7235408774038461 0.06927244471153846 0.7319496995192308 0.06196250480769231 0.7311852620192307 0.05637254807692308 0.7239230985576923 0.051857584134615387 0.7101632067307692 0.047987615384615386 0.6956388798076923 0.05056759615384616 0.6887589350961538 0.056802545673076923 0.6857011802884615 0.06690746394230769 0.6902878100961539 0.07142242788461538 0.6998432908653847 0.07443240384615385 0.7147498365384616 0.07271241826923078 0.7235408774038461 0.06927244471153846
8 0.850819860576923 0.08432232451923076 0.8726063533653845 0.07572239423076924 0.8867484615384615 0.06755245913461538 0.8905706538461539 0.06282249759615385 0.8963039399038462 0.060672514423076924 0.8932461875000001 0.055297557692307694 0.8890417764423078 0.05658754807692308 0.8775752019230769 0.05723254326923077 0.86419753125 0.06325249278846154 0.8435576947115385 0.07013243990384616 0.8286511490384616 0.0776573798076923 0.8370599711538461 0.08733230048076922 0.850819860576923 0.08432232451923076
9 0.8775752019230769 0.11549707692307692 0.8875128990384616 0.11270209855769231 0.894010625 0.10603715144230769 0.8928639687500001 0.09485724038461538 0.8825440504807692 0.08862229086538462 0.8703130384615385 0.08711730288461537 0.8550242716346154 0.09141726923076923 0.8439399158653846 0.10066219471153846 0.8443221346153845 0.10861713221153847 0.8580820240384616 0.1165720673076923 0.8687841610576924 0.1178620576923077 0.8775752019230769 0.11549707692307692
7 0.7896647932692308 0.1853715168269231 0.7896647932692308 0.1898864807692308 0.8045713413461539 0.19354145192307692 0.8179490120192308 0.18902648798076924 0.8263578341346154 0.1840815264423077 0.83476665625 0.1797815625 0.8393532860576923 0.17333161298076924 0.8466154495192307 0.16881664903846155 0.8584642427884616 0.15763673798076921 0.8622864350961539 0.14753181971153848 0.8542598317307692 0.1329119375 0.8374421899038461 0.12796697596153847 0.8278867091346154 0.12689198557692308 0.8168023533653846 0.1262469903846154 0.8129801634615385 0.1339869278846154 0.8041891225961538 0.1412968701923077 0.7931047668269231 0.1518317860576923 0.7862248221153846 0.16236670192307695 0.7885181370192308 0.17419160576923076 0.7896647932692308 0.1853715168269231
10 0.851966516826923 0.11485208173076923 0.8435576947115385 0.11377708894230769 0.835148875 0.11915204567307693 0.8424110384615384 0.12796697596153847 0.8443221346153845 0.12990196153846154 0.8523487379807692 0.1281819735576923 0.8619042163461538 0.12732198076923076 0.86419753125 0.1217320264423077 0.851966516826923 0.11485208173076923
4 0.8867484615384615 0.12409700721153846 0.8768107620192308 0.12861197115384615 0.8741352283653847 0.13484692067307694 0.8603753389423077 0.13570691346153846 0.8634330937500001 0.14258685817307692 0.8615219975961538 0.15075679326923078 0.8576998052884615 0.16021671875 0.8554064903846155 0.16365668990384613 0.8534953942307693 0.17032163701923078 0.8607575576923078 0.1692466466346154 0.8718419134615385 0.16408668750000002 0.879104079326923 0.15871173076923076 0.8882773389423076 0.14989680048076923 0.8978328173076923 0.13914688701923078 0.9020372283653846 0.12904196874999999 0.8974505985576923 0.12517199759615386 0.8867484615384615 0.12409700721153846
7 0.9211481875 0.12603199278846156 0.9238237211538463 0.13097695192307693 0.9211481875 0.1400068798076923 0.9219126249999999 0.15032679807692306 0.9207659663461538 0.15699174519230769 0.9383480480769231 0.1634416923076923 0.9532545961538462 0.15978672115384615 0.9712188966346154 0.15828173317307692 0.9754233076923077 0.1625816995192308 0.9792455 0.1686016514423077 0.9979742379807692 0.16559167548076925 0.9975920192307692 0.14774681730769232 0.9975920192307692 0.13097695192307693 0.9975920192307692 0.11678706490384615 0.9975920192307692 0.10840213221153847 0.995680923076923 0.10367217067307692 0.9834499110576923 0.09163226682692308 0.9773344038461539 0.08496731971153845 0.9670144855769232 0.08217234375 0.9486679663461538 0.08668730528846155 0.9433168990384615 0.09528723798076923 0.9341436370192308 0.10689714423076922 0.9261170360576922 0.11700206490384615 0.9211481875 0.12603199278846156
3 0.3998012451923077 0.11184210576923077 0.4112678221153846 0.10603715144230769 0.41776554567307694 0.10195218509615385 0.4166188894230769 0.09679222596153846 0.4108856009615385 0.09335225240384615 0.40324121874999996 0.09442724519230769 0.38336582211538467 0.10732714182692307 0.37381034375 0.1139920889423077 0.3696059326923077 0.11829205288461539 0.37457478125 0.12216202163461538 0.38183694471153845 0.12151702884615385 0.39139242548076925 0.11463708413461539 0.3998012451923077 0.11184210576923077
8 0.3799258485576923 0.13764189903846155 0.38565913701923077 0.13355693028846155 0.39292130048076923 0.12366700961538461 0.40094790384615386 0.1165720673076923 0.39941902644230765 0.11420708653846154 0.3933035192307692 0.11463708413461539 0.38642357451923076 0.11807705528846155 0.3822191634615385 0.12087203365384616 0.37686809615384614 0.1256019951923077 0.3707525889423077 0.13033195673076922 0.3684592740384615 0.13441692548076922 0.37610365865384615 0.13678190625 0.3799258485576923 0.13764189903846155
6 0.4005656850961538 0.12022703846153847 0.3967434927884615 0.12108703125 0.3933035192307692 0.12667698557692308 0.3883346706730769 0.13570691346153846 0.3890991105769231 0.13850189182692307 0.39941902644230765 0.14151186778846153 0.40400565624999996 0.13979188221153846 0.4089745048076923 0.12904196874999999 0.4135611346153846 0.12259201923076923 0.4005656850961538 0.12022703846153847
7 0.3887168894230769 0.14925180528846155 0.3837480408653846 0.14043687740384614 0.37228146634615383 0.13764189903846155 0.3619615480769231 0.13957688221153847 0.35699269951923074 0.1483918125 0.35699269951923074 0.15527175721153846 0.3589037956730769 0.1634416923076923 0.36157932932692305 0.1690316466346154 0.37113480769230767 0.17268661778846153 0.3829836033653846 0.16817165384615385 0.38718801442307693 0.15785173798076924 0.3887168894230769 0.14925180528846155
8 0.5263157884615385 0.09528723798076923 0.5240224735576923 0.08926728605769231 0.5236402548076924 0.08131234855769232 0.5221113798076923 0.0703474375 0.5167603100961539 0.06884244951923077 0.5106448028846153 0.06905744711538461 0.5075870504807692 0.07163742788461538 0.5064403918269231 0.07916236778846154 0.5087337067307692 0.08496731971153845 0.5110270216346154 0.0931372548076923 0.5137025576923077 0.09765221874999999 0.5163780913461539 0.10109219230769231 0.5263157884615385 0.09528723798076923
7 0.48541833894230774 0.08045235576923077 0.48159614663461536 0.0787323701923077 0.4636318461538461 0.07421740625 0.46095631249999997 0.07529239663461539 0.4514008341346154 0.08690230528846153 0.44910751923076925 0.09571723317307691 0.4483430793269231 0.09894220913461539 0.446431983173077 0.10775713701923076 0.4529297091346154 0.11033711778846154 0.4651607235576923 0.10883212980769232 0.4720406682692308 0.10754213942307692 0.4804494903846154 0.10818713461538462 0.4850361201923077 0.11076711298076923 0.49268050240384614 0.11442208413461538 0.4987960096153846 0.11076711298076923 0.5075870504807692 0.10023219711538461 0.5125558990384615 0.09593223317307692 0.5049115168269231 0.08066735576923077 0.506058173076923 0.07421740625 0.5098803653846153 0.06862745192307693 0.5106448028846153 0.06282249759615385 0.5075870504807692 0.060672514423076924 0.49803157211538457 0.06131750961538462 0.49268050240384614 0.0623925 0.4949738173076923 0.06841245192307692 0.4991782283653846 0.07099243269230769 0.49726713221153845 0.07249742067307692 0.4938271610576923 0.07636738942307691 0.48541833894230774 0.08045235576923077
7 0.5286091057692308 0.04067767548076923 0.5202002836538462 0.028637771634615387 0.5102625841346154 0.02885276923076923 0.4995604471153846 0.029497764423076923 0.4873294350961539 0.030787754807692306 0.4880938725961539 0.03616271153846154 0.47700951682692305 0.042612658653846155 0.47395176442307696 0.04949260336538462 0.48121392788461537 0.05723254326923077 0.48962275 0.06174750721153846 0.5007071057692307 0.05766253846153846 0.5133203389423077 0.055297557692307694 0.5213469399038462 0.04949260336538462 0.5286091057692308 0.04067767548076923
7 0.5660424591346154 0.10034991826923076 0.5772270697115385 0.09765362980769231 0.5942702836538462 0.09375898798076923 0.600128889423077 0.08327341586538463 0.6086504975961539 0.07009155528846153 0.6134439014423078 0.05181669951923077 0.5942702836538462 0.04582494471153846 0.5798900721153847 0.05001917307692308 0.5708358629807692 0.055711341346153846 0.5687054615384615 0.06230227163461539 0.5596512524038462 0.0769820721153846 0.5532600480769231 0.08237465144230768 0.5532600480769231 0.0910626971153846 0.5660424591346154 0.10034991826923076
7 0.558053451923077 0.07818042307692306 0.5676402596153847 0.0667960889423077 0.5697706610576924 0.05990556971153846 0.5681728605769231 0.05151711298076923 0.5612490552884615 0.04582494471153846 0.5537926466346154 0.04882082211538462 0.5431406394230769 0.05151711298076923 0.5292930264423077 0.05720927884615385 0.5308908269230769 0.06949237740384616 0.5330212283653846 0.0787795985576923 0.5420754375 0.08177547596153846 0.5543252475961539 0.08117630048076922 0.558053451923077 0.07818042307692306
5 0.5314234278846154 0.09795321634615385 0.5415428365384616 0.10394497115384614 0.5559230504807693 0.09975074278846154 0.5532600480769231 0.09046352163461538 0.5426080384615385 0.08776723317307693 0.5314234278846154 0.09795321634615385
2 0.617704704326923 0.1722509831730769 0.6059874951923077 0.14858354807692306 0.5985310889423077 0.14079426682692306 0.5825530745192308 0.14588725961538462 0.5820204735576924 0.15008148798076923 0.5894768798076924 0.16236458653846153 0.5995962884615385 0.17195139423076922 0.617704704326923 0.1722509831730769
11 0.4525985576923077 0.14229220673076923 0.4307619375 0.14648643509615386 0.4291641370192308 0.17944108894230767 0.45046815625000003 0.1803398533653846 0.4584571634615384 0.16386252403846152 0.4621853653846154 0.15247818990384615 0.4669787716346154 0.1491827235576923 0.46591356971153847 0.14379014423076922 0.4525985576923077 0.14229220673076923
8 0.4020015120192308 0.2037076971153846 0.3998711105769231 0.2082015144230769 0.41212092067307693 0.21149698076923076 0.4195773293269231 0.20670357692307692 0.42756633413461537 0.19861470673076922 0.4360879423076923 0.19052583653846153 0.43289234134615384 0.18423449278846155 0.42756633413461537 0.18603201923076923 0.41851212740384613 0.1899266610576923 0.4020015120192308 0.2037076971153846
7 0.34501326201923077 0.19022624759615384 0.3444806610576923 0.1959184158653846 0.3444806610576923 0.2058048125 0.3508718677884615 0.20939986538461539 0.3625890769230769 0.21119739182692307 0.3700454831730769 0.19951346875 0.3716432860576923 0.19292253846153845 0.36578468028846156 0.18603201923076923 0.35566527163461537 0.18633160817307692 0.34501326201923077 0.19022624759615384
7 0.3977407091346154 0.2049060504807692 0.38708869951923075 0.19891429326923077 0.3801648942307692 0.20220975961538462 0.3679150817307692 0.2082015144230769 0.3583282740384615 0.21389368269230769 0.3530022692307692 0.21868708653846153 0.3524696682692308 0.2318689471153846 0.36684988221153847 0.23875946634615383 0.3769692908653846 0.23905905528846152 0.3886865 0.23696193990384615 0.39720810817307695 0.23067059615384616 0.3998711105769231 0.21688956009615384 0.3977407091346154 0.2049060504807692
5 0.39081690144230774 0.24924503846153845 0.3759040889423077 0.25014380288461535 0.37537148798076925 0.25913143509615383 0.38762130048076926 0.25613555769230767 0.39081690144230774 0.24924503846153845
5 0.38549089903846157 0.2483462764423077 0.3860234975961539 0.24115616826923075 0.37324108653846155 0.23935864182692307 0.37270848557692304 0.24954462740384614 0.38549089903846157 0.2483462764423077
7 0.2422213701923077 0.19412088942307693 0.2390257668269231 0.20191017067307693 0.24488437259615384 0.21239574278846154 0.22943895913461537 0.21479244471153847 0.21399354567307693 0.21509203365384616 0.22837375721153846 0.22707554326923077 0.2528733798076923 0.22318090384615383 0.26352538942307696 0.21089780528846153 0.26512318990384615 0.19951346875 0.2422213701923077 0.19412088942307693
7 0.2193195504807692 0.25733390865384614 0.22464555528846153 0.2594310240384615 0.2507429783653846 0.25673473317307693 0.2688513942307692 0.2540384423076923 0.26725359134615384 0.24954462740384614 0.25340598076923077 0.24025740625 0.2368953653846154 0.24025740625 0.22943895913461537 0.2462491610576923 0.2182543485576923 0.2489454519230769 0.2193195504807692 0.25733390865384614
9 0.2704491947115385 0.25493720673076925 0.2874924110576923 0.25493720673076925 0.29761181971153844 0.2444516346153846 0.2906880144230769 0.2357635889423077 0.27843820192307694 0.2363627644230769 0.2688513942307692 0.24025740625 0.26352538942307696 0.24684833653846153 0.2704491947115385 0.25493720673076925
11 0.26672099278846156 0.23816029086538462 0.26086238701923076 0.22917265865384615 0.24701477403846153 0.22527801682692308 0.2384931658653846 0.23037100961538462 0.24009096875 0.23816029086538462 0.24914517548076923 0.24175534375 0.2592645841346154 0.24505081009615384 0.26672099278846156 0.23816029086538462
5 0.304535625 0.21868708653846153 0.29122061298076923 0.22258172836538462 0.29015541346153845 0.22557760576923075 0.29974222115384613 0.232468125 0.3056008269230769 0.23336688701923075 0.3146550336538461 0.2285734831730769 0.304535625 0.21868708653846153
7 0.39614290625 0.4391836826923077 0.38069749278846154 0.44217956009615383 0.3737736875 0.44667337740384616 0.3769692908653846 0.45476224759615386 0.3860234975961539 0.46494823076923075 0.4014689110576923 0.47093998557692307 0.41318612259615384 0.46374987980769233 0.4174469254807692 0.4592560625 0.40999051923076923 0.44847090384615385 0.39614290625 0.4391836826923077
6 0.434490141826923 0.4736362764423077 0.4467399519230769 0.48891525240384615 0.4664461706730769 0.5098863966346154 0.47709818028846157 0.5176756778846154 0.48721758894230766 0.5146798004807692 0.4749677788461538 0.4988016490384615 0.4531311586538462 0.46704534615384613 0.4376857451923077 0.45626018509615385 0.4280989350961538 0.45685936057692306 0.4195773293269231 0.44637378846153847 0.4115883221153846 0.4337911033653846 0.39667550721153844 0.4415803846153846 0.42117512980769234 0.46105359134615387 0.434490141826923 0.4736362764423077
8 0.4541963581730769 0.44877049278846154 0.4621853653846154 0.44637378846153847 0.4611201658653846 0.4427787355769231 0.4525985576923077 0.44217956009615383 0.4467399519230769 0.44128079807692305 0.4392835456730769 0.44038203365384615 0.4307619375 0.4415803846153846 0.4201099278846154 0.4427787355769231 0.42064252884615383 0.4505680192307692 0.42756633413461537 0.45566100961538464 0.4366205432692307 0.4550618341346154 0.44833775480769233 0.4520659567307692 0.4541963581730769 0.44877049278846154
4 0.4611201658653846 0.44847090384615385 0.472837375 0.44637378846153847 0.48508718749999996 0.44128079807692305 0.4829567860576923 0.43349151682692305 0.47550037740384615 0.42450388221153845 0.4600549639423077 0.42300594471153846 0.44727255288461537 0.42270635576923077 0.42756633413461537 0.42480347115384615 0.4254359326923077 0.4289976995192308 0.42650113461538464 0.44068162259615384 0.45526156009615387 0.44128079807692305 0.4611201658653846 0.44847090384615385
7 0.4579245625 0.40053686057692306 0.4531311586538462 0.4059294423076923 0.4579245625 0.41401831009615386 0.45898976442307693 0.42210718028846156 0.4829567860576923 0.42330553125 0.49307619471153846 0.4212084182692308 0.4936087932692308 0.4116216081730769 0.4898805913461538 0.4011360360576923 0.4781633798076923 0.39993768509615385 0.4579245625 0.40053686057692306
8 0.29974222115384613 0.4505680192307692 0.30666602644230767 0.44697296634615385 0.30080742307692304 0.44068162259615384 0.2906880144230769 0.44128079807692305 0.28269900721153846 0.44637378846153847 0.2906880144230769 0.4529647211538462 0.29974222115384613 0.4505680192307692
4 0.21399354567307693 0.4427787355769231 0.19961333173076923 0.45026843028846153 0.21399354567307693 0.46404946874999997 0.22784115624999998 0.4613531778846154 0.22304775240384614 0.4529647211538462 0.21399354567307693 0.4427787355769231
0 0.1617986971153846 0.45116719471153843 0.15008148798076923 0.4586568870192308 0.14795108653846153 0.4664461706730769 0.16073349759615382 0.47273751201923075 0.17564631009615386 0.4673449326923077 0.1804397139423077 0.45895647596153843 0.17777671153846153 0.44996884375 0.17138550721153845 0.4451754375 0.1617986971153846 0.45116719471153843
7 0.18683092067307694 0.429596875 0.20813493990384616 0.4215080048076923 0.20174373317307692 0.4116216081730769 0.18683092067307694 0.4131195480769231 0.1820375168269231 0.4203096538461538 0.16872250480769233 0.4272001730769231 0.16818990384615384 0.4328923389423077 0.17937451442307692 0.4382849206730769 0.19322212740384614 0.4382849206730769 0.20121113461538462 0.4382849206730769 0.18683092067307694 0.429596875
7 0.20760233894230767 0.3909500528846154 0.19801553125 0.39454510576923074 0.190559125 0.4029335625 0.19854813221153847 0.41042325721153844 0.21026534134615385 0.41641501201923076 0.21399354567307693 0.4095244951923077 0.22304775240384614 0.4032331514423077 0.2171891466346154 0.39244799278846154 0.20760233894230767 0.3909500528846154
8 0.22198255288461538 0.3406193076923077 0.2193195504807692 0.3343279639423077 0.20440673557692307 0.33882178125 0.1942873269230769 0.3424168341346154 0.20014593269230768 0.3511048798076923 0.2161239471153846 0.34421436057692306 0.22198255288461538 0.3406193076923077
6 0.30666602644230767 0.3097617668269231 0.29707921875 0.3019724855769231 0.28216640625 0.3148547596153846 0.2896228125 0.32084651442307693 0.30666602644230767 0.3097617668269231
7 0.3561978725961538 0.3241419807692308 0.36898028365384616 0.32174527884615384 0.39454510576923074 0.3082638293269231 0.4195773293269231 0.3004745480769231 0.44141394711538456 0.29148691346153843 0.43875094471153847 0.28729268509615385 0.4142513245192308 0.25463761778846156 0.39933850961538464 0.25493720673076925 0.3716432860576923 0.27231329807692306 0.3455458629807693 0.2929848533653846 0.34341546153846153 0.3103609423076923 0.3396872572115385 0.3166522860576923 0.3386220552884615 0.32474115625 0.3561978725961538 0.3241419807692308
8 0.9367323894230769 0.26362525240384616 0.9377975913461539 0.2600301995192308 0.9287433822115384 0.24654874999999998 0.9218195769230769 0.23786070432692308 0.9095697644230769 0.23126977403846152 0.9058415624999999 0.2258771923076923 0.8957221538461538 0.23037100961538462 0.8994503557692308 0.23965823076923076 0.8989177548076923 0.24535039903846154 0.9079719639423077 0.2531396802884615 0.914363170673077 0.26182772596153847 0.920754375 0.26602195432692305 0.9367323894230769 0.26362525240384616
7 0.8930591514423077 0.2516417403846154 0.8941243509615385 0.24535039903846154 0.8967873533653846 0.2384598798076923 0.8951895528846153 0.2294722451923077 0.8999829567307691 0.22617678125 0.89838515625 0.22378007932692306 0.8861353437499999 0.22497843028846154 0.8749507355769232 0.23067059615384616 0.8680269278846153 0.23965823076923076 0.8658965264423077 0.24864586298076924 0.8515163125 0.2531396802884615 0.8515163125 0.25793308413461535 0.862700923076923 0.25583596875 0.8760159350961538 0.25493720673076925 0.8930591514423077 0.2516417403846154
4 0.9042437596153847 0.19292253846153845 0.9122327668269231 0.18273655528846153 0.9191565745192308 0.17674479807692306 0.8941243509615385 0.16865593028846154 0.8792115384615384 0.16685840384615383 0.8706899302884616 0.17734397596153845 0.8605705216346154 0.19142460096153846 0.8733529326923077 0.19711676682692308 0.8861353437499999 0.20191017067307693 0.8957221538461538 0.1962180048076923 0.9042437596153847 0.19292253846153845
6 0.6198351057692307 0.26482360336538463 0.63368271875 0.26512318990384615 0.652323735576923 0.2594310240384615 0.6629757451923077 0.25014380288461535 0.6469977307692307 0.24115616826923075 0.6432695288461538 0.23486482692307692 0.6326175192307691 0.22378007932692306 0.6235633100961538 0.22138337740384614 0.6150417019230769 0.22527801682692308 0.6123786995192307 0.2321685360576923 0.617704704326923 0.23786070432692308 0.6182373052884615 0.24325328365384616 0.6118460985576923 0.2483462764423077 0.6081178966346154 0.2534392668269231 0.6054548942307693 0.2582326706730769 0.6198351057692307 0.26482360336538463
9 0.01426836778846154 0.2522409158653846 0.024387776442307694 0.2534392668269231 0.03290938221153846 0.2507429783653846 0.039300588942307695 0.24325328365384616 0.02385517548076923 0.23875946634615383 0.013735766826923077 0.23965823076923076 0.00840976201923077 0.2480466875 0.01426836778846154 0.2522409158653846
7 0.061137209134615386 0.36848097115384615 0.07498482211538461 0.3789665408653846 0.08616943028846154 0.37956571875 0.10268004567307693 0.37537148798076925 0.09256063701923077 0.36788179567307694 0.08244122836538462 0.3570966346153846 0.07391962019230769 0.3546999326923077 0.06752841346153846 0.35799539903846156 0.061137209134615386 0.36848097115384615