2 0.6714316658653845 0.08490192548076923 0.8547008557692308 0.03139526201923077 0.85824128125 0.02665082932692308 0.8521496634615384 0.024747197115384614 0.7885260985576923 0.0437835048076923 0.6714316658653845 0.07842958173076922 0.6714316658653845 0.08490192548076923
2 0.5963017115384616 0.13325414182692308 0.5956248653846153 0.13782285576923076 0.7052739879807692 0.15229044711538461 0.8054472596153845 0.16485441105769233 0.8081546466346154 0.1583820673076923 0.5963017115384616 0.13325414182692308
2 0.7404700024038462 0.15914351923076925 0.6057775600961539 0.13934575961538462 0.5563677716346154 0.13173123798076924 0.5563677716346154 0.13706140384615384 0.7323478461538462 0.16485441105769233 0.7404700024038462 0.15914351923076925
2 0.697151829326923 0.2181560673076923 0.7018897548076922 0.21587171153846155 0.66127896875 0.19150523798076924 0.5759963173076923 0.14239156971153846 0.570581545673077 0.14201084375 0.5692278533653846 0.14657955528846153 0.697151829326923 0.2181560673076923
13 0.4541639591346154 0.013706139423076923 0.44130387740384613 0.024366471153846155 0.44671864903846153 0.03769188701923077 0.4649935024038462 0.045687134615384616 0.4934210528846154 0.04644858653846154 0.5089885216346154 0.038072612980769235 0.5157569855769231 0.02779300721153846 0.5103422139423077 0.017513401442307692 0.49545159134615385 0.007614521634615385 0.47311565865384614 0.006091617788461539 0.4541639591346154 0.013706139423076923
9 0.500189516826923 0.003807262019230769 0.5022200552884615 0.013325413461538461 0.5184643701923076 0.022462841346153846 0.5374160721153847 0.020178485576923075 0.5435076899038461 0.012183235576923078 0.53538553125 0.0007614519230769231 0.5089885216346154 0.0026650817307692304 0.500189516826923 0.003807262019230769
6 0.4375812211538461 0.02684119230769231 0.3548367451923077 0.07452713701923076 0.35991309375 0.09051763461538462 0.38732537259615385 0.07538377163461539 0.44874918750000004 0.04197505528846154 0.4436728389423077 0.03683525240384616 0.4375812211538461 0.02684119230769231
13 0.3512833004807692 0.1276384326923077 0.3700657884615385 0.13420595673076924 0.3822490264423077 0.14134457211538462 0.39087881730769236 0.13991684855769232 0.39798570432692304 0.12563962019230768 0.3949398966346154 0.1145033798076923 0.38478719951923074 0.10450931971153846 0.3731115985576923 0.10079724038461538 0.3563596490384615 0.09851288461538463 0.3380847956730769 0.10479486538461538 0.32894736778846156 0.11193347836538461 0.32590156009615384 0.12449744230769232 0.3294550024038462 0.13106496634615386 0.3512833004807692 0.1276384326923077
13 0.32133284615384616 0.1327782355769231 0.31118014903846153 0.14134457211538462 0.30914961057692303 0.15333744471153846 0.3218404807692308 0.16190378365384614 0.33960769951923075 0.16647249519230767 0.3629589014423077 0.16418813942307692 0.37920321634615384 0.15619289182692306 0.3842795649038461 0.146484375 0.37920321634615384 0.13963130528846154 0.3710810600961538 0.13420595673076924 0.3594054591346154 0.12906615384615383 0.3462069519230769 0.12820952163461538 0.3309779086538462 0.13049387740384616 0.32133284615384616 0.1327782355769231
13 0.2651370865384615 0.13842676682692306 0.2767134951923077 0.1283440889423077 0.26849798076923076 0.1182614110576923 0.25990903125 0.11784129807692308 0.24646546153846155 0.12372286057692308 0.24534516346153845 0.1291843125 0.25505440865384615 0.1386368221153846 0.2651370865384615 0.13842676682692306
0 0.32488629086538456 0.1275038653846154 0.31368331490384616 0.12708375240384615 0.3118161514423077 0.13338542788461538 0.3065880961538462 0.14094743509615384 0.29053049759615385 0.1554412860576923 0.2729791706730769 0.16069268028846156 0.25318724759615385 0.15901223317307694 0.23264845913461538 0.17287591586538462 0.3043475024038461 0.17119546875 0.31891137019230764 0.16279323798076922 0.3106958533653846 0.15271056009615386 0.3121895841346154 0.13968710096153847 0.3177910721153846 0.13233514903846155 0.3275003173076923 0.13149492548076924 0.32488629086538456 0.1275038653846154
7 0.2718588725961538 0.1611127908653846 0.2931445264423077 0.15586139663461537 0.2968788509615385 0.14976977884615386 0.3047209326923077 0.14325805048076923 0.309202125 0.13401559375 0.31330988221153844 0.1312848701923077 0.3118161514423077 0.1291843125 0.29650541826923077 0.12246252644230769 0.2767134951923077 0.13338542788461538 0.26065589663461536 0.14262788221153846 0.23937024278846156 0.14577871874999998 0.25094665144230766 0.15439100721153845 0.2718588725961538 0.1611127908653846
11 0.04593219951923077 0.16489379567307694 0.049666524038461536 0.1684647451923077 0.06012263461538462 0.16510385096153846 0.06497725721153846 0.1646837403846154 0.06535068990384615 0.16258318269230768 0.07393963942307692 0.16258318269230768 0.07281934134615385 0.1537608389423077 0.06535068990384615 0.1482993894230769 0.056388310096153846 0.14640888701923077 0.04481190144230769 0.14955972355769231 0.04294474038461538 0.15859212259615385 0.04593219951923077 0.16489379567307694
0 0.4148835264423077 0.11868152163461539 0.4626828894230769 0.13527593028846155 0.47948735096153844 0.1342256514423077 0.49741211298076926 0.14598877403846153 0.5325147692307692 0.15334072836538462 0.5818078605769231 0.10040666826923077 0.5418505817307693 0.08990387740384616 0.5056276274038461 0.07898097836538462 0.46380318509615387 0.06469718269230769 0.4148835264423077 0.11868152163461539
0 0.6303540889423077 0.05650500721153846 0.5881562139423078 0.05314411538461539 0.53624909375 0.051043557692307694 0.5254195504807693 0.08297203846153846 0.5847953221153847 0.0997765 0.5612690721153846 0.1260334735576923 0.6423039302884616 0.13590609615384613 0.6766597211538462 0.06490724038461539 0.6303540889423077 0.05650500721153846
0 0.1295810841346154 0.20963568028846155 0.15908225240384616 0.18926026682692307 0.16169627884615384 0.17665692067307692 0.1441449519230769 0.17308597115384616 0.10642826682692307 0.16804463221153845 0.0769270985576923 0.16426362740384615 0.0687115841346154 0.16699435336538462 0.06348352884615384 0.1976625 0.1295810841346154 0.20963568028846155
13 0.9963179543269232 0.002520668269230769 0.91565653125 0.0018905024038461536 0.9257392091346154 0.05251394711538461 0.9989319831730769 0.043691603365384614 0.9963179543269232 0.002520668269230769
8 0.8551604639423077 0.024576526442307692 0.8633759783653846 0.039280432692307694 0.91565653125 0.03108825721153846 0.9167768293269231 0.018484908653846152 0.9059472860576924 0.018064798076923076 0.8798070096153846 0.023526247596153845 0.8652431418269231 0.024156415865384615 0.8551604639423077 0.024576526442307692
7 0.8954911754807693 0.1268736971153846 0.8921302836538462 0.11994185576923076 0.8335013774038462 0.11595079567307692 0.8166969134615385 0.1508200576923077 0.8633759783653846 0.16384351682692305 0.8954911754807693 0.1268736971153846
13 0.8140828870192307 0.26635074278846155 0.8159500504807693 0.26046918028846155 0.8152031850961539 0.25311722836538464 0.8133360216346154 0.24744572115384617 0.8021330456730769 0.24681555528846152 0.7890629086538462 0.2520669495192308 0.7879426105769232 0.2606792355769231 0.7972784230769231 0.26908146875 0.8092282644230769 0.2699216923076923 0.8140828870192307 0.26635074278846155
2 0.2614027620192308 0.19619210817307692 0.24422486538461538 0.20165356009615382 0.24721232692307693 0.2062747860576923 0.2632699254807692 0.2171976875 0.2890367692307692 0.22980103605769228 0.30285377163461535 0.2295909783653846 0.3129364495192308 0.21950830048076925 0.3065880961538462 0.21110606971153847 0.2916507956730769 0.20501445192307693 0.27783379326923074 0.2054345625 0.2640167884615385 0.20249378125 0.2614027620192308 0.19619210817307692
7 0.4361691802884616 0.15355078365384614 0.4376629110576923 0.16321334855769232 0.4305676923076923 0.16699435336538462 0.4212318798076923 0.15712173076923078 0.41376322836538465 0.15607145192307692 0.42235217788461543 0.1703552451923077 0.4335551514423077 0.18316864903846156 0.46044229326923075 0.19220104807692306 0.4727655673076923 0.17770719951923078 0.4869560024038462 0.17245580528846152 0.4828482451923077 0.15271056009615386 0.4925574903846154 0.1525005048076923 0.4955449495192308 0.1482993894230769 0.4791139182692307 0.13464576201923076 0.4630563221153846 0.14556866346153846 0.4526002115384615 0.15061000240384617 0.4361691802884616 0.15355078365384614
4 0.6064544086538461 0.2825250384615385 0.6161636538461538 0.29911944711538463 0.6191511129807693 0.29974961298076924 0.6340884134615384 0.28273509375 0.6325946826923077 0.27937420192307694 0.6213917091346153 0.2751730865384615 0.6064544086538461 0.27076191346153844 0.5933842692307693 0.2829451490384615 0.6064544086538461 0.2825250384615385
4 0.6045872451923077 0.3068915096153846 0.6109355985576923 0.3014300600961538 0.6105621658653846 0.29176749278846154 0.6034669471153846 0.2831552067307692 0.5791938341346154 0.28651609855769233 0.5724720480769231 0.2896669350961539 0.5765798052884615 0.30058983653846155 0.5724720480769231 0.30857195673076926 0.5866624831730769 0.309202125 0.6045872451923077 0.3068915096153846
7 0.5138431442307693 0.29974961298076924 0.5224320913461539 0.30500100721153844 0.53624909375 0.30647139903846154 0.5470786370192308 0.30100994711538465 0.5519332596153845 0.29470827403846156 0.5556675865384615 0.28630604326923076 0.5493192331730768 0.2695015793269231 0.5388631225961539 0.26488035096153845 0.5216852259615384 0.2644602403846154 0.5093619543269231 0.2695015793269231 0.5086150889423077 0.27496303125 0.5089885216346154 0.28756637740384616 0.5138431442307693 0.29974961298076924
4 0.5078682235576923 0.22412952884615384 0.5033870336538462 0.21782785576923078 0.4944246514423077 0.21761780048076923 0.481354514423077 0.21950830048076925 0.4630563221153846 0.22370941826923077 0.4428909663461538 0.22307925 0.44251753365384616 0.23715298798076923 0.46791094471153843 0.24450493990384617 0.4906903269230769 0.2428244951923077 0.5041338990384616 0.23442226201923078 0.5078682235576923 0.22412952884615384
7 0.3390767259615384 0.21404685096153847 0.34841253846153847 0.22580997596153846 0.3622295408653846 0.2171976875 0.36559043509615385 0.2222390264423077 0.40368055048076923 0.2293809230769231 0.42571306971153844 0.2222390264423077 0.4391566394230769 0.22349936057692307 0.43542231490384614 0.21404685096153847 0.4455049927884615 0.20963568028846155 0.44326439663461537 0.20060328125 0.43542231490384614 0.1976625 0.4077883076923077 0.1901004903846154 0.38351519471153844 0.18926026682692307 0.37007162499999996 0.19136082451923078 0.3364626971153846 0.20606473076923076 0.3390767259615384 0.21404685096153847
7 0.3140567475961538 0.2848356514423077 0.32525972115384616 0.28525576442307693 0.3457985096153846 0.2894568798076923 0.36596386778846157 0.2818948701923077 0.3618561081730769 0.26908146875 0.35214686298076925 0.25311722836538464 0.3457985096153846 0.2535373389423077 0.33198150721153846 0.2537473942307692 0.3196582355769231 0.2644602403846154 0.31144271875 0.2716021370192308 0.3140567475961538 0.2848356514423077
0 0.13443570673076924 0.27748369951923074 0.07393963942307692 0.2686613557692308 0.06086950000000001 0.2968088317307692 0.1377965985576923 0.31046245913461534 0.15161360096153847 0.2816848149038461 0.13443570673076924 0.27748369951923074
13 0.2447980408653846 0.30953918990384616 0.24630914182692307 0.3205891009615385 0.24882763942307692 0.32951403124999995 0.2659534278846154 0.33617231009615384 0.2923976610576923 0.32937236538461534 0.3047383028846154 0.3127974975961539 0.30096055528846155 0.2993392716346154 0.29693095673076925 0.2953726370192308 0.2861014158653846 0.28984768028846153 0.2742644735576923 0.2923976610576923 0.2578942331730769 0.29806428125 0.2447980408653846 0.30953918990384616
8 0.3440268774038462 0.30245591346153844 0.34881202403846157 0.29650596153846154 0.3462935264423077 0.29069767548076925 0.3402491298076923 0.2891393533653846 0.3291677379807692 0.2892810192307692 0.3122937980769231 0.2882893605769231 0.29995315625 0.29466431009615385 0.3070049519230769 0.30330590625 0.3440268774038462 0.30245591346153844
7 0.04558481971153846 0.3152058125 0.01863688701923077 0.31393082211538464 0.0030221971153846154 0.32342241346153844 0.002014798076923077 0.3353223173076923 0.01863688701923077 0.3343306586538462 0.04105152403846154 0.33220567548076924 0.05389586538461539 0.3203057716346154 0.04558481971153846 0.3152058125
6 0.13977665865384614 0.3245557379807692 0.008814745192307693 0.3395722836538461 0.014355439903846154 0.35104719230769227 0.13801371153846154 0.3343306586538462 0.17654673557692308 0.32866403846153847 0.17679858653846156 0.3252640649038462 0.17150973798076924 0.3208724326923077 0.13977665865384614 0.3245557379807692
8 0.1463247548076923 0.3541638341346154 0.1342359639423077 0.3561471514423077 0.13196931490384614 0.35827213461538465 0.14078405769230767 0.3795219639423077 0.14808770432692306 0.3833469326923077 0.14959880288461538 0.3878802307692307 0.15765799759615387 0.3860385793269231 0.15639875 0.38363026442307696 0.16017649759615382 0.3796636298076923 0.15740614903846153 0.37399700721153845 0.1543839495192308 0.3674803942307693 0.1551395 0.36110544471153844 0.15287285096153846 0.3564304807692308 0.1463247548076923 0.3541638341346154
3 0.08789559374999999 0.35515549278846154 0.10980652884615384 0.35784713701923077 0.12869526682692306 0.36195543750000003 0.13146561538461538 0.3564304807692308 0.1327248653846154 0.35388050240384616 0.12617676923076923 0.3527471778846154 0.09746588701923077 0.3455222355769231 0.09091779086538462 0.34722222115384616 0.08789559374999999 0.35515549278846154
8 0.05521672596153847 0.3462025961538462 0.048942098557692305 0.34518296875 0.04224916105769231 0.34557513221153846 0.032628064903846156 0.35184975961538456 0.04768717307692308 0.36384998557692305 0.05884206730769231 0.36314409134615383 0.061630790865384616 0.36871282211538464 0.06874203365384615 0.36730103124999997 0.0681842908653846 0.3637715528846154 0.06400120432692308 0.3596930456730769 0.06637162019230769 0.35804595432692304 0.06372233173076923 0.35271252163461536 0.05521672596153847 0.3462025961538462
2 0.54085578125 0.3830229615384615 0.5565674975961539 0.3824237860576923 0.56668690625 0.37523367788461537 0.5709477091346155 0.3626509927884615 0.5784041153846153 0.3485703677884615 0.5741433125 0.34272840625 0.5688173076923076 0.341080673076923 0.5685510072115385 0.3337407716346154 0.562958701923077 0.3302955144230769 0.5584315985576923 0.3340403605769231 0.555502295673077 0.33793500240384616 0.538459079326923 0.3407810841346154 0.5238125673076923 0.3741851201923077 0.54085578125 0.3830229615384615
7 0.45404190624999996 0.391261625 0.45910161057692306 0.3999496682692308 0.4710851201923077 0.4054920432692307 0.4907913389423077 0.4062410120192308 0.5009107475961538 0.40339492788461534 0.49851404567307694 0.391261625 0.4969162427884615 0.3843711057692308 0.5019759471153846 0.38167481490384614 0.5104975552884615 0.38107563942307693 0.5070356514423077 0.37388553365384614 0.5001118461538462 0.37118924278846155 0.4969162427884615 0.3678937788461539 0.4971825432692307 0.36325016826923073 0.5027748485576923 0.35935552644230767 0.4995792451923077 0.35471191586538464 0.4878620360576923 0.35276459615384614 0.46096571153846155 0.3645983125 0.4628298125 0.3699908918269231 0.4532430048076923 0.37613244230769227 0.4495148004807692 0.3800270817307692 0.45777010817307695 0.3831727548076923 0.45404190624999996 0.391261625
8 0.5054378509615385 0.41597761538461536 0.5115627572115384 0.41597761538461536 0.5136931586538462 0.4129817379807692 0.5182202620192308 0.40788874519230767 0.5176876610576924 0.3980023485576923 0.5150246586538462 0.38766656971153846 0.5131605576923077 0.3822739903846154 0.5088997548076923 0.3807760528846154 0.5006444471153846 0.3813752283653846 0.49878034615384614 0.3848204879807692 0.5001118461538462 0.41013565384615386 0.5043726490384615 0.4128319423076923 0.5054378509615385 0.41597761538461536
10 0.5094323533653846 0.4320055600961539 0.5256766682692308 0.42811091826923076 0.5187528629807692 0.41253235576923075 0.49638364182692307 0.41777514182692305 0.5094323533653846 0.4320055600961539
2 0.11291130048076922 0.3977027620192307 0.11610690384615384 0.39560564663461534 0.12462851201923077 0.39395791346153847 0.13474792067307692 0.38601883894230765 0.13101971634615384 0.3830229615384615 0.11371020192307692 0.3915612115384616 0.10279189182692307 0.39335873798076926 0.07429776682692307 0.4108846225961538 0.08601497596153845 0.41792493509615386 0.11424280288461539 0.40294554807692307 0.11291130048076922 0.3977027620192307
8 0.2649687355769231 0.38497028125 0.25724602884615383 0.3918608004807692 0.26656653846153844 0.3917110048076923 0.2814793509615385 0.3917110048076923 0.2841423533653846 0.38586904326923077 0.2897346586538462 0.3824237860576923 0.29426176201923077 0.37763037980769226 0.2929302620192308 0.3756830600961539 0.28733795673076923 0.3740353269230769 0.2772185480769231 0.3722378004807692 0.27349034375000003 0.37867893750000003 0.2649687355769231 0.38497028125
8 0.27215884375 0.3918608004807692 0.2503222235576923 0.39231018028846154 0.2500559230769231 0.4050426610576923 0.27162624278846154 0.4057916298076923 0.28920205769230767 0.3962048221153846 0.28840315625 0.39141141826923076 0.27215884375 0.3918608004807692
8 0.17495925721153846 0.38017687740384615 0.1808178605769231 0.36864274759615384 0.18960576923076924 0.36175222836538456 0.1722962548076923 0.3548617115384615 0.1597801418269231 0.3731365649038461 0.1616442451923077 0.3804764639423077 0.15924754086538462 0.3902130673076923 0.16483984615384614 0.3903628605769231 0.17495925721153846 0.38017687740384615
7 0.7135002740384616 0.3237929230769231 0.7166936009615384 0.3244177043269231 0.7128060745192308 0.3280882932692308 0.7150275192307693 0.33199317788461535 0.7187762067307693 0.3317588846153846 0.7203034495192308 0.327854 0.7200257692307692 0.320356625 0.7186373653846154 0.31895086778846155 0.7190538870192308 0.3169203269230769 0.7240521370192308 0.31543647115384615 0.7280785048076923 0.31582696153846157 0.7291892283653846 0.3127030528846154 0.7269677836538461 0.31004773317307693 0.71447215625 0.3087200721153846 0.7041979759615384 0.3078609975961539 0.6880925 0.3115315889423077 0.6835107716346154 0.3226214567307692 0.6846214927884616 0.32433960576923077 0.7135002740384616 0.3237929230769231
6 0.0450572235576923 0.3626958221153846 0.03604577884615385 0.35415866346153846 0.014940026442307693 0.36896529567307695 0.05715152884615385 0.3880405096153846 0.07446298798076924 0.38457228846153846 0.08442300721153846 0.3795033509615384 0.0754115625 0.36709779326923075 0.05976010576923077 0.36869850961538464 0.05833724519230769 0.36282921394230766 0.05312009375 0.3632293942307693 0.0450572235576923 0.3626958221153846
4 0.40029785096153847 0.3973780264423077 0.3924721225961539 0.4065821490384615 0.3905749783653846 0.41672002403846153 0.42875504567307693 0.4312598701923077 0.4311264783653846 0.42138878125 0.43634362980769226 0.41591966586538465 0.40029785096153847 0.3973780264423077
7 0.3180091346153846 0.39417659134615385 0.2798290673076923 0.41125090625 0.27627191826923075 0.4193878846153846 0.27769477884615384 0.42912558173076926 0.2831490721153846 0.42912558173076926 0.2942948076923077 0.4321936225961539 0.2912119447115385 0.42152217548076926 0.29808909855769233 0.4244568221153846 0.32583486298076925 0.4273914711538461 0.3483634735576923 0.4243234302884616 0.3794292427884616 0.4177871682692308 0.38559496875000004 0.41591966586538465 0.3905749783653846 0.41365198317307694 0.3908121201923077 0.4059151826923077 0.39934927884615384 0.3972446322115385 0.4104950120192308 0.39617748798076924 0.40598929086538466 0.3907083701923077 0.38393496634615387 0.37990353125000004 0.36164349759615383 0.3795033509615384 0.33935202884615384 0.39551052163461536 0.33223773076923074 0.3957773076923077 0.3180091346153846 0.39417659134615385
7 0.04482007932692308 0.4145857355769231 0.09770303125 0.44740043509615385 0.14110025 0.42258931971153846 0.11430306009615385 0.40538161057692307 0.08869158653846153 0.39564391586538467 0.04482007932692308 0.4145857355769231
2 0.7491356129807692 0.40604857692307694 0.7636013533653846 0.40978358413461535 0.7711899375000001 0.40097963942307696 0.7726127980769231 0.3963108798076923 0.7569613413461538 0.392575875 0.74889846875 0.3920423004807692 0.7387013076923077 0.3905749783653846 0.7339584423076922 0.39310944711538465 0.7451041778846155 0.40031267307692303 0.7491356129807692 0.40604857692307694
8 0.22670897355769232 0.4472670432692307 0.22742040384615383 0.44139774519230773 0.2293175480769231 0.43979702884615385 0.22030610576923076 0.4387298846153846 0.21105751682692306 0.4415311394230769 0.18805461778846155 0.46100653125 0.20062321153846152 0.46727600721153845 0.21935753125000002 0.45527062740384616 0.22196610817307694 0.4512688341346154 0.22670897355769232 0.4472670432692307
0 0.5051151802884616 0.4461998966346154 0.5027437475961538 0.44539953846153846 0.48970086778846156 0.43312737500000004 0.4631408197115385 0.4435320360576923 0.47689512980769233 0.4542034831730769 0.5051151802884616 0.4461998966346154
7 0.9452531033653847 0.46234046153846153 0.9329216538461539 0.4650083245192308 0.9250959254807692 0.46554189663461537 0.9125273317307693 0.4728785168269231 0.9130016177884616 0.4764801298076923 0.9277045 0.4835499639423077 0.9305502187500001 0.47914799278846154 0.9447788173076923 0.48381674999999996 0.9480988221153847 0.48875229326923075 0.9872274639423076 0.49675587980769226 0.9983731971153845 0.49755623798076926 0.9996751129807693 0.4952485384615385 0.9967131947115385 0.4439322139423077 0.9895988966346153 0.4452661466346154 0.9810617379807692 0.4448659663461539 0.9706274326923077 0.4495347259615385 0.9642245649038461 0.45527062740384616 0.9452531033653847 0.46234046153846153
7 0.44203506971153844 0.44286506971153844 0.43871506250000003 0.4392634567307692 0.4306521923076923 0.43913006250000003 0.4185578846153846 0.444199 0.4173721682692308 0.4587388485576923 0.4206921730769231 0.47701370192307696 0.4377664903846154 0.4830163918269231 0.4522322307692308 0.4891524735576923 0.48306085576923075 0.46874332932692303 0.4790294206730769 0.46607546875 0.4688322596153846 0.46127331730769233 0.4636151057692308 0.45727152403846155 0.43895220673076923 0.4466000769230769 0.44203506971153844 0.44286506971153844
8 0.4835351418269231 0.4936878389423077 0.49871231250000003 0.48968604567307694 0.5025066033653846 0.4843503221153846 0.5089094735576923 0.48128228125 0.5141266250000001 0.47914799278846154 0.5148380552884615 0.47607994951923077 0.5065380408653846 0.47741388221153847 0.5020323173076923 0.4786144182692308 0.4873294350961539 0.4786144182692308 0.46574939663461534 0.4868847908653846 0.4496236538461539 0.4936878389423077 0.45270651682692303 0.5012912451923077 0.4643265360576923 0.49969052884615384 0.4835351418269231 0.4936878389423077
8 0.16789743990384617 0.4596726009615385 0.16291743028846153 0.45673795192307687 0.1560402764423077 0.45513723557692304 0.150823125 0.4495347259615385 0.14868883413461537 0.44579971875 0.14252311057692307 0.4444657884615385 0.13944024759615384 0.4409975673076923 0.13564595432692308 0.4389966706730769 0.12639736778846153 0.44059738701923074 0.12189164423076923 0.44740043509615385 0.13161451923076922 0.45460366346153847 0.14702883173076925 0.46780957932692313 0.15864885336538462 0.47061083413461535 0.16339171875 0.4724783365384615 0.16694886778846152 0.4742124471153846 0.17050601682692307 0.4716779783653846 0.16932030048076924 0.46887672355769233 0.1695574423076923 0.46554189663461537 0.16789743990384617 0.4596726009615385
8 0.12236593028846153 0.453403125 0.11809735336538461 0.4527361586538462 0.1183344951923077 0.45620437980769235 0.12948022836538461 0.47047743990384616 0.13446023798076923 0.4766135240384616 0.14181168028846153 0.4796815649038461 0.15153455528846155 0.47447923317307694 0.14560597115384616 0.46834315144230765 0.13683167067307694 0.45940581490384613 0.131377375 0.4548704495192308 0.12473736298076923 0.45527062740384616 0.12236593028846153 0.453403125
8 0.18117746394230771 0.4810154951923077 0.17904317548076923 0.4787478125 0.17880603125 0.4723449447115385 0.17785745673076925 0.47087762019230767 0.17169173317307693 0.4714111923076923 0.1695574423076923 0.4743458413461538 0.16481457692307694 0.4779474543269231 0.1612574278846154 0.49435480528846154 0.1738260216346154 0.49702266586538457 0.17880603125 0.48928586778846156 0.18117746394230771 0.4810154951923077
8 0.1207059278846154 0.4743458413461538 0.11572591826923076 0.4763467355769231 0.12212878846153846 0.4858176466346154 0.13066594471153847 0.49142015624999996 0.14560597115384616 0.4980898100961539 0.15224598317307692 0.4928874807692308 0.1539059879807692 0.49075318990384614 0.14394596875000001 0.4843503221153846 0.13564595432692308 0.4779474543269231 0.12853165625000001 0.4750128052884615 0.1207059278846154 0.4743458413461538
2 0.09367159374999999 0.4763467355769231 0.07920585336538462 0.48341656971153846 0.06734868990384615 0.49021961778846157 0.06592583173076924 0.49462159134615385 0.052171521634615386 0.5018248173076924 0.05644010096153846 0.505826610576923 0.07375156009615384 0.49835659615384614 0.08228871634615385 0.49795641826923076 0.10979733653846153 0.4839501418269231 0.11169448317307692 0.48208263942307694 0.10908590625 0.4796815649038461 0.10529161538461539 0.47688031009615384 0.09983731971153846 0.47487941346153845 0.09367159374999999 0.4763467355769231
2 0.07209155528846153 0.4716779783653846 0.0656886875 0.4763467355769231 0.04932580288461538 0.4846171081730769 0.05406866826923077 0.4906197980769231 0.06450297115384615 0.4915535504807692 0.09343445192307692 0.47474601923076926 0.09438302403846154 0.4732786947115385 0.08987730288461539 0.46887672355769233 0.0856087235576923 0.46687582692307694 0.07920585336538462 0.46847654326923077 0.07209155528846153 0.4716779783653846
2 0.032251485576923075 0.4772804879807693 0.017548603365384614 0.4782142403846154 0.0007114302884615385 0.48288299759615383 0.001422860576923077 0.49008622596153845 0.009485730769230769 0.4882187211538461 0.01565145673076923 0.4895526538461539 0.03794292548076923 0.4879519350961538 0.04007721394230769 0.4840835360576923 0.05904867548076923 0.4803485288461538 0.059285819711538464 0.4754129855769231 0.054305810096153845 0.47514619951923076 0.04482007932692308 0.47714709615384615 0.03699435096153846 0.47781406009615385 0.032251485576923075 0.4772804879807693
10 0.1275830841346154 0.5054264302884616 0.11786020913461538 0.5084944711538462 0.1135916298076923 0.5138301947115385 0.12284021875000001 0.5195660985576923 0.13872881730769232 0.5139635889423076 0.1429973966346154 0.5118293004807692 0.14110025 0.5086278653846154 0.13849167307692306 0.5052930384615385 0.13232594951923077 0.5022249975961539 0.1275830841346154 0.5054264302884616
7 0.38535782451923073 0.49662248798076924 0.3851206826923077 0.5022249975961539 0.37729495432692306 0.5043592860576923 0.3896264038461539 0.5160978774038462 0.4069378629807692 0.5114291201923077 0.4104950120192308 0.4998239206730769 0.4256721826923077 0.49768963221153845 0.41666073798076925 0.48995283173076926 0.3981635625 0.4839501418269231 0.39602927403846155 0.4756797716346154 0.37587209374999997 0.47061083413461535 0.36211778365384617 0.4735454807692308 0.3685206538461539 0.4790145985576923 0.38844068750000005 0.4891524735576923 0.38535782451923073 0.49662248798076924
6 0.2871805096153846 0.6024032091346154 0.3018833918269231 0.6060048245192308 0.3241748605769231 0.6088060793269231 0.36282921394230766 0.5349063052884616 0.3649635024038461 0.5229009254807692 0.3516834807692308 0.5207666370192308 0.33223773076923074 0.5209000288461538 0.32393771634615387 0.5346395192307692 0.2871805096153846 0.6024032091346154
8 0.02371432692307692 0.6052044639423078 0.03248862980769231 0.6104067956730769 0.045531509615384616 0.6098732235576922 0.054305810096153845 0.60547125 0.05904867548076923 0.59279890625 0.057625817307692305 0.5841283557692308 0.0633172548076923 0.5753244110576923 0.06236868269230769 0.5685213653846154 0.0554915264423077 0.5617183173076923 0.055965812499999996 0.5595840264423078 0.054542954326923083 0.5581167019230769 0.050037230769230764 0.5567827716346154 0.04742865625 0.5609179591346154 0.03343720192307693 0.5694551153846154 0.02656004807692308 0.5889305072115385 0.02371432692307692 0.6052044639423078
2 0.08584586538461539 0.5917317620192308 0.09296016586538462 0.5958669495192308 0.1062401875 0.5917317620192308 0.10007446394230769 0.5822608533653846 0.09319730769230769 0.57665834375 0.07446298798076924 0.5706556538461538 0.06711154807692307 0.5706556538461538 0.08584586538461539 0.5917317620192308
2 0.21437752163461538 0.5879967548076923 0.23334898557692307 0.6045375 0.23856613701923074 0.6042707139423077 0.25089758653846156 0.6132080504807692 0.25730045673076923 0.6105401874999999 0.2468661514423077 0.5996019543269231 0.24615472115384615 0.5950665889423077 0.23477184375 0.5878633629807692 0.22196610817307694 0.58426175 0.21437752163461538 0.5879967548076923
2 0.0856087235576923 0.6208114567307692 0.07944299759615385 0.6250800360576924 0.06853440625 0.6282814711538461 0.06497725721153846 0.6316162980769231 0.07185441346153845 0.6329502283653846 0.08537157932692309 0.6289484350961538 0.0960430264423077 0.6294820072115385 0.1335116658653846 0.6182769879807692 0.13564595432692308 0.6137416225961538 0.1337488076923077 0.6096064375 0.1280573701923077 0.6077389326923077 0.12236593028846153 0.6089394711538462 0.11406591586538463 0.6114739399038461 0.10363161298076923 0.6149421610576923 0.09153730528846153 0.6178768076923077 0.0856087235576923 0.6208114567307692
8 0.04695436778846154 0.6546933028846154 0.052171521634615386 0.6553602692307692 0.05288295192307692 0.6537595504807693 0.056677242788461535 0.6545599086538462 0.06260582451923077 0.65269240625 0.060945822115384615 0.6482904350961539 0.056677242788461535 0.6421543509615385 0.05406866826923077 0.6396198822115384 0.05644010096153846 0.635084516826923 0.052171521634615386 0.6328168365384615 0.049800088942307696 0.629081829326923 0.04126293028846154 0.6294820072115385 0.04126293028846154 0.6320164759615385 0.03984006971153846 0.6365518413461538 0.044582935096153846 0.6416207788461539 0.04244864663461538 0.6458893581730769 0.04695436778846154 0.6546933028846154
8 0.016125742788461538 0.638152560096154 0.023240040865384615 0.64255453125 0.03177719951923077 0.640820420673077 0.03533434855769231 0.63748559375 0.04031435817307692 0.6333504086538462 0.04244864663461538 0.6286816490384616 0.045294365384615384 0.6262805745192307 0.04719151201923077 0.6229457451923076 0.049800088942307696 0.6200110985576923 0.04695436778846154 0.6166762716346154 0.0405515 0.6176100216346154 0.03509720432692308 0.6234793197115385 0.025848617788461536 0.6286816490384616 0.02229146875 0.6337505865384615 0.016125742788461538 0.638152560096154
5 0.04126293028846154 0.6420209591346153 0.029168622596153847 0.6420209591346153 0.024188615384615385 0.6453557860576923 0.02774576442307692 0.6492241850961539 0.04150007451923077 0.6505581177884616 0.04482007932692308 0.6508249038461538 0.04126293028846154 0.6420209591346153
2 0.1159630625 0.6504247235576923 0.12165450240384615 0.6533593725961538 0.1266345096153846 0.6461561442307692 0.1309030889423077 0.63748559375 0.1337488076923077 0.6314829038461538 0.12853165625000001 0.6277478966346154 0.1183344951923077 0.6280146826923076 0.11145734134615384 0.6321498701923077 0.1062401875 0.6416207788461539 0.10339446875 0.6488240072115385 0.10410589903846154 0.650958295673077 0.1159630625 0.6504247235576923
8 0.16528886538461537 0.6699001153846154 0.15959742548076922 0.6748356586538461 0.15722599278846155 0.6773701274038462 0.15461741586538463 0.6775035216346155 0.15556599038461538 0.6801713822115385 0.16434029086538463 0.6795044182692307 0.1735888798076923 0.6796378100961539 0.18924033413461538 0.6764363774038462 0.20370607451923076 0.67296815625 0.2115318028846154 0.6703002956730769 0.21176894711538463 0.6665652884615384 0.2086860841346154 0.6634972475961539 0.20370607451923076 0.6616297427884615 0.18592032932692307 0.6664318942307692 0.1709803028846154 0.6690997572115385 0.16528886538461537 0.6699001153846154
2 0.14702883173076925 0.6801713822115385 0.1406259639423077 0.6716342259615384 0.1252116514423077 0.6841731754807692 0.1211802139423077 0.6897756850961538 0.13493452403846154 0.6895088990384616 0.14489454326923076 0.6853737139423076 0.14702883173076925 0.6801713822115385
7 0.14916312259615386 0.6793710240384615 0.16291743028846153 0.6725679759615384 0.16979458653846152 0.6613629567307692 0.16362886057692305 0.6589618822115385 0.15580313221153846 0.6514918677884616 0.14750311778846154 0.6573611634615385 0.13825453125 0.6674990384615385 0.14916312259615386 0.6793710240384615
7 0.03509720432692308 0.712719298076923 0.051222947115384616 0.7037819615384616 0.0554915264423077 0.6961785552884615 0.055254384615384615 0.6841731754807692 0.05572867067307692 0.6741686947115385 0.05288295192307692 0.6689663629807693 0.04648008173076923 0.6669654663461538 0.03818006730769231 0.6660317163461538 0.0348600625 0.6693665432692307 0.016837173076923076 0.6769699495192308 0.004268579326923077 0.6841731754807692 0.0016600024038461538 0.7037819615384616 0.008062870192307692 0.7132528701923077 0.03509720432692308 0.712719298076923
8 0.251371875 0.6892421129807692 0.24520614903846155 0.68817496875 0.24283471634615386 0.6925769423076923 0.24805186778846153 0.6941776586538461 0.2537433076923077 0.6977792716346154 0.26892047596153845 0.7016476706730769 0.3061519711538461 0.7093844711538462 0.3120805528846154 0.7048491057692308 0.3142148413461538 0.7003137403846154 0.31184340865384613 0.6963119471153847 0.30259482211538463 0.6947112307692307 0.28812908173076923 0.6935106923076924 0.27603477403846155 0.6893755072115385 0.2625176081730769 0.6876413966346154 0.251371875 0.6892421129807692
7 0.4965780216346154 0.672834764423077 0.4977637379807692 0.6756360192307693 0.4901751538461539 0.6768365552884615 0.47523512740384616 0.67803709375 0.47642084375 0.6808383485576923 0.4937323028846154 0.6819054927884616 0.5017951754807692 0.6871078245192308 0.5202923509615385 0.6943110504807692 0.5278809350961539 0.6969789134615384 0.5475638269230769 0.6896422932692308 0.5515952620192308 0.6844399615384614 0.544718108173077 0.6801713822115385 0.5475638269230769 0.6799045961538461 0.5300152235576923 0.6775035216346155 0.5200552067307692 0.6740353004807692 0.4996608846153846 0.6709672596153846 0.4965780216346154 0.672834764423077
1 0.43252538461538464 0.6903833653846154 0.43055637500000005 0.6951828221153846 0.4315408798076923 0.7188109158653847 0.39544240384615387 0.7228719951923076 0.34490453605769233 0.7092120024038462 0.3357158317307692 0.7533300841346153 0.4246493533653846 0.7876646586538462 0.46468584375 0.7472384663461539 0.5001279855769231 0.7465000889423077 0.5053786730769231 0.7097657860576922 0.43252538461538464 0.6903833653846154
4 0.18705574278846154 0.7608984591346153 0.17885154326923078 0.7791733125 0.21560635576923076 0.7878492524038462 0.22348238701923076 0.7675438605769231 0.18705574278846154 0.7608984591346153
9 0.02100275 0.7254563173076923 0.01345488701923077 0.7225028052884616 0.001312670673076923 0.7245333461538461 0.0019690072115384617 0.7452079278846154 0.014439389423076923 0.7452079278846154 0.02395626201923077 0.7381933365384616 0.02690977403846154 0.7302557740384615 0.02100275 0.7254563173076923
10 0.022643588942307693 0.7215798341346153 0.022643588942307693 0.7171495649038462 0.02100275 0.7147498365384616 0.012142213942307691 0.7143806490384615 0.001312670673076923 0.7175187548076922 0.003938014423076923 0.7225028052884616 0.022643588942307693 0.7215798341346153
7 0.03806748557692308 0.7267484783653846 0.04922519471153846 0.7343168533653847 0.0718687860576923 0.7258255072115385 0.07613496875 0.712350108173077 0.06268008173076924 0.6983209278846154 0.053491379807692314 0.7058893028846154 0.04463084375 0.7092120024038462 0.034129468749999996 0.7149344326923077 0.04495901201923077 0.7191801057692307 0.03806748557692308 0.7267484783653846
7 0.1270010048076923 0.7800962836538462 0.15358261057692307 0.7625598076923077 0.15948963221153845 0.7516687331730769 0.15784879326923076 0.7463154951923077 0.1611304735576923 0.7404084711538462 0.14866009134615385 0.7298865841346154 0.13323619471153847 0.7322863125 0.12995451682692308 0.7348706370192308 0.115515125 0.7263792908653847 0.10435741346153846 0.7219490216346155 0.0935278701923077 0.7223182115384615 0.0577575625 0.7463154951923077 0.04594351442307692 0.7631135913461539 0.06268008173076924 0.7721587211538462 0.09418420673076923 0.7662516971153847 0.09910672596153845 0.77898871875 0.1270010048076923 0.7800962836538462
8 0.5654334110576923 0.7457617115384616 0.5703559302884615 0.7520379230769231 0.5805291370192308 0.7492690048076922 0.592015016826923 0.7470538725961539 0.6084234158653846 0.7409622548076923 0.6228628052884615 0.7352398245192308 0.6215501346153847 0.7289636129807692 0.6153149423076922 0.7241641562500001 0.6051417355769231 0.7265638846153847 0.5877488341346153 0.7337630697115384 0.5742939471153846 0.7394854975961539 0.5729812740384616 0.7446541442307691 0.5654334110576923 0.7457617115384616
7 0.5531967932692308 0.6800498677884614 0.5487462956730769 0.6706621009615384 0.5514165937500001 0.6517613966346154 0.5287190576923076 0.6429994783653845 0.5175928149038461 0.6311083076923077 0.5006809254807693 0.6323600096153845 0.4995683028846154 0.641372266826923 0.48332398798076925 0.6418729471153846 0.46952744711538463 0.6487573100961538 0.4790960144230769 0.6542648004807692 0.47820591586538463 0.6655301201923076 0.4942277043269231 0.6707872716346154 0.5291641081730769 0.6752933990384615 0.5531967932692308 0.6800498677884614
8 0.036132213942307694 0.9424359182692308 0.040383062500000004 0.9304804062500001 0.03886490144230769 0.9181833076923076 0.035221317307692304 0.9060570048076924 0.02337966826923077 0.9036659014423076 0.014877971153846155 0.9072525552884615 0.013359810096153845 0.9120347596153846 0.016092497596153846 0.9248442379807693 0.01730702644230769 0.9373121274038462 0.02671962019230769 0.9417527451923077 0.036132213942307694 0.9424359182692308
10 0.27235794471153846 0.9338962668269232 0.27387610576923077 0.9274061322115384 0.2462455889423077 0.9260397884615384 0.24746011778846155 0.9349210240384616 0.27235794471153846 0.9338962668269232
7 0.48034589663461535 0.2985462091346154 0.4955275 0.2958135216346154 0.5091909423076924 0.29205607451923077 0.5073691490384615 0.2811253221153846 0.5067618846153846 0.2712193245192308 0.5058509903846153 0.2684866370192308 0.4949202355769231 0.2645583966346154 0.48459674519230767 0.2648999831730769 0.47214783173076924 0.2720732908653846 0.47214783173076924 0.28539514663461535 0.4733623605769231 0.2908605240384615 0.48034589663461535 0.2985462091346154
7 0.18643007692307692 0.19965704807692308 0.1700339471153846 0.1984614951923077 0.15940682451923077 0.19965704807692308 0.1436179591346154 0.22134776201923076 0.16912305048076923 0.22612996634615384 0.17944653846153846 0.2276671033653846 0.17944653846153846 0.22339727884615385 0.18400101923076925 0.22049379567307692 0.18521554807692306 0.2160531778846154 0.1821792283653846 0.20717193990384614 0.18643007692307692 0.19965704807692308
5 0.4089086057692307 0.5424690793269231 0.4089086057692307 0.5364824903846154 0.4085351730769231 0.5351171274038461 0.3965853341346154 0.5343819326923077 0.3922908581730769 0.5403685216346154 0.3939713052884616 0.5463551129807692 0.4089086057692307 0.5424690793269231
13 0.3226456947115385 0.9625806610576924 0.3172309230769231 0.9673069158653846 0.3017334735576923 0.9770745120192307 0.3142434639423077 0.9861069110576923 0.3357158317307692 0.9911482500000001 0.35532104086538463 0.985686798076923 0.35177343028846153 0.9735035625 0.33814314423076924 0.9645761923076923 0.3226456947115385 0.9625806610576924
6 0.6072012716346153 0.8881158846153846 0.6184042475961539 0.8803438197115384 0.6460382548076923 0.8771929831730769 0.6109355985576923 0.8339214903846154 0.5814344278846154 0.8425337764423078 0.5635096682692308 0.8404332187500001 0.5556675865384615 0.8654298581730769 0.5631362355769232 0.8799237067307693 0.6072012716346153 0.8881158846153846
6 0.7069077548076923 0.902609733173077 0.7274465432692309 0.9173136394230769 0.7726318774038461 0.9223549783653847 0.7987721538461539 0.9456711706730769 0.8349951081730769 0.9315974326923077 0.8222984014423077 0.9227750889423076 0.7677772548076922 0.8946276129807693 0.7128826754807692 0.8774030384615384 0.7054140240384614 0.8860153245192308 0.7069077548076923 0.902609733173077
11 0.5666237163461538 0.6520096153846153 0.5743328822115384 0.6455050048076922 0.5473508004807692 0.6281593822115384 0.5440468725961538 0.6253716923076923 0.5346857403846154 0.629088610576923 0.5231219927884616 0.6365224495192308 0.5445975264423077 0.6486024375 0.5666237163461538 0.6520096153846153