8 0.5269898221153846 0.19957300721153848 0.5250911370192308 0.2042142403846154 0.5267524879807692 0.20590196153846152 0.5298378509615385 0.20337037980769232 0.5336352235576923 0.20294844951923074 0.5407552980769231 0.19071247115384615 0.5471633629807692 0.18775895913461538 0.5462140192307692 0.17763263461538464 0.5426539831730769 0.17636684375 0.5386192764423077 0.18269579567307692 0.5281765024038462 0.19408791346153847 0.5269898221153846 0.19957300721153848
1 0.4999335456730769 0.1590677019230769 0.4963735096153846 0.15273874999999998 0.4778613197115385 0.15231681971153846 0.4766746418269231 0.16159928365384615 0.4759626346153846 0.17636684375 0.46243449519230767 0.17763263461538464 0.4415489471153846 0.17256947115384616 0.4349035456730769 0.21940372836538463 0.47002924038461535 0.24218796153846153 0.48403205048076925 0.21096512259615385 0.48996544471153847 0.20379231009615387 0.5008828894230769 0.19493177403846154 0.5034935817307692 0.16497472596153845 0.4999335456730769 0.1590677019230769
9 0.5229551153846154 0.08944921153846154 0.5182083990384615 0.09999746875000001 0.5234297860576923 0.11054572355769231 0.5258031442307692 0.11982818990384615 0.5326858822115385 0.10885800240384615 0.5336352235576923 0.09409044471153846 0.5303125240384615 0.08185446875 0.5288885096153846 0.08312025961538462 0.5229551153846154 0.08944921153846154
8 0.40476190384615385 0.1611773533653846 0.39977785336538463 0.16370893509615386 0.3976418317307692 0.16792823798076922 0.4016765408653846 0.16919402884615384 0.40143920432692304 0.1751010528846154 0.4090339495192307 0.17467912259615387 0.4166286923076923 0.17721070432692307 0.42422343749999997 0.17805456490384616 0.42707146634615384 0.17299140144230768 0.4261221225961539 0.16286507451923077 0.41829004326923075 0.16202121394230767 0.4090339495192307 0.15948963221153845 0.40476190384615385 0.1611773533653846
8 0.38886040865384613 0.12995451682692308 0.38648705048076926 0.12995451682692308 0.3807909927884615 0.1312203076923077 0.3750949350961538 0.1312203076923077 0.3712975625 0.13290802644230768 0.36726285336538467 0.1375492596153846 0.36678818269230773 0.14092470192307693 0.36844953365384614 0.14092470192307693 0.37224690625 0.14640979567307694 0.37485759855769235 0.1451440048076923 0.37984164903846157 0.1438782139423077 0.38648705048076926 0.14219049278846155 0.3893350793269231 0.1396589110576923 0.38886040865384613 0.12995451682692308
8 0.3302384759615385 0.060757954326923075 0.32477975240384616 0.06793076923076923 0.32169438701923075 0.08143253846153847 0.31694767307692306 0.09324658413461538 0.31789701442307694 0.10252905048076923 0.32169438701923075 0.1075922139423077 0.3262037668269231 0.10463870192307692 0.3288144615384615 0.09493430528846154 0.3318998245192307 0.08396411778846155 0.3342731826923077 0.07425972355769231 0.33332383894230766 0.06455532692307692 0.3328491682692307 0.05949216586538461 0.3302384759615385 0.060757954326923075
8 0.36939887499999996 0.003797372596153846 0.3741455913461538 0.012235978365384616 0.3779429639423077 0.01518948798076923 0.38055365625 0.017721069711538463 0.38150300000000004 0.009282466346153847 0.38007898557692305 0.002953512019230769 0.3750949350961538 0.0012657908653846152 0.3677375264423077 0 0.36939887499999996 0.003797372596153846
8 0.3807909927884615 0.02953511778846154 0.3826896778846154 0.02953511778846154 0.38648705048076926 0.016877209134615385 0.38411369230769227 0.014345627403846152 0.3826896778846154 0.017721069711538463 0.37984164903846157 0.025315814903846153 0.3807909927884615 0.02953511778846154
8 0.3658388389423077 0.02573774519230769 0.36750018990384614 0.02995704807692308 0.3710602259615384 0.035442141826923075 0.37485759855769235 0.03291056009615385 0.37462026201923077 0.026581605769230767 0.36987354807692313 0.020252651442307694 0.36536416826923074 0.01518948798076923 0.36299081009615386 0.02405002403846154 0.3658388389423077 0.02573774519230769
2 0.34447862019230774 0.1075922139423077 0.3383078918269231 0.11138958413461539 0.33047581009615384 0.11729660817307692 0.33142515384615384 0.12067205048076923 0.3361718701923077 0.11898432932692307 0.3404439134615385 0.11940625961538462 0.34447862019230774 0.11645274759615386 0.3584814302884615 0.11096765384615384 0.3575320865384616 0.10632642307692307 0.35373471634615383 0.1067483533653846 0.34447862019230774 0.1075922139423077
2 0.3380705552884615 0.07721323557692307 0.3373585480769231 0.08480797836538462 0.33925723317307693 0.09282465384615385 0.34210526201923075 0.09746588701923077 0.3449532932692308 0.10252905048076923 0.34922533653846155 0.10506063221153845 0.3485133293269231 0.09746588701923077 0.3456653004807692 0.08902728124999999 0.3425799350961538 0.07974481730769231 0.3380705552884615 0.07721323557692307
10 0.38055365625 0.18143000480769228 0.3836390216346154 0.18269579567307692 0.38672438701923073 0.17932035576923078 0.3860123798076923 0.1717256105769231 0.3817403365384615 0.17130368028846155 0.3788923052884616 0.1751010528846154 0.38055365625 0.18143000480769228
2 0.34732664903846155 0.12446942307692307 0.3437666129807692 0.1303764471153846 0.34661464182692303 0.1303764471153846 0.3501746802884615 0.13332995673076925 0.35587073798076924 0.12531328365384614 0.35587073798076924 0.1160308173076923 0.35492139423076924 0.1147650264423077 0.3501746802884615 0.11645274759615386 0.34732664903846155 0.12446942307692307
4 0.33569719711538465 0.15695805048076925 0.34115592067307693 0.17467912259615387 0.34613997115384615 0.1751010528846154 0.348988 0.16539665625 0.34708931490384615 0.1611773533653846 0.34613997115384615 0.15105102884615385 0.34305460576923075 0.14303435336538461 0.33569719711538465 0.15695805048076925
7 0.45572718028846154 0.059044550480769224 0.45318459134615385 0.052829336538461544 0.4512776514423077 0.052829336538461544 0.44714594471153846 0.03785631490384615 0.44253750240384615 0.03164109855769231 0.42394482692307695 0.08757804326923077 0.4337973557692308 0.10113851442307692 0.4347508269230769 0.09379325961538461 0.43888253125 0.09040314182692308 0.4430142379807692 0.07853772836538461 0.4480994158653846 0.06893239423076923 0.45572718028846154 0.059044550480769224
7 0.47559115144230774 0.01921066826923077 0.4719361802884615 0.020623216346153845 0.4727307403846154 0.016103060096153844 0.47352529807692306 0.011865413461538462 0.4722540048076923 0.004802665865384615 0.46812229807692307 0.0025425889423076925 0.46891685817307693 0 0.4560450048076923 0.003672627403846154 0.4487350625 0.007345254807692308 0.4515954735576923 0.014125490384615386 0.4495296201923077 0.02570839423076923 0.45779303365384616 0.03022855048076923 0.4581108557692308 0.0341836875 0.46399059134615384 0.044636550480769234 0.4703470625 0.03192361057692308 0.47161835817307696 0.035031216346153846 0.47606788701923075 0.03164109855769231 0.47861047596153844 0.020058197115384615 0.47559115144230774 0.01921066826923077
8 0.3667365889423077 0.013277961538461539 0.369597 0.020623216346153845 0.3746821754807692 0.02147074519230769 0.3762712932692308 0.016950588942307693 0.3753178245192308 0.013560471153846152 0.3692791754807692 0.005085177884615385 0.3667365889423077 0.0025425889423076925 0.36530638221153844 0.006215216346153846 0.3667365889423077 0.013277961538461539
2 0.3567251466346154 0.012995451923076922 0.35450038221153846 0.013842980769230769 0.34862064663461534 0.01921066826923077 0.3428998221153846 0.025143372596153846 0.34083396875000005 0.02881600240384615 0.33527205769230767 0.034748706730769234 0.3357487932692308 0.03926886538461538 0.3387681153846154 0.03785631490384615 0.34369437980769235 0.033901177884615386 0.3475082644230769 0.034748706730769234 0.3503686754807692 0.025990903846153844 0.3549771177884615 0.027120942307692304 0.3586320865384615 0.025425884615384618 0.358791 0.017798117788461538 0.3567251466346154 0.012995451923076922
8 0.26821128846153847 0.363731389423077 0.2678140096153846 0.3806819783653846 0.2678140096153846 0.3990451177884615 0.26940312740384614 0.4046953125 0.26940312740384614 0.41175805769230767 0.2737732019230769 0.41246433413461536 0.2773487163461538 0.3912760961538462 0.27854055528846156 0.37291295913461536 0.2769514375 0.35878746875 0.27218408413461537 0.3559623701923077 0.26821128846153847 0.363731389423077
8 0.2638412163461539 0.21046981490384614 0.2666221706730769 0.2196513822115385 0.26900584855769233 0.23236432451923078 0.2709922451923077 0.2380145216346154 0.2733759206730769 0.2380145216346154 0.2745677596153846 0.23095177644230772 0.2741704807692308 0.22388903125 0.27258136298076924 0.20481961778846153 0.26940312740384614 0.2055258918269231 0.2638412163461539 0.21046981490384614
9 0.2066102764423077 0.1833286923076923 0.20582706730769232 0.19075466346153844 0.2066102764423077 0.19910888221153847 0.20948203846153846 0.20189362259615384 0.21626984134615385 0.2056066081730769 0.2230576442307692 0.19632414423076924 0.22279657451923077 0.1879699254807692 0.21992481249999998 0.1819363221153846 0.21313700961538462 0.17683096634615386 0.2066102764423077 0.1833286923076923
11 0.2037385120192308 0.15269655528846154 0.19773391826923079 0.15316068028846155 0.1891186298076923 0.16337139182692306 0.1867690048076923 0.17497447355769233 0.19277360096153845 0.18750580048076923 0.19564536298076923 0.19168291105769233 0.20191102644230768 0.18611343269230768 0.2081766923076923 0.17590271875000002 0.21104845432692307 0.1675485 0.20739348317307693 0.15965840625 0.2037385120192308 0.15269655528846154
9 0.29824561298076924 0.21164021153846152 0.29746240625 0.20607073317307692 0.29981203125 0.19818063701923078 0.29432957451923075 0.1888981706730769 0.28493107692307695 0.19121878846153845 0.2817982451923077 0.20328599278846154 0.28963032692307694 0.21581732211538462 0.29824561298076924 0.21164021153846152
10 0.26796156971153845 0.1786874591346154 0.2677005024038462 0.17404622596153846 0.26221804567307694 0.1661561298076923 0.25464703365384617 0.1777592139423077 0.25516917307692305 0.1847210625 0.26796156971153845 0.1786874591346154
8 0.20869882932692307 0.12531328365384614 0.20739348317307693 0.12160029807692307 0.1993003341346154 0.12113617307692308 0.19172932211538463 0.12252854326923077 0.1865079375 0.12345679086538461 0.1865079375 0.12624152884615383 0.1899018389423077 0.12995451682692308 0.19616750240384617 0.13738048798076924 0.19747284855769232 0.13088276201923077 0.20112781971153845 0.13088276201923077 0.20452172115384615 0.12949039182692307 0.20869882932692307 0.12531328365384614
8 0.1259398485576923 0.0840063125 0.1282894735576923 0.09189640865384616 0.13455513701923077 0.08122157211538461 0.13638262259615386 0.07193910576923077 0.131683375 0.06636962740384615 0.12855054326923077 0.07518796875 0.1259398485576923 0.0840063125
3 0.12019632451923078 0.07797270913461539 0.12019632451923078 0.08725517548076923 0.12045739423076923 0.09978650240384615 0.12567878125 0.10442773557692307 0.12541771153846154 0.09746588701923077 0.12541771153846154 0.09050403846153846 0.12411236538461538 0.08447043509615385 0.12567878125 0.07936507932692308 0.12019632451923078 0.07797270913461539
7 0.11523600721153845 0.14294996634615384 0.10923141105769231 0.15687366586538462 0.11131996634615385 0.15873015865384615 0.11654135336538461 0.15269655528846154 0.12306808653846153 0.16429963701923075 0.13116123557692308 0.16476376201923076 0.13559941586538463 0.15826603605769232 0.13324979086538463 0.14573470673076924 0.131683375 0.1327392548076923 0.12045739423076923 0.1280980216346154 0.11523600721153845 0.14294996634615384
8 0.1523078533653846 0.14016522836538461 0.14786967307692309 0.1387728581730769 0.14656432692307692 0.15316068028846155 0.1483918125 0.16708437740384616 0.15309106009615386 0.17033324038461536 0.1572681706730769 0.1675485 0.15674603125 0.15965840625 0.15491854567307695 0.1499118173076923 0.15622389423076924 0.14294996634615384 0.15465747596153845 0.134131625 0.1523078533653846 0.14016522836538461
7 0.1859857980769231 0.1243850360576923 0.17867585576923076 0.12763389903846153 0.16927736057692308 0.13784461057692307 0.16771094471153847 0.16012252884615386 0.1724101923076923 0.16847674759615383 0.17580409375 0.168012625 0.1831140360576923 0.15965840625 0.19172932211538463 0.15408892548076925 0.19251253124999998 0.13598811778846154 0.1859857980769231 0.1243850360576923
8 0.15152464423076922 0.13645224278846155 0.15544068509615386 0.13459574759615384 0.1572681706730769 0.134131625 0.16379490384615383 0.1327392548076923 0.16823308173076923 0.1304186394230769 0.17032163701923078 0.12206442067307692 0.1690162908653846 0.12206442067307692 0.16431704326923077 0.12160029807692307 0.1583124471153846 0.1243850360576923 0.14969715865384614 0.12949039182692307 0.1483918125 0.13505987259615385 0.15152464423076922 0.13645224278846155
8 0.14943609134615385 0.08725517548076923 0.1507414375 0.09236053125 0.15622389423076924 0.09700176442307692 0.16144527884615384 0.10257124278846154 0.16510025 0.09746588701923077 0.16196741826923075 0.09003991346153846 0.15752924038461538 0.08539868269230769 0.15256892307692307 0.08447043509615385 0.14943609134615385 0.08725517548076923
11 0.19747284855769232 0.06497725721153846 0.1932957403846154 0.052445930288461534 0.17841478605769232 0.059871901442307696 0.16875522115384617 0.06544138221153846 0.16927736057692308 0.07379560096153846 0.1713659158653846 0.08354218990384615 0.17737050961538461 0.08307806490384614 0.18363617307692306 0.0770444639423077 0.18781328365384614 0.08168569471153846 0.1940789471153846 0.07472384615384615 0.19277360096153845 0.07008261298076923 0.19747284855769232 0.06497725721153846
8 0.19512322596153847 0.047340574519230766 0.19747284855769232 0.04966118990384615 0.20138888942307692 0.0505894375 0.20347744471153847 0.03991460096153846 0.20269423557692307 0.032024504807692304 0.19721177884615385 0.033416875 0.19512322596153847 0.047340574519230766
8 0.17763157932692308 0.041306971153846156 0.17789264903846155 0.047340574519230766 0.18285296634615383 0.0501253125 0.19120718509615384 0.048268819711538465 0.19486215625 0.04223521875 0.19434001682692306 0.03805810817307692 0.18937969951923075 0.033880997596153845 0.1831140360576923 0.03805810817307692 0.17763157932692308 0.041306971153846156
2 0.2577798653846154 0.15362480288461539 0.26039056009615386 0.14480646153846155 0.2522974110576923 0.14294996634615384 0.2522974110576923 0.15408892548076925 0.2577798653846154 0.15362480288461539
8 0.29145781009615385 0.07518796875 0.2880639086538462 0.08725517548076923 0.2823203846153846 0.10628422836538462 0.28258145432692305 0.11556669471153845 0.28545321634615384 0.12252854326923077 0.29067460336538464 0.12299266586538461 0.2948517115384615 0.10999721634615385 0.2979845456730769 0.09421702403846154 0.2990288221153846 0.08307806490384614 0.29145781009615385 0.07518796875
2 0.28362573076923075 0.05940777884615385 0.2880639086538462 0.05801540865384615 0.28936925721153844 0.052445930288461534 0.29432957451923075 0.044555834134615384 0.2979845456730769 0.03620161538461539 0.3008563076923077 0.02552678125 0.29641812980769233 0.02413441105769231 0.29250208894230767 0.033416875 0.2883249783653846 0.03434512259615385 0.2841478701923077 0.04269934134615384 0.27892648317307694 0.05569479326923077 0.28362573076923075 0.05940777884615385
7 0.15387426923076925 0.04037872355769231 0.1449979110576923 0.04223521875 0.1410818701923077 0.044555834134615384 0.13925438701923076 0.05708716346153846 0.1489139519230769 0.06869024278846153 0.1523078533653846 0.0575512860576923 0.16040100240384614 0.0501253125 0.16275062740384616 0.04223521875 0.1583124471153846 0.041771093749999995 0.15387426923076925 0.04037872355769231
13 0.13847117788461538 0.8702311346153846 0.13559941586538463 0.8744082427884615 0.134033 0.8846189543269231 0.134033 0.8994708990384616 0.13559941586538463 0.9008632692307692 0.14029866346153846 0.8994708990384616 0.1434314951923077 0.89761440625 0.14708646634615385 0.8864754471153845 0.14813074278846153 0.8744082427884615 0.14656432692307692 0.8683746394230769 0.13847117788461538 0.8702311346153846
13 0.2773600673076923 0.9556298149038462 0.27605472115384616 0.9495962139423076 0.26926691826923077 0.939849625 0.26195697596153844 0.9421702403846154 0.26091269951923074 0.9533091995192307 0.26535087740384616 0.9598069254807692 0.26796156971153845 0.9574863076923077 0.27187761057692306 0.9602710480769231 0.2765768581730769 0.9602710480769231 0.2773600673076923 0.9556298149038462
7 0.32127448557692306 0.1572177019230769 0.3220412620192308 0.15108348557692308 0.3225524471153846 0.13972382451923077 0.3169294158653846 0.13654311778846154 0.31373451201923075 0.13881505048076923 0.3060667403846154 0.1390422451923077 0.2966098221153846 0.15426418990384613 0.2963542307692308 0.16471507692307694 0.2906034014423077 0.17289403365384615 0.2943094927884615 0.18084579567307693 0.29942133894230766 0.1833449206730769 0.301593875 0.17880105528846152 0.2985267668269231 0.17493877163461538 0.29942133894230766 0.16971332692307695 0.3008270961538461 0.1747115793269231 0.30466098317307694 0.1774378966346154 0.30491657451923077 0.18016421634615384 0.3088782572115385 0.1774378966346154 0.3136067139423077 0.17266683894230767 0.3183351730769231 0.16903174759615383 0.32127448557692306 0.1572177019230769
8 0.2891976442307692 0.05975181490384615 0.28280783653846153 0.06088778125 0.2848525745192308 0.06634041826923077 0.2897088293269231 0.06247813221153846 0.29443728846153844 0.06293251923076923 0.29712100721153845 0.06270532692307693 0.3063223317307692 0.05952462019230769 0.3116897716346154 0.05907023557692308 0.3128399375 0.057934269230769234 0.31258434615384617 0.0522544375 0.30696131249999997 0.054071983173076925 0.29712100721153845 0.054526370192307695 0.29507626923076924 0.05520794951923077 0.29456508413461535 0.05816146153846154 0.2891976442307692 0.05975181490384615
2 0.3240860024038461 0.026808798076923077 0.32907005288461544 0.025445639423076923 0.3337985120192308 0.023173706730769232 0.3354598629807692 0.020901774038461537 0.33763239663461536 0.01908423076923077 0.3368656201923077 0.015221944711538461 0.32932564423076927 0.015903524038461538 0.32063550480769226 0.01862984375 0.31705721153846156 0.02022019471153846 0.3171850072115384 0.025218447115384617 0.3185907668269231 0.02703599278846154 0.3240860024038461 0.026808798076923077
2 0.3534791225961538 0.01317720673076923 0.3524567548076923 0.011132466346153846 0.3467059254807693 0.012268432692307691 0.3412106899038462 0.016585103365384615 0.33814358173076925 0.021128968749999998 0.33699341586538456 0.024991252403846156 0.3349486778846154 0.025218447115384617 0.33200936538461534 0.02908073076923077 0.33405410336538466 0.03135266346153846 0.33750460096153845 0.02794476442307692 0.34018831971153846 0.027490377403846154 0.34440559375 0.022946514423076922 0.3488784615384616 0.01885703605769231 0.3534791225961538 0.01317720673076923
7 0.34696151923076923 0.1799370216346154 0.3389103581730769 0.17402999759615384 0.3313703846153846 0.17834667067307694 0.3240860024038461 0.1872072043269231 0.3147568798076923 0.2008387980769231 0.30977282932692307 0.21310723076923077 0.3107951995192308 0.23037391346153846 0.3197409326923077 0.23628093749999998 0.32855886778846155 0.2401432235576923 0.3346930841346154 0.24809498557692308 0.34530016826923077 0.2435511201923077 0.3534791225961538 0.2319642668269231 0.3573130096153846 0.21151687740384617 0.35258455048076925 0.18947913701923078 0.34696151923076923 0.1799370216346154
7 0.3146290841346154 0.18379930769230768 0.3106674038461538 0.1842536923076923 0.3087504591346154 0.18947913701923078 0.3078558870192308 0.19788528605769232 0.30964503365384616 0.2085633653846154 0.31450128846153846 0.19856686538461538 0.3193575432692307 0.1935686153846154 0.3244693894230769 0.1833449206730769 0.31871856249999997 0.18379930769230768 0.3146290841346154 0.18379930769230768
10 0.3033830216346154 0.181527375 0.3012104855769231 0.18470807932692307 0.29967693028846154 0.19243264903846152 0.3035108173076923 0.19674931971153847 0.30478877884615385 0.19674931971153847 0.30721690625 0.19152387499999998 0.3082392764423077 0.18448088701923077 0.30683351682692306 0.181527375 0.3033830216346154 0.181527375
8 0.19986811538461538 0.05861584855769231 0.19501186057692307 0.060433394230769225 0.19156136298076923 0.06543164423076922 0.1947562668269231 0.07315621394230769 0.19628982211538462 0.07247463461538461 0.2015294639423077 0.06906673557692308 0.20561894230769232 0.06315971153846153 0.20408538942307694 0.057707074519230774 0.19986811538461538 0.05861584855769231
8 0.17124176923076923 0.014767557692307691 0.17686480288461537 0.010223694711538462 0.18005970673076924 0.006134216346153846 0.18120987259615384 0.003862283653846154 0.17929293028846155 0 0.17533124759615384 0.0004543870192307692 0.16766347596153847 0.0070429903846153845 0.16651331009615383 0.01363159375 0.16689669951923078 0.016812298076923075 0.17124176923076923 0.014767557692307691
8 0.15935672596153846 0.02567283173076923 0.16191264903846153 0.019765810096153844 0.16395738701923077 0.014767557692307691 0.16510755288461537 0.007270182692307692 0.16306281490384616 0.005225444711538462 0.16101807451923078 0.007497375 0.15820656009615386 0.012722819711538462 0.15705639423076923 0.019311423076923077 0.15897333653846155 0.022946514423076922 0.15654520913461537 0.019765810096153844 0.15641741346153845 0.022719322115384615 0.1553950432692308 0.02635441346153846 0.157695375 0.02908073076923077 0.15935672596153846 0.02567283173076923
8 0.14146525961538461 0.008860536057692308 0.14785506971153844 0.009769307692307692 0.15347810096153847 0.009542115384615385 0.1585899471153846 0.0077245697115384615 0.15820656009615386 0.0034078990384615385 0.15731198557692305 0.0009087740384615384 0.15168895432692306 0.0004543870192307692 0.14172085096153847 0.0015903533653846154 0.14146525961538461 0.008860536057692308
7 0.23884594951923077 0.02794476442307692 0.23360630528846155 0.015903524038461538 0.22299922355769233 0.01317720673076923 0.22146566826923075 0.009087728365384616 0.21571484134615385 0.010905274038461539 0.20983621634615385 0.026581605769230767 0.2054911466346154 0.04066758413461539 0.21226434375 0.054071983173076925 0.2218490576923077 0.06111497355769231 0.22696090384615383 0.05997900721153847 0.23450087980769233 0.0522544375 0.24101848557692307 0.03998600480769231 0.23884594951923077 0.02794476442307692
7 0.19539524759615384 0.089514125 0.20357420432692308 0.09292202163461538 0.21251993509615386 0.09042289663461538 0.21686500721153848 0.08746938461538462 0.22287142788461536 0.08815096634615385 0.22504396153846157 0.08587903365384617 0.22376600000000002 0.07156586057692307 0.22517175721153848 0.06202374519230769 0.2167372091346154 0.06543164423076922 0.20804706971153844 0.0711114735576923 0.1989735408653846 0.0831527139423077 0.19539524759615384 0.089514125
5 0.17085838221153848 0.1083711610576923 0.17239193509615386 0.11268783173076923 0.17456447115384616 0.10950712740384616 0.17635361778846154 0.10405449038461538 0.17545904326923076 0.10405449038461538 0.17251973076923077 0.10496326201923077 0.17085838221153848 0.1083711610576923
5 0.19232813942307692 0.09451237500000001 0.1920725480769231 0.10019220432692308 0.1943728798076923 0.10382729807692306 0.19616202403846156 0.10110097836538462 0.19833456009615386 0.09723869471153845 0.19756778365384614 0.09542114903846154 0.19526745192307693 0.09428518269230769 0.19232813942307692 0.09451237500000001
5 0.17545904326923076 0.10246413701923077 0.17865394951923078 0.10064659134615385 0.17545904326923076 0.09042289663461538 0.17213634374999998 0.09019570432692309 0.17213634374999998 0.09587553365384616 0.1702194014423077 0.10360010336538461 0.17124176923076923 0.10450887740384615 0.17545904326923076 0.10246413701923077
8 0.18670510817307692 0.09337640865384615 0.183638 0.0970115 0.18338240625 0.1042816826923077 0.18005970673076924 0.1154141514423077 0.18325461057692308 0.11632292307692307 0.18491596153846152 0.11336941105769231 0.18759968028846152 0.10541764903846153 0.1899000120192308 0.09882904567307692 0.18849425480769233 0.0970115 0.18670510817307692 0.09337640865384615
4 0.4299528052884615 0.25021943990384615 0.4350825889423077 0.24166980048076925 0.43796809375 0.2354000673076923 0.4277085264423077 0.23369013942307693 0.42065507211538467 0.23995987259615384 0.41744895913461544 0.24565963221153847 0.4216169086538461 0.24907948798076923 0.4299528052884615 0.25021943990384615
6 0.14086687259615385 0.07223942307692308 0.13613691105769232 0.07835492788461539 0.13678190625 0.08638153125 0.14215686298076924 0.08752818990384616 0.1473168221153846 0.08103046394230769 0.15011179807692307 0.07338607932692308 0.1490368076923077 0.07071054567307691 0.14452184375000002 0.06765279326923077 0.14086687259615385 0.07223942307692308
3 0.23062865384615383 0.1343636875 0.22814849519230768 0.13738048798076924 0.23036758653846154 0.14016522836538461 0.23363095192307692 0.14341409134615385 0.23911340865384614 0.13993316586538462 0.24224624038461537 0.13482781009615386 0.23976608173076921 0.13227513221153847 0.23611111057692308 0.13088276201923077 0.23454469471153847 0.13297131730769232 0.23062865384615383 0.1343636875
6 0.22188283173076923 0.14573470673076924 0.22501566346153845 0.14225378365384617 0.2244935264423077 0.13738048798076924 0.21692251442307692 0.13250719471153846 0.21692251442307692 0.13645224278846155 0.2160087716346154 0.13993316586538462 0.21861946634615384 0.14689501442307693 0.22188283173076923 0.14573470673076924
5 0.22096908894230768 0.11974380528846154 0.2217522980769231 0.11765525 0.22096908894230768 0.10930103125 0.21848893028846156 0.10767659855769231 0.2179667908653846 0.1104613389423077 0.2179667908653846 0.11487050961538461 0.21875 0.11904761778846154 0.22096908894230768 0.11974380528846154
4 0.2627401826923077 0.09769794951923078 0.26221804567307694 0.09166434615384615 0.26117376682692306 0.08795136057692308 0.2583020048076923 0.08980785336538462 0.2549081033653846 0.08887960576923078 0.25255847836538464 0.08586280528846155 0.2483813701923077 0.08214981971153847 0.24707602403846154 0.08725517548076923 0.24825083653846153 0.09375290144230769 0.24929511298076923 0.1004826875 0.25046992548076924 0.10883690625 0.2550386394230769 0.1104613389423077 0.25817147115384614 0.11208576923076922 0.2627401826923077 0.11022927644230769 0.2627401826923077 0.10628422836538462 0.2627401826923077 0.09769794951923078
7 0.2648287379807692 0.05708716346153846 0.26130430288461537 0.05407036057692308 0.2601294903846154 0.05847953125 0.2583020048076923 0.05940777884615385 0.25386382692307696 0.059871901442307696 0.2543859639423077 0.06776199759615385 0.25621344951923075 0.07031467548076922 0.2607821634615385 0.07565209375000001 0.26404553124999997 0.07658033894230769 0.2667867596153846 0.07263529326923077 0.2678310360576923 0.06799406009615384 0.26691729326923075 0.0659055048076923 0.2648287379807692 0.05708716346153846
7 0.1959064326923077 0.030864197115384615 0.2020415625 0.030864197115384615 0.2036079783653846 0.02877564182692308 0.20347744471153847 0.020885548076923076 0.20582706730769232 0.018796992788461538 0.2088293653846154 0.013227514423076923 0.21104845432692307 0.004177110576923077 0.20935150480769232 0.0006961850961538462 0.20621867067307692 0.0002320625 0.20439118509615384 0.0030168004807692305 0.19995300721153847 0.0009282475961538462 0.1947316201923077 0.0034809254807692306 0.18885756009615384 0.011603081730769231 0.1870300745192308 0.02343822596153846 0.18428884615384614 0.03527336778846154 0.1875522139423077 0.03179244471153846 0.19016290625 0.03132831971153846 0.19447055048076922 0.03457718269230769 0.1959064326923077 0.030864197115384615
8 0.18822710576923077 0.08450499759615385 0.18725503846153846 0.08156719711538461 0.18492207932692306 0.07983907692307693 0.18307515144230768 0.08294968990384616 0.17928409134615386 0.0910718485576923 0.17811761298076922 0.09729307451923078 0.1794785048076923 0.10213180769230769 0.1810338125 0.10126774759615385 0.18307515144230768 0.09625620432692307 0.18521369951923078 0.09262715384615385 0.18686621153846156 0.08830685817307692 0.18822710576923077 0.08450499759615385
5 0.15232793509615383 0.02018524278846154 0.15546385576923075 0.020569723557692307 0.15751842548076922 0.014225790865384615 0.15589639903846153 0.012495627403846153 0.15254420673076924 0.010765463942307691 0.151679125 0.013649069711538462 0.15232793509615383 0.02018524278846154
7 0.7119534951923078 0.12118774278846155 0.7052817235576924 0.11860928125 0.6997702596153845 0.12428189903846154 0.697449641826923 0.13459574759615384 0.7009305673076922 0.14748806250000002 0.7093428004807693 0.15109790865384615 0.7142741105769231 0.1454252908653846 0.7148542644230769 0.13459574759615384 0.7168848052884615 0.13768990384615384 0.7165947283653846 0.12582897596153847 0.7119534951923078 0.12118774278846155
8 0.2623315528846154 0.1203491826923077 0.26487414182692304 0.11808910336538461 0.2701182307692308 0.11441647596153846 0.2769514375 0.10283357451923078 0.27615687740384615 0.1008560048076923 0.27107170192307695 0.10339859375 0.2669399951923077 0.10650620192307692 0.26169590625 0.11130886778846152 0.2599478774038462 0.11724157451923077 0.2623315528846154 0.1203491826923077
11 0.30539664423076923 0.11159137740384616 0.30714467307692306 0.11724157451923077 0.31143529086538463 0.11921914182692307 0.3179506730769231 0.11724157451923077 0.32033435096153845 0.11130886778846152 0.3208110865384616 0.10791875 0.3171561153846154 0.1025510625 0.3147724375 0.10170353365384616 0.3085748798076923 0.10396361298076923 0.30539664423076923 0.11159137740384616
7 0.14998093028846154 0.1206316923076923 0.15713196153846154 0.12204424038461538 0.16746122596153848 0.11837161298076923 0.16952707932692307 0.11130886778846152 0.1644419014423077 0.1107438485576923 0.15697304807692308 0.11130886778846152 0.15506610817307692 0.10565867067307691 0.14632595913461538 0.10368110336538461 0.14203534134615386 0.10904878846153847 0.13679125240384615 0.11356894711538461 0.1325006346153846 0.11865412259615385 0.12884566586538462 0.13164957451923076 0.13170607692307693 0.13249710336538462 0.13424866586538461 0.14068988942307692 0.13583778365384616 0.14408000721153846 0.14155860576923077 0.14266745673076925 0.1398105769230769 0.13673475240384614 0.13869819471153846 0.12797694711538463 0.1428299014423077 0.12317428125 0.14998093028846154 0.1206316923076923
8 0.42517278125 0.05189742067307693 0.4230367596153846 0.045990396634615384 0.4218500793269231 0.042614954326923075 0.41686602884615387 0.04683425721153846 0.41923938701923075 0.053163211538461534 0.4220874158653846 0.05358514182692308 0.42446077403846155 0.06202374519230769 0.42730880288461537 0.06371146634615385 0.42920748798076924 0.07004042067307692 0.43015683173076924 0.06582111778846154 0.4296821610576923 0.06160181730769231 0.4282581442307692 0.05949216586538461 0.42659679567307696 0.054007072115384615 0.42517278125 0.05189742067307693
6 0.1509344014423077 0.02486086298076923 0.1482329014423077 0.026555923076923078 0.1482329014423077 0.032771139423076925 0.1483918125 0.04039890384615385 0.15125222596153848 0.03955137500000001 0.15331807692307692 0.03870384615384615 0.1557017548076923 0.03672627644230769 0.1558606658653846 0.03305364903846154 0.15490719471153847 0.027403451923076923 0.1544304591346154 0.023448314903846152 0.15284134134615385 0.022318276442307692 0.1509344014423077 0.02486086298076923