1 0.15147345432692308 0.6957774326923077 0.12089592067307693 0.7452270384615385 0.2260061923076923 0.7527519783653845 0.22791728846153847 0.7688768485576923 0.26040591586538464 0.7742518052884615 0.3272942716346154 0.7613519086538462 0.3311164615384615 0.7140522884615385 0.2852501634615385 0.6936274519230768 0.2890723533653846 0.6656776754807693 0.2737835865384616 0.6613777091346154 0.16485112500000002 0.6699776394230769 0.15147345432692308 0.6957774326923077
8 0.48209303125 0.4420794639423077 0.45753272115384613 0.43504594711538463 0.4419600192307692 0.43455452403846156 0.3953402019230769 0.4285192139423077 0.3865382403846154 0.4367045072115384 0.38462714423076927 0.4453044375 0.4209379663461539 0.4496044038461538 0.4533556105769231 0.4533208028846154 0.47827084134615383 0.4485294110576923 0.48209303125 0.4420794639423077
7 0.1896953701923077 0.5259287932692308 0.20319316826923076 0.5172827908653846 0.20597790865384613 0.5013575600961538 0.1628144423076923 0.4833437764423077 0.10897614423076923 0.47159565625 0.09366007692307693 0.46976817067307697 0.07120743028846153 0.4743292043269231 0.061651951923076924 0.4990540072115385 0.052353105769230766 0.522243108173077 0.08840729326923077 0.5356037139423078 0.14191797596153846 0.5495786033653846 0.16884804567307693 0.5444340024038461 0.17720226442307693 0.5332080192307692 0.1896953701923077 0.5259287932692308
9 0.13045140144230769 0.4463794278846154 0.16102893509615385 0.4399294807692308 0.16676222115384617 0.4238046105769231 0.14956235817307692 0.41090471153846153 0.12280701682692308 0.41305469471153844 0.11325153846153846 0.4302545576923077 0.13045140144230769 0.4463794278846154
9 0.11325153846153846 0.29265565865384613 0.12471811298076922 0.2980306153846154 0.1461060048076923 0.3016395144230769 0.16095794951923076 0.29746240625 0.16606330528846153 0.2844089399038462 0.15585259375 0.2737050961538462 0.14053652644230769 0.26978905528846153 0.11516263461538462 0.27438080528846154 0.11325153846153846 0.29265565865384613
2 0.7433398317307692 0.6900584783653846 0.7509205120192307 0.6912768028846153 0.7812432307692307 0.6918859639423077 0.7888239110576923 0.6827485384615385 0.78449209375 0.6730019495192308 0.7671648245192307 0.6723927884615384 0.7400909687499999 0.6723927884615384 0.7325102884615385 0.6790935673076923 0.7433398317307692 0.6900584783653846
7 0.6742782884615385 0.893222639423077 0.6738141658653846 0.9081035913461538 0.6747424110576923 0.9237677524038461 0.6817042596153846 0.9282059302884615 0.6937714663461538 0.9237677524038461 0.7072310408653847 0.9062761057692307 0.7002691923076922 0.8880012524038462 0.6840248774038462 0.8822577283653845 0.6770630288461538 0.8840852139423077 0.6742782884615385 0.893222639423077
0 0.780562516826923 0.90340434375 0.777777778846154 0.9099310769230768 0.77684953125 0.9167188798076923 0.7740647908653846 0.9232456129807692 0.7875243653846155 0.9282059302884615 0.7930938461538461 0.9232456129807692 0.7977350793269231 0.9203738509615385 0.8005198173076923 0.9036654134615384 0.7838113798076923 0.8958333341346154 0.7773136538461538 0.8987050961538461 0.780562516826923 0.90340434375
7 0.48445187019230773 0.9214181298076922 0.47563352884615384 0.9172410192307693 0.45985333653846155 0.9193295745192308 0.44592963942307695 0.9245509615384615 0.43850366586538464 0.9279448629807692 0.43664717307692313 0.9383876346153847 0.4296853245192308 0.955357141826923 0.44500139182692305 0.9626670841346154 0.45381973557692307 0.9650167091346155 0.46959992548076923 0.9650167091346155 0.48213125480769226 0.9605785288461538 0.4960549519230769 0.9548350048076923 0.4997679375 0.9391708437499999 0.4946625817307692 0.9305555552884616 0.48445187019230773 0.9214181298076922
6 0.42225935336538456 0.9822472860576923 0.4213311057692308 0.9908625721153845 0.42597233894230774 0.9971282379807692 0.4375754206730769 0.9960839591346153 0.4426807764423077 0.9885129495192307 0.44592963942307695 0.9798976610576923 0.449642625 0.9663220552884616 0.44453726923076925 0.9629281538461538 0.4292212019230769 0.9574456971153846 0.4255082139423077 0.9618838774038461 0.42457996875000004 0.9718045120192307 0.42225935336538456 0.9822472860576923
11 0.41715399519230767 0.7809628245192308 0.4380395432692307 0.78174603125 0.45381973557692307 0.7814849615384615 0.4719205432692308 0.7707811201923077 0.4733129110576923 0.7637322475961539 0.4547479807692308 0.7574665841346153 0.4408242836538462 0.7616436923076922 0.43247006490384615 0.7694757740384616 0.41715399519230767 0.7809628245192308
7 0.39766081971153844 0.7347535504807692 0.38420124278846157 0.7368421057692308 0.382808875 0.7462406009615384 0.3869859831730769 0.7579887211538462 0.38327299759615385 0.7686925649038462 0.3818806274038461 0.7746971586538461 0.3753829014423077 0.7783521298076923 0.37445465624999996 0.7809628245192308 0.38420124278846157 0.7793964086538462 0.3939478317307692 0.7760025072115385 0.41158451682692304 0.7731307427884615 0.43247006490384615 0.7681704254807692 0.43571892788461536 0.7624269014423077 0.43664717307692313 0.7532894735576924 0.4408242836538462 0.7462406009615384 0.43711129567307694 0.738147451923077 0.4292212019230769 0.731098579326923 0.40462266826923077 0.7297932331730769 0.39766081971153844 0.7347535504807692
7 0.38512949038461536 0.7512009182692307 0.3777035192307692 0.7498955721153846 0.3688851754807692 0.7431077692307693 0.3591385865384616 0.7378863822115385 0.34985612259615384 0.738147451923077 0.35078436778846156 0.743629908653846 0.348927875 0.75067878125 0.3442866418269231 0.7585108605769231 0.3410377788461538 0.76268796875 0.3456790120192308 0.7666040096153846 0.3345400528846154 0.7686925649038462 0.3350041778846154 0.7739139519230769 0.34475076682692307 0.779918545673077 0.348927875 0.7820071009615385 0.3582103413461538 0.7830513774038461 0.36795693028846155 0.7749582283653846 0.3688851754807692 0.7705200504807692 0.3809523822115385 0.7647765240384616 0.38420124278846157 0.7629490384615385 0.38512949038461536 0.7512009182692307
7 0.30344379567307694 0.8300438605769231 0.3099415216346154 0.8342209687500001 0.32340109615384616 0.8336988293269231 0.32943469711538464 0.8308270673076923 0.3345400528846154 0.8216896418269232 0.33918128605769227 0.8130743533653846 0.3396454086538461 0.8060254807692308 0.33175531490384613 0.7994987475961538 0.3210804783653846 0.7927109447115386 0.31319038221153844 0.7861842115384616 0.30622853365384617 0.7809628245192308 0.29462545192307693 0.7838345865384616 0.28395061778846153 0.7895781129807692 0.28395061778846153 0.7955827067307693 0.2779170144230769 0.7994987475961538 0.26724218028846153 0.8015873004807692 0.26677805528846155 0.8083751033653847 0.2765246442307692 0.8154239759615384 0.28163 0.8201232259615385 0.28163 0.8250835432692308 0.29276895913461537 0.8256056802884615 0.30344379567307694 0.8300438605769231
8 0.2612085769230769 0.8326545528846154 0.26863455048076923 0.8370927307692307 0.2769887692307692 0.8412698413461539 0.28487886298076925 0.8420530504807692 0.2923048365384615 0.8404866322115385 0.2969460697115385 0.8318713461538461 0.2876636033653846 0.8276942355769231 0.27466815144230766 0.8229949879807692 0.2658498100961538 0.8177736009615385 0.2570314663461538 0.8133354230769231 0.24821312499999998 0.8135964903846153 0.23800241346153847 0.8109857980769231 0.2328970576923077 0.8149018389423077 0.23707416586538463 0.8214285721153847 0.23939478365384614 0.8253446105769231 0.24635663221153845 0.8269110264423076 0.2542467283653846 0.8292606514423077 0.2612085769230769 0.8326545528846154
6 0.3554256009615384 0.8070697572115384 0.34939199759615386 0.8190789471153846 0.3563538485576923 0.8219507091346153 0.37120579326923075 0.8214285721153847 0.3753829014423077 0.8201232259615385 0.38605773798076926 0.8196010865384615 0.40137380528846156 0.816990391826923 0.3967325721153846 0.8075918966346154 0.3837371201923077 0.8052422716346155 0.36934929807692307 0.8062865504807692 0.36377981971153844 0.8034147860576923 0.3554256009615384 0.8070697572115384
6 0.41204863942307696 0.7726086057692307 0.43200593990384617 0.7676482884615384 0.4338624326923077 0.7598162067307693 0.41947461298076927 0.7608604855769231 0.39998143509615386 0.7642543870192308 0.3934837091346154 0.7736528822115385 0.39719669471153846 0.7746971586538461 0.41204863942307696 0.7726086057692307
4 0.2890559735576923 0.8404866322115385 0.2844147403846154 0.8451858822115385 0.2779170144230769 0.8498851298076923 0.27002691826923075 0.8587614879807692 0.27606052163461536 0.8660714278846153 0.28952009615384616 0.8605889735576924 0.3029796706730769 0.8524958221153847 0.3001949326923077 0.8498851298076923 0.29323308173076923 0.844402673076923 0.2890559735576923 0.8404866322115385
6 0.0634920625 0.8882623221153847 0.08298524038461538 0.8791248966346153 0.08576998076923077 0.8746867163461538 0.07231040625 0.8686821225961538 0.0639561875 0.8631996658653847 0.05467372115384616 0.8577172091346154 0.03935765384615385 0.8579782788461539 0.04585537980769231 0.852756891826923 0.05281722836538461 0.8457080192307692 0.046319502403846156 0.8451858822115385 0.015223242788461537 0.8532790312499999 0.002691915865384615 0.8577172091346154 0.0003712980769230769 0.86763784375 0.001299545673076923 0.8981829567307693 0.0017636682692307691 0.9167188798076923 0.002691915865384615 0.9224624062500001 0.015223242788461537 0.9193295745192308 0.023577461538461537 0.9120196322115385 0.027754572115384617 0.9060150384615385 0.03796528365384615 0.9000104423076922 0.05328135096153846 0.893222639423077 0.0634920625 0.8882623221153847
6 0.0003712980769230769 0.9971282379807692 0.020792723557692308 0.9992167908653846 0.024505709134615385 0.9887740192307692 0.025898079326923076 0.9757205504807692 0.020792723557692308 0.9657999158653846 0.0003712980769230769 0.9746762740384616 0.001299545673076923 0.9851190480769231 0.0003712980769230769 0.9971282379807692
6 0.15353197836538462 0.9443922307692307 0.15306785576923077 0.9498746875 0.15956558173076923 0.9514411033653847 0.17116866346153847 0.9509189639423077 0.1744175264423077 0.9464807860576923 0.1753457716346154 0.9394319134615384 0.1683839230769231 0.9362990817307693 0.15817321153846153 0.9399540528846154 0.15353197836538462 0.9443922307692307
7 0.8831337596153847 0.9167188798076923 0.881277266826923 0.921157060096154 0.8822055144230769 0.9279448629807692 0.8817413894230769 0.9318609014423077 0.8924162259615385 0.932644110576923 0.9054116778846153 0.9336883870192308 0.9165506346153846 0.9305555552884616 0.9128376490384615 0.9224624062500001 0.9044834302884616 0.9151524639423076 0.897985704326923 0.9083646610576923 0.8882391153846154 0.9138471177884615 0.8831337596153847 0.9167188798076923
8 0.9587858533653846 0.7963659158653846 0.9638912091346155 0.79845446875 0.9787431538461538 0.7953216370192308 0.9982363317307693 0.7885338341346154 0.9977722091346154 0.7843567259615385 0.9903462355769231 0.7807017548076923 0.9810637716346153 0.7869674182692308 0.9652835793269231 0.7914055985576923 0.9587858533653846 0.7963659158653846
8 0.28209412500000003 0.5945593149038462 0.28163 0.5911654134615385 0.27281165865384616 0.5919486225961539 0.27281165865384616 0.5948203846153846 0.26213682451923076 0.6023913942307693 0.2626009471153846 0.6115288221153846 0.2593520841346154 0.6277151201923077 0.2588879615384615 0.6397243100961538 0.26724218028846153 0.6402464495192308 0.2834864951923077 0.6399853798076923 0.2862712331730769 0.6298036754807692 0.2876636033653846 0.6154448629807692 0.28998421875 0.6023913942307693 0.2797735072115385 0.5953425240384616 0.28209412500000003 0.5945593149038462
4 0.22407871634615384 0.5029239759615385 0.21293975721153846 0.52172096875 0.23475355048076924 0.5272034254807692 0.25610322115384615 0.5311194663461538 0.2607444543269231 0.5227652475961538 0.2630650697115385 0.5162385120192308 0.26724218028846153 0.5071010865384615 0.24357189182692307 0.503185045673077 0.22407871634615384 0.5029239759615385
7 0.2983384375 0.44966583173076924 0.2862712331730769 0.4420948197115384 0.2658498100961538 0.43086883894230765 0.25331848076923075 0.42564745192307696 0.2305764423076923 0.42590852163461534 0.21340387980769232 0.4230367596153846 0.20180079807692308 0.42016499519230766 0.20272904567307692 0.4238199663461539 0.20876264663461536 0.43112990865384615 0.20226492067307691 0.44105054326923077 0.20876264663461536 0.4494047620192308 0.22686345432692306 0.46454678365384616 0.2542467283653846 0.46454678365384616 0.27281165865384616 0.4608918125 0.28952009615384616 0.46036967307692306 0.3001949326923077 0.4601086057692308 0.30622853365384617 0.45462614903846155 0.2983384375 0.44966583173076924
8 0.0973730625 0.40006265625 0.11640211538461538 0.39405806250000003 0.12336396634615385 0.39223057692307695 0.1215074735576923 0.38570384375 0.11222500721153847 0.38126566346153845 0.09690893990384615 0.38570384375 0.07834400721153846 0.3906641610576923 0.06163556971153846 0.3945801995192308 0.057458461538461535 0.3995405168269231 0.05096073557692308 0.4016290721153846 0.05281722836538461 0.40632831971153843 0.05885083173076923 0.40580618269230767 0.06302793990384616 0.4039786971153846 0.06998978846153846 0.40476190384615385 0.08066462499999999 0.40371762740384615 0.0973730625 0.40006265625
7 0.17813051201923077 0.45619256490384613 0.16699155288461537 0.45593149519230775 0.15817321153846153 0.45723684134615383 0.15306785576923077 0.4541040096153846 0.14285714182692308 0.45671470432692307 0.12754107451923077 0.46428571394230767 0.1215074735576923 0.4726399326923077 0.13264643028846154 0.47498955769230766 0.14842662259615386 0.4778613197115385 0.15817321153846153 0.4817773605769231 0.17024041586538463 0.4854323317307693 0.17488164903846154 0.4888262331730769 0.18694885336538464 0.48464912259615384 0.17905875721153847 0.47681704326923074 0.1753457716346154 0.46976817067307697 0.18184349759615384 0.4608918125 0.18462823798076922 0.4588032572115385 0.17813051201923077 0.45619256490384613
7 0.23521767307692307 0.46637426923076925 0.22547108413461536 0.46532999278846154 0.2161886201923077 0.45958646634615385 0.20690615384615382 0.45358187019230767 0.19623131971153845 0.4494047620192308 0.18787710096153848 0.4520154543269231 0.18880534615384617 0.4551482884615385 0.18926947115384612 0.45958646634615385 0.1855564831730769 0.45958646634615385 0.17673814182692307 0.46506892307692305 0.17766638942307691 0.47002924038461535 0.18137937499999998 0.4736842115384615 0.19298245673076925 0.4781223894230769 0.21247563461538463 0.4794277355769231 0.22268634615384614 0.4744674182692308 0.24032302884615384 0.4705513774038461 0.23521767307692307 0.46637426923076925
10 0.1716327860576923 0.43661236538461534 0.16652743028846156 0.4389619879807692 0.1646709375 0.44548872115384613 0.17302515625 0.45018796875 0.18091525 0.4491436923076923 0.19437482692307692 0.4478383461538461 0.20040842788461538 0.4483604855769231 0.19855193509615385 0.44157268269230765 0.19344657932692308 0.4389619879807692 0.17766638942307691 0.4373955721153846 0.1716327860576923 0.43661236538461534
10 0.16606330528846153 0.4287802836538462 0.1646709375 0.4353070168269231 0.1739534014423077 0.4345238100961539 0.1855564831730769 0.4324352548076923 0.18091525 0.42590852163461534 0.17348927884615384 0.41990392548076927 0.1679198004807692 0.41651002403846155 0.16002970432692307 0.41781537259615387 0.16606330528846153 0.4287802836538462
10 0.18416411298076923 0.40215121153846156 0.17766638942307691 0.40632831971153843 0.17952288221153845 0.41181077644230774 0.17348927884615384 0.4133771923076923 0.17348927884615384 0.41703216346153843 0.17905875721153847 0.4232978269230769 0.18230762019230767 0.42225355048076924 0.19391070192307694 0.4209482043269231 0.19298245673076925 0.41494360817307696 0.19019771634615384 0.40789473798076925 0.19391070192307694 0.4039786971153846 0.1906618389423077 0.4016290721153846 0.18416411298076923 0.40215121153846156
10 0.18416411298076923 0.3538533822115385 0.17952288221153845 0.3572472860576923 0.18834122355769228 0.3716060985576923 0.19344657932692308 0.3729114447115384 0.20644203125 0.37212823798076927 0.21247563461538463 0.3695175432692308 0.20644203125 0.36664578124999997 0.19715956490384615 0.35881370192307693 0.1920542091346154 0.3543755216346154 0.18416411298076923 0.3538533822115385
2 0.30622853365384617 0.2731829567307692 0.30065905528846154 0.27187761057692306 0.2890559735576923 0.2742272355769231 0.27745289182692306 0.27970968990384615 0.26863455048076923 0.28362573076923075 0.25749559134615385 0.28936925721153844 0.2593520841346154 0.2940685048076923 0.27002691826923075 0.2919799495192308 0.28395061778846153 0.28963032692307694 0.2978743149038462 0.2891081875 0.31319038221153844 0.2823203846153846 0.30622853365384617 0.2731829567307692
8 0.4036944206730769 0.40189014182692306 0.41390513221153846 0.40267335096153845 0.42365172115384614 0.4003237259615385 0.4241158461538461 0.3964076850961539 0.42086698317307697 0.38674812019230764 0.4134410096153846 0.3849206346153846 0.38466536778846155 0.38335421875000003 0.3702775456730769 0.3841374278846154 0.35264086057692307 0.3825710096153846 0.3428942716346154 0.3851817043269231 0.3345400528846154 0.3877923966346154 0.3275782043269231 0.3885756057692307 0.3308270673076923 0.3932748533653846 0.3461431346153846 0.39719089423076925 0.3554256009615384 0.39980158653846154 0.36795693028846155 0.40084586538461536 0.3897707235576923 0.40215121153846156 0.4036944206730769 0.40189014182692306
8 0.34382251923076923 0.3410609855769231 0.3368606706730769 0.34393274759615383 0.3340759302884615 0.34758771874999994 0.34382251923076923 0.3541144519230769 0.35403323076923077 0.36194653365384616 0.3609950793269231 0.36351294951923074 0.3698134230769231 0.3692564735576923 0.37816764182692303 0.36664578124999997 0.3721340384615385 0.3601190480769231 0.3684210528846154 0.35620300721153847 0.3600668341346154 0.3507205504807693 0.35124849038461536 0.3444548870192307 0.34382251923076923 0.3410609855769231
4 0.39998143509615386 0.31678153605769227 0.3925554615384615 0.3144319134615384 0.382808875 0.3180868846153846 0.36517218990384614 0.3201754375 0.35124849038461536 0.3235693389423077 0.3544973533653846 0.33296783653846157 0.3535691081730769 0.3392335 0.3549614783653846 0.3457602331730769 0.3605309567307692 0.34393274759615383 0.3730622860576923 0.34288847115384613 0.3883783533653846 0.3413220552884615 0.3939478317307692 0.3413220552884615 0.39441195673076923 0.33714494471153844 0.3925554615384615 0.33322890624999996 0.39580432451923075 0.3235693389423077 0.39998143509615386 0.31678153605769227
11 0.1683839230769231 0.2332393485576923 0.14842662259615386 0.24472639903846155 0.13682354086538462 0.25386382692307696 0.14239301923076922 0.2569966586538462 0.16559918269230767 0.26926691826923077 0.18602060817307692 0.27762113701923075 0.19298245673076925 0.2773600673076923 0.21572449759615384 0.26221804567307694 0.23011231730769233 0.2549081033653846 0.2328970576923077 0.2517752716346154 0.21990160576923076 0.24211570673076924 0.20180079807692308 0.23115079326923077 0.18230762019230767 0.22436299038461538 0.1683839230769231 0.2332393485576923
7 0.2509978653846154 0.23350041826923076 0.2626009471153846 0.23036758653846154 0.2704910432692308 0.22410192067307694 0.27606052163461536 0.21705305048076923 0.26724218028846153 0.20843776201923078 0.2551749735576923 0.20243316586538462 0.23985890625 0.19642857211538461 0.2282558245192308 0.1932957403846154 0.2161886201923077 0.19225146153846154 0.20876264663461536 0.19277360096153845 0.20040842788461538 0.19120718509615384 0.18462823798076922 0.19094611538461537 0.18230762019230767 0.19381787740384615 0.1799870048076923 0.1993003341346154 0.18184349759615384 0.20843776201923078 0.19623131971153845 0.21626984134615385 0.2115473870192308 0.2230576442307692 0.22315046875 0.22958437740384616 0.2375382908653846 0.23350041826923076 0.2509978653846154 0.23350041826923076
8 0.25795971394230766 0.1499582283653846 0.24774900240384617 0.15387426923076925 0.24403601682692308 0.15648496153846156 0.24914137259615382 0.16275062740384616 0.25749559134615385 0.17058270673076922 0.26724218028846153 0.17737050961538461 0.27420402884615386 0.18389724278846156 0.2830223701923077 0.1875522139423077 0.29044834375 0.18937969951923075 0.29601782211538463 0.1870300745192308 0.28859185096153844 0.18363617307692306 0.2890559735576923 0.17763157932692308 0.28023763221153847 0.16927736057692308 0.2704910432692308 0.16118421153846155 0.25795971394230766 0.1499582283653846
8 0.20319316826923076 0.15465747596153845 0.19576719471153847 0.15491854567307695 0.18787710096153848 0.15674603125 0.18091525 0.1572681706730769 0.1753457716346154 0.15752924038461538 0.16699155288461537 0.15961779326923078 0.1628144423076923 0.1664055985576923 0.1683839230769231 0.17162698317307695 0.17024041586538463 0.17162698317307695 0.17720226442307693 0.17475981730769233 0.1906618389423077 0.17423767788461536 0.19715956490384615 0.17267126201923075 0.20458553846153846 0.1690162908653846 0.21804511298076923 0.167449875 0.22871994711538463 0.16692773557692306 0.23614592067307694 0.16222848798076922 0.24357189182692307 0.16092314182692308 0.2431077692307692 0.1551796153846154 0.23661004326923077 0.15544068509615386 0.22964819471153847 0.1523078533653846 0.2208298533653846 0.15100250721153846 0.21061913942307695 0.15204678365384613 0.20319316826923076 0.15465747596153845
7 0.23939478365384614 0.16692773557692306 0.2277917019230769 0.16771094471153847 0.21526037259615385 0.16875522115384617 0.20597790865384613 0.16875522115384617 0.2008725504807692 0.17058270673076922 0.1920542091346154 0.17658730048076923 0.19112596394230771 0.1825918966346154 0.19994430528846155 0.18285296634615383 0.2050496610576923 0.1875522139423077 0.2115473870192308 0.19016290625 0.22315046875 0.1914682548076923 0.24078715384615385 0.19381787740384615 0.25192611057692305 0.19277360096153845 0.25331848076923075 0.18729114423076923 0.2523902355769231 0.18180868749999998 0.2505337427884615 0.1768483701923077 0.24496426201923077 0.1724101923076923 0.23939478365384614 0.16692773557692306
7 0.23614592067307694 0.0993107764423077 0.22964819471153847 0.09643901442307692 0.22407871634615384 0.09643901442307692 0.21572449759615384 0.09356725240384615 0.20876264663461536 0.09435045913461539 0.20272904567307692 0.09017335096153846 0.19623131971153845 0.08442982451923077 0.18787710096153848 0.08234126923076923 0.18602060817307692 0.08782372596153845 0.19159008653846155 0.0925229735576923 0.20180079807692308 0.09696115384615384 0.19344657932692308 0.09957184615384616 0.17720226442307693 0.10374895673076923 0.17952288221153845 0.11027568990384616 0.18230762019230767 0.11889097836538462 0.18509236057692308 0.12463450240384615 0.18926947115384612 0.12855054326923077 0.19994430528846155 0.12698412740384615 0.21293975721153846 0.12907268269230768 0.23104056490384617 0.12463450240384615 0.24914137259615382 0.12228487980769231 0.24774900240384617 0.11889097836538462 0.24867724759615387 0.11288638221153846 0.2445001394230769 0.10505430288461538 0.24078715384615385 0.10166040144230769 0.23614592067307694 0.0993107764423077
7 0.31319038221153844 0.15935672596153846 0.3210804783653846 0.15596282451923077 0.3322194375 0.15309106009615386 0.3368606706730769 0.14708646634615385 0.34243014903846153 0.14421470432692307 0.336396545673077 0.13742690144230768 0.3308270673076923 0.13324979086538463 0.3271140817307692 0.13324979086538463 0.3215446033653846 0.12881161298076924 0.3127262596153846 0.12933375 0.3099415216346154 0.12541771153846154 0.30205142548076924 0.11993525480769231 0.29044834375 0.11680242307692307 0.27838113701923073 0.1126253125 0.26817042548076925 0.11053675961538462 0.2644574399038462 0.11366959134615384 0.2602803293269231 0.1259398485576923 0.25610322115384615 0.12620091826923077 0.25192611057692305 0.12907268269230768 0.2556390985576923 0.13324979086538463 0.2607444543269231 0.1350772764423077 0.2639933173076923 0.13873224759615385 0.2807017548076923 0.14238721875 0.2598162067307692 0.14134293990384614 0.2523902355769231 0.13977652403846152 0.2431077692307692 0.1434314951923077 0.2445001394230769 0.1473475360576923 0.24867724759615387 0.15048036778846152 0.25795971394230766 0.14943609134615385 0.2723475360576923 0.1601399326923077 0.28255824759615383 0.1700605673076923 0.29044834375 0.17658730048076923 0.29091246634615386 0.18389724278846156 0.2969460697115385 0.18494152163461536 0.3104056442307692 0.18206975721153845 0.31690337019230774 0.1807644110576923 0.3224728485576923 0.1768483701923077 0.3206163557692308 0.1713659158653846 0.31690337019230774 0.16248955769230772 0.31319038221153844 0.15935672596153846
3 0.3322194375 0.09722222115384614 0.3396454086538461 0.10192147115384616 0.35078436778846156 0.10113826201923078 0.3721340384615385 0.09800543028846155 0.38791423076923076 0.09696115384615384 0.3939478317307692 0.09095655769230769 0.3883783533653846 0.08677944951923076 0.3609950793269231 0.08860693509615383 0.3340759302884615 0.09121762740384616 0.3322194375 0.09722222115384614
8 0.41204863942307696 0.11654135336538461 0.4166898725961538 0.11314745192307692 0.4176181201923077 0.10740392548076924 0.4087997764423077 0.10505430288461538 0.39301958653846153 0.1008771923076923 0.38327299759615385 0.10113826201923078 0.37677527163461544 0.09983291586538462 0.3688851754807692 0.0982665 0.3670286826923077 0.1032268173076923 0.3763111490384615 0.10531537259615384 0.3855936129807693 0.10923141105769231 0.3939478317307692 0.11210317548076923 0.40462266826923077 0.11366959134615384 0.41204863942307696 0.11654135336538461
6 0.3753829014423077 0.12959481971153847 0.3800241346153846 0.131683375 0.39116309375 0.13638262259615386 0.4041585456730769 0.14212614903846155 0.41065626923076926 0.14029866346153846 0.41576162740384615 0.12620091826923077 0.4004455576923077 0.12097953125000001 0.38605773798076926 0.11628028365384616 0.37677527163461544 0.11810776923076924 0.3753829014423077 0.12959481971153847
7 0.41158451682692304 0.2708333341346154 0.40833565384615383 0.26430660096153846 0.4064791610576923 0.2577798653846154 0.4050867908653846 0.2520363413461538 0.4023020504807692 0.24577067788461537 0.3967325721153846 0.24289891346153844 0.38791423076923076 0.23872180528846154 0.3814165048076923 0.23350041826923076 0.3735264086538462 0.22880117067307693 0.3642439423076923 0.22462406009615382 0.35217673798076926 0.22410192067307694 0.3554256009615384 0.2327172091346154 0.3614592043269231 0.23793859615384616 0.3582103413461538 0.2442042596153846 0.3614592043269231 0.2530806177884615 0.36934929807692307 0.2583020048076923 0.36610043750000004 0.26900584855769233 0.36934929807692307 0.28049289903846153 0.38420124278846157 0.27840434375 0.39858906490384616 0.2755325817307692 0.41158451682692304 0.2708333341346154
5 0.31736749278846155 0.2755325817307692 0.3210804783653846 0.2781432740384615 0.3308270673076923 0.2768379278846154 0.33918128605769227 0.27605472115384616 0.33871716346153846 0.2713554711538462 0.3368606706730769 0.2684837091346154 0.33175531490384613 0.2677005024038462 0.31875986298076925 0.2708333341346154 0.31643924519230765 0.27292188701923076 0.31736749278846155 0.2755325817307692
8 0.4134410096153846 0.2149644951923077 0.40833565384615383 0.2214912283653846 0.41297688701923074 0.22697368509615384 0.42643646153846154 0.23297827884615385 0.4380395432692307 0.2376775264423077 0.44917850240384616 0.23950501201923077 0.4542838581730769 0.23611111057692308 0.4519632403846154 0.23402255528846153 0.44917850240384616 0.22906223798076922 0.4394319134615384 0.22436299038461538 0.42597233894230774 0.21679198076923076 0.4134410096153846 0.2149644951923077
8 0.3261858341346154 0.44548872115384613 0.3150468774038462 0.4470551370192308 0.30622853365384617 0.44862155288461536 0.30390791826923075 0.45044903846153844 0.30715678125 0.45436507932692305 0.30669265865384615 0.45645363461538463 0.3122621370192308 0.4585421899038461 0.3224728485576923 0.4580200504807692 0.3322194375 0.45567042548076925 0.3456790120192308 0.4530597331730769 0.3568179711538461 0.44862155288461536 0.35310498557692305 0.4434001658653846 0.35078436778846156 0.44366123557692305 0.3461431346153846 0.44366123557692305 0.34010953365384616 0.4431390985576923 0.33268356009615385 0.44548872115384613 0.3261858341346154 0.44548872115384613
8 0.33732479326923076 0.4264306610576923 0.3257217115384616 0.42747493750000004 0.32386521875 0.43347953125 0.33175531490384613 0.4368734326923077 0.34243014903846153 0.4402673341346154 0.35728209375000003 0.44366123557692305 0.36377981971153844 0.4444444447115385 0.3688851754807692 0.4426169591346154 0.3670286826923077 0.44000626682692306 0.3600668341346154 0.4355680865384616 0.3535691081730769 0.43139097836538465 0.33732479326923076 0.4264306610576923
2 0.3656363125 0.46611319951923075 0.3586744639423077 0.46141395192307694 0.34985612259615384 0.4632414375 0.3591385865384616 0.4736842115384615 0.3577462163461539 0.4794277355769231 0.36656456009615385 0.4888262331730769 0.37723939423076924 0.5008354230769231 0.38791423076923076 0.5029239759615385 0.39951731250000005 0.49979114423076926 0.39580432451923075 0.4940476177884615 0.3874501057692308 0.48412698317307695 0.3804882572115385 0.47707811298076924 0.3735264086538462 0.4726399326923077 0.3656363125 0.46611319951923075
8 0.30344379567307694 0.5368629903846154 0.30158730048076926 0.5470446947115385 0.3090132740384615 0.5533103581730769 0.3141186298076923 0.5629699254807693 0.31643924519230765 0.5674081033653846 0.3220087259615385 0.5721073509615384 0.32897057451923073 0.5715852139423077 0.33871716346153846 0.5689745192307692 0.33732479326923076 0.5637531322115384 0.3224728485576923 0.5452172091346154 0.31736749278846155 0.54077903125 0.3099415216346154 0.5376461995192308 0.30344379567307694 0.5368629903846154
7 0.33175531490384613 0.5191102764423077 0.3336118076923077 0.5225041778846153 0.3122621370192308 0.5178049278846154 0.30390791826923075 0.5193713461538462 0.30762090384615387 0.5300751875 0.3090132740384615 0.5368629903846154 0.32525758894230766 0.5441729326923077 0.3350041778846154 0.5431286538461538 0.3396454086538461 0.5379072692307691 0.3475355048076923 0.5326858822115385 0.3479996298076923 0.5188492067307693 0.33732479326923076 0.5180659975961539 0.33175531490384613 0.5191102764423077
4 0.27838113701923073 0.47211779326923076 0.25749559134615385 0.47133458653846155 0.2588879615384615 0.48047201442307697 0.2704910432692308 0.47994987499999997 0.29044834375 0.48021094471153847 0.3043720408653846 0.48073308173076923 0.30622853365384617 0.47681704326923074 0.3113338894230769 0.47211779326923076 0.3108697668269231 0.4674185456730769 0.30715678125 0.4658521298076923 0.27838113701923073 0.47211779326923076
6 0.7165135048076923 0.6183166250000001 0.6872737403846153 0.6185776947115385 0.6566416033653847 0.6185776947115385 0.6185834951923077 0.6175334158653847 0.6176552500000001 0.6214494567307691 0.6431820288461538 0.6235380120192308 0.6649958221153847 0.6258876346153847 0.6895943557692308 0.6279761899038461 0.7053745480769231 0.6256265673076923 0.6951638365384615 0.631370091346154 0.6821683846153845 0.6402464495192308 0.6965562043269231 0.6365914783653845 0.7109440264423077 0.6284983293269231 0.7220829855769231 0.6219715961538461 0.7211547379807691 0.6190998341346153 0.7165135048076923 0.6183166250000001
7 0.6640675769230769 0.6405075192307692 0.6533927403846154 0.636852548076923 0.6422537836538461 0.6352861322115384 0.6334354399038461 0.6412907259615385 0.6287942067307692 0.6486006682692308 0.6199758653846155 0.6603487884615385 0.6181193725961538 0.6671365913461538 0.6255453437499999 0.6723579783653846 0.6371484254807692 0.6728801177884616 0.6478232620192308 0.6702694230769232 0.6571057283653846 0.6603487884615385 0.6589622211538462 0.6548663317307692 0.6608187139423076 0.6493838774038461 0.6687088100961538 0.6441624903846154 0.6640675769230769 0.6405075192307692
7 0.6246170985576923 0.6214494567307691 0.6167270024038461 0.6214494567307691 0.6144063870192308 0.6274540528846154 0.6083727836538462 0.6371136177884615 0.6074445384615385 0.642857141826923 0.5986261947115384 0.6475563918269232 0.59212846875 0.6561716802884615 0.6018750576923076 0.6556495408653846 0.6167270024038461 0.6566938173076923 0.62600946875 0.6491228076923077 0.6380766730769231 0.6376357572115385 0.6482873846153846 0.62902046875 0.6431820288461538 0.624843358173077 0.6348278100961539 0.6232769423076923 0.6246170985576923 0.6214494567307691
6 0.5652093197115385 0.618838764423077 0.5642810721153846 0.6144005841346154 0.5071939110576923 0.60996240625 0.4519632403846154 0.6044799495192308 0.4394319134615384 0.6115288221153846 0.43107769471153845 0.6222326658653846 0.4255082139423077 0.6222326658653846 0.4626380769230769 0.62432121875 0.5169405 0.6258876346153847 0.5392184158653847 0.622493733173077 0.5652093197115385 0.618838764423077
4 0.856678733173077 0.7224832908653845 0.8534298701923078 0.7261382620192307 0.856214610576923 0.7295321634615385 0.8622482139423078 0.7389306610576922 0.8757077884615385 0.7363199663461538 0.8956650889423077 0.7297932331730769 0.8910238557692308 0.7203947379807693 0.8803490216346154 0.7112573100961538 0.8738512956730768 0.710735170673077 0.8613199663461538 0.7143901418269232 0.856678733173077 0.7224832908653845
7 0.8084099134615385 0.6530388461538461 0.8051610504807692 0.6606098581730768 0.8195488725961538 0.6700083533653847 0.831151954326923 0.674968670673077 0.8441474062500001 0.6718358389423076 0.8580711033653846 0.6637426899038462 0.8645688293269231 0.6566938173076923 0.8557504879807692 0.6499060144230769 0.8390420504807692 0.6530388461538461 0.82743896875 0.6517335 0.8158358870192307 0.6501670841346154 0.8084099134615385 0.6530388461538461
7 0.8232618581730768 0.6415517956730769 0.822333610576923 0.6459899759615385 0.82697484375 0.6501670841346154 0.8371855576923076 0.6535609855769231 0.856678733173077 0.6483395985576923 0.8594634735576924 0.6418128653846153 0.8538939951923077 0.6373746875 0.8473962692307692 0.6384189639423077 0.8390420504807692 0.6371136177884615 0.8302237067307693 0.6381578942307692 0.8232618581730768 0.6415517956730769
13 0.7949503389423077 0.5292919807692308 0.7847396274038462 0.5366019206730769 0.7870602427884615 0.5501775264423077 0.7940220913461539 0.559314954326923 0.8033045576923077 0.5637531322115384 0.8111946538461539 0.5658416875 0.8232618581730768 0.5634920625000001 0.8283672139423076 0.5556599831730769 0.8237259807692308 0.5483500408653846 0.8195488725961538 0.5381683365384615 0.8098022836538461 0.5337301586538461 0.7949503389423077 0.5292919807692308
7 0.7225471081730769 0.5898600673076924 0.7350784374999999 0.5937761057692308 0.7429685336538461 0.5958646610576923 0.7457532716346154 0.5838554711538462 0.7513227524038462 0.5744569759615384 0.7606052163461539 0.57184628125 0.772672420673077 0.5645363413461538 0.7879884903846153 0.5567042596153846 0.7824190096153847 0.5493943197115384 0.7638540793269232 0.5483500408653846 0.7462173942307693 0.5522660817307693 0.7392555456730769 0.5621867163461538 0.7225471081730769 0.5898600673076924
0 0.789380860576923 0.4734231418269231 0.805625173076923 0.4762949038461538 0.81908475 0.47760025 0.82697484375 0.45775898076923077 0.8339366947115384 0.4402673341346154 0.8088740360576924 0.4353070168269231 0.7995915721153846 0.45567042548076925 0.789380860576923 0.4734231418269231
7 0.7545716153846154 0.39745196394230764 0.7452891490384614 0.40110693509615386 0.7466815192307692 0.4081558052884615 0.7531792451923077 0.4131161225961538 0.7606052163461539 0.41259398557692306 0.7666388197115384 0.41494360817307696 0.7684953125 0.42512531249999996 0.7745289158653846 0.4298245625 0.7930938461538461 0.4300856298076923 0.7898449831730769 0.4159878870192308 0.7861319975961538 0.40632831971153843 0.7791701466346154 0.4005847956730769 0.7689594350961539 0.3982351706730769 0.7545716153846154 0.39745196394230764
8 0.6408614134615385 0.5243316634615385 0.6338995625 0.5245927307692309 0.6297224543269231 0.5300751875 0.6343636874999999 0.5332080192307692 0.6445743990384615 0.5366019206730769 0.6520003701923076 0.540256891826923 0.6617469591346155 0.540256891826923 0.6645316995192307 0.5381683365384615 0.6659240697115384 0.5360797836538461 0.6626752067307693 0.5321637427884616 0.6524644951923076 0.5277255649038461 0.6408614134615385 0.5243316634615385
8 0.7429685336538461 0.4765559735576923 0.7401837932692307 0.4734231418269231 0.7248677259615385 0.47498955769230766 0.7151211370192307 0.47733918028846156 0.7072310408653847 0.48021094471153847 0.7016615625 0.48464912259615384 0.7011974375 0.4872598173076923 0.7053745480769231 0.48752088461538456 0.7141928894230769 0.4869987475961538 0.7281165865384616 0.48464912259615384 0.7411120384615385 0.4815162908653846 0.7429685336538461 0.4765559735576923
8 0.6357560576923077 0.4781223894230769 0.6315789471153846 0.4765559735576923 0.6236888509615385 0.48047201442307697 0.6153346322115385 0.48438805288461534 0.60930103125 0.4909147860576923 0.6018750576923076 0.4990079375 0.5972338245192308 0.5016186298076923 0.6014109350961538 0.5063178774038462 0.605123920673077 0.5042293221153846 0.6199758653846155 0.5018796995192308 0.6348278100961539 0.4872598173076923 0.6445743990384615 0.4809941514423077 0.6357560576923077 0.4781223894230769
8 0.617191125 0.4747284879807693 0.6106934014423077 0.47681704326923074 0.6028033052884616 0.47968880528846153 0.5990903173076924 0.4817773605769231 0.5888796057692308 0.4885651634615385 0.5949132091346153 0.49483082692307695 0.6041956754807692 0.4932644110576923 0.6139422620192307 0.48569339903846154 0.6246170985576923 0.4765559735576923 0.6246170985576923 0.4744674182692308 0.617191125 0.4747284879807693
2 0.5480367596153847 0.43635129567307696 0.5438596490384615 0.43817878125000004 0.5508214975961538 0.44574979086538463 0.5531421153846154 0.4480994158653846 0.5563909783653846 0.4541040096153846 0.5675299350961539 0.4619360913461538 0.5828460048076923 0.47185672596153844 0.595841454326923 0.46663533894230774 0.595841454326923 0.4635025072115385 0.5847024975961539 0.45671470432692307 0.5679940600961538 0.44627193028846157 0.5596398413461539 0.44366123557692305 0.5480367596153847 0.43635129567307696
2 0.48073888461538467 0.3548976610576923 0.47377703605769234 0.36299081009615386 0.47377703605769234 0.36795112740384617 0.48630836298076924 0.3710839591346154 0.5076580336538462 0.37630534615384614 0.5239023485576924 0.3789160408653846 0.5438596490384615 0.38335421875000003 0.5471085120192307 0.3799603173076923 0.5392184158653847 0.3755221394230769 0.5266870889423078 0.3700396826923077 0.5118351442307693 0.3653404350961538 0.4904854735576923 0.35698621634615385 0.48073888461538467 0.3548976610576923
2 0.5582474711538462 0.4073725985576923 0.5614963341346153 0.4157268173076923 0.5707787980769231 0.4279970769230769 0.5795971418269231 0.4355680865384616 0.5860948677884615 0.4402673341346154 0.5902719759615385 0.43791771153846154 0.5860948677884615 0.4277360072115384 0.5823818798076923 0.4172932331730769 0.5749559086538462 0.40476190384615385 0.5693864302884616 0.40241228125000006 0.5582474711538462 0.4073725985576923
2 0.54200315625 0.3671679206730769 0.5280794567307692 0.3658625721153846 0.5262229639423077 0.36873433653846155 0.5494291274038462 0.37969924759615387 0.5619604567307692 0.3807435264423077 0.571242923076923 0.3783939014423077 0.5689223052884615 0.3752610697115385 0.54200315625 0.3671679206730769
2 0.6960920817307692 0.45619256490384613 0.6872737403846153 0.44966583173076924 0.6812401370192307 0.44627193028846157 0.6714935480769231 0.4460108605769231 0.6654599471153847 0.4520154543269231 0.6714935480769231 0.45697577403846157 0.6817042596153846 0.46506892307692305 0.6877378629807692 0.46846282451923077 0.6979485745192308 0.47133458653846155 0.6984126995192308 0.47525062740384616 0.7035180552884616 0.4783834591346154 0.7090875336538461 0.47707811298076924 0.7109440264423077 0.4744674182692308 0.7081592860576923 0.47211779326923076 0.7016615625 0.46689640865384613 0.7035180552884616 0.4632414375 0.6960920817307692 0.45619256490384613
2 0.6199758653846155 0.3413220552884615 0.6130140168269231 0.34053884615384616 0.6097651538461538 0.3468045120192308 0.6097651538461538 0.35254803605769236 0.6250812211538462 0.36429615625 0.6329713173076923 0.3653404350961538 0.64271790625 0.3692564735576923 0.6501438774038462 0.37369465384615386 0.654785110576923 0.3700396826923077 0.6445743990384615 0.3611633245192308 0.6436461514423077 0.3572472860576923 0.6315789471153846 0.3486319975961539 0.6199758653846155 0.3413220552884615
2 0.47934651442307696 0.3783939014423077 0.47424115865384614 0.37030075240384613 0.46959992548076923 0.36429615625 0.4631021995192308 0.36664578124999997 0.47099229567307693 0.38152673317307695 0.4668151850961539 0.38335421875000003 0.46867168028846157 0.38805346634615384 0.48027476201923075 0.40371762740384615 0.4853801177884615 0.4120718461538461 0.4965190745192307 0.4110275697115385 0.49187784375 0.39745196394230764 0.48770073317307694 0.38831453605769234 0.4858442403846154 0.3841374278846154 0.48120300721153847 0.38126566346153845 0.47934651442307696 0.3783939014423077
7 0.4361830504807692 0.32409147836538466 0.43293418749999996 0.3282685889423077 0.4301494471153846 0.3366228076923077 0.43664717307692313 0.33740601442307694 0.44500139182692305 0.3410609855769231 0.4505708725961538 0.3387113605769231 0.45892509134615384 0.33740601442307694 0.47099229567307693 0.3319235576923077 0.47099229567307693 0.3290517956730769 0.4631021995192308 0.3209586466346154 0.4528914879807692 0.31678153605769227 0.44453726923076925 0.31913116105769235 0.4361830504807692 0.32409147836538466
7 0.5201893629807692 0.23846073557692307 0.5039450480769231 0.23297827884615385 0.4839877475961538 0.23036758653846154 0.46913580288461537 0.23611111057692308 0.44778613221153846 0.25046992548076924 0.43571892788461536 0.2648287379807692 0.44732200961538465 0.2752715120192308 0.4631021995192308 0.2802318293269231 0.4765617740384615 0.2838868004807692 0.48352362259615383 0.28780284134615386 0.5016244302884615 0.2898913942307692 0.5146198822115384 0.2867585625 0.5331848149038462 0.2763157884615385 0.5392184158653847 0.2522974110576923 0.5373619230769231 0.2442042596153846 0.5201893629807692 0.23846073557692307
8 0.5053374182692308 0.21992481249999998 0.5048732932692308 0.21522556490384614 0.4997679375 0.21104845432692307 0.4872366105769231 0.21130952403846154 0.47470528125 0.21339807932692306 0.4649586923076923 0.21313700961538462 0.46031746153846154 0.21679198076923076 0.4626380769230769 0.22070801923076924 0.47099229567307693 0.22227443509615386 0.4788823918269231 0.22384085096153847 0.49141371875 0.22384085096153847 0.5006961850961539 0.22227443509615386 0.5053374182692308 0.21992481249999998
7 0.42597233894230774 0.23611111057692308 0.4134410096153846 0.24028822115384615 0.4032302980769231 0.24472639903846155 0.4064791610576923 0.2567355889423077 0.4092639014423077 0.2656119471153846 0.41297688701923074 0.2710944014423077 0.4315418173076923 0.2705722644230769 0.4422166538461539 0.26796156971153845 0.44360902163461535 0.25516917307692305 0.4440731466346154 0.24864243990384616 0.4347906802884615 0.23793859615384616 0.42597233894230774 0.23611111057692308
8 0.48073888461538467 0.1841583125 0.48445187019230773 0.1797201346153846 0.4784182692307692 0.1797201346153846 0.47145641826923074 0.18572472836538462 0.46449456971153846 0.18937969951923075 0.4654228173076923 0.19695070913461538 0.46449456971153846 0.20321637499999998 0.46449456971153846 0.2100041778846154 0.47377703605769234 0.21365914903846153 0.48352362259615383 0.2107873846153846 0.4872366105769231 0.20556599759615385 0.4881648557692308 0.19486215625 0.4886289807692308 0.1885964903846154 0.48073888461538467 0.1841583125
11 0.3967325721153846 0.18624686778846153 0.38466536778846155 0.19225146153846154 0.3855936129807693 0.19773391826923079 0.3934837091346154 0.20138888942307692 0.40090968269230765 0.2047827908653846 0.39812494230769235 0.21052631490384616 0.3874501057692308 0.21548663221153846 0.39580432451923075 0.21731411778846152 0.4055509134615385 0.21992481249999998 0.41112039423076924 0.21548663221153846 0.42597233894230774 0.21470342548076923 0.43711129567307694 0.22201336778846154 0.4514991177884615 0.21313700961538462 0.4566044735576923 0.21026524759615384 0.4408242836538462 0.19642857211538461 0.42225935336538456 0.18494152163461536 0.41436925721153844 0.18050334134615384 0.3967325721153846 0.18624686778846153
11 0.43339831009615387 0.1791979951923077 0.43061356971153847 0.17345446875 0.42365172115384614 0.17032163701923078 0.40833565384615383 0.17214912259615384 0.38930659855769234 0.17763157932692308 0.3818806274038461 0.18180868749999998 0.38930659855769234 0.1880743533653846 0.3962684495192308 0.1867690048076923 0.4148333798076923 0.1807644110576923 0.43107769471153845 0.1880743533653846 0.43571892788461536 0.18624686778846153 0.43339831009615387 0.1791979951923077
7 0.4528914879807692 0.1583124471153846 0.4635663221153846 0.15779031009615385 0.47284878846153844 0.15622389423076924 0.4774900216346154 0.1507414375 0.4760976514423077 0.14238721875 0.46820755528846153 0.13559941586538463 0.4635663221153846 0.12672305769230768 0.45846096634615385 0.12019632451923078 0.4389677908653846 0.11549707692307692 0.43200593990384617 0.11810776923076924 0.42225935336538456 0.12489557211538461 0.4166898725961538 0.13116123557692308 0.4269005841346154 0.14029866346153846 0.4292212019230769 0.14290935576923075 0.43711129567307694 0.14447577403846154 0.4408242836538462 0.1473475360576923 0.44360902163461535 0.1541353389423077 0.4528914879807692 0.1583124471153846
6 0.4547479807692308 0.1807644110576923 0.4519632403846154 0.1700605673076923 0.4547479807692308 0.16718880528846156 0.44778613221153846 0.16092314182692308 0.4417525288461538 0.15491854567307695 0.4417525288461538 0.1483918125 0.43664717307692313 0.14447577403846154 0.42504409134615384 0.14264828846153846 0.4176181201923077 0.14395363461538463 0.42318759855769233 0.14760860576923077 0.4282929543269231 0.15700710096153847 0.4347906802884615 0.16431704326923077 0.4301494471153846 0.17032163701923078 0.4315418173076923 0.17945906490384617 0.4361830504807692 0.18624686778846153 0.4440731466346154 0.1880743533653846 0.4556762283653846 0.18468045192307692 0.4547479807692308 0.1807644110576923
7 0.5939849615384616 0.08651837980769231 0.5800612644230769 0.0792084375 0.5698505528846154 0.07842523076923077 0.5749559086538462 0.08730158653846153 0.5707787980769231 0.09435045913461539 0.571707045673077 0.10296574759615384 0.5819177572115385 0.11001462019230769 0.5944490865384615 0.11419172836538462 0.6116216466346154 0.11366959134615384 0.6157987572115384 0.11053675961538462 0.6116216466346154 0.10035505528846154 0.60930103125 0.08834586538461539 0.6014109350961538 0.08860693509615383 0.5939849615384616 0.08651837980769231
8 0.5531421153846154 0.10870927403846155 0.5485008822115385 0.11053675961538462 0.5494291274038462 0.1175856298076923 0.5545344855769231 0.12698412740384615 0.5568551009615385 0.1327276514423077 0.5596398413461539 0.13768796875 0.5670658125 0.1382101081730769 0.5684581826923076 0.13116123557692308 0.5693864302884616 0.12724519711538462 0.5661375673076923 0.12019632451923078 0.5633528269230769 0.1149749375 0.5624245793269231 0.10923141105769231 0.5531421153846154 0.10870927403846155
8 0.5174046225961538 0.13586048557692307 0.5141557596153846 0.13951545432692308 0.5243664711538462 0.14473684134615386 0.5313283197115385 0.14786967307692309 0.5410749086538462 0.1483918125 0.5573192235576923 0.15126357451923075 0.5628887043269231 0.14552005048076924 0.5601039639423078 0.14212614903846155 0.5424672788461539 0.1389933173076923 0.5304000745192308 0.1361215528846154 0.5174046225961538 0.13586048557692307
8 0.546180264423077 0.15361319951923078 0.5410749086538462 0.15648496153846156 0.5438596490384615 0.16379490384615383 0.5517497451923077 0.16979949759615384 0.5573192235576923 0.17580409375 0.5652093197115385 0.1768483701923077 0.5730994158653846 0.17397660817307692 0.5679940600961538 0.16483918028846153 0.5614963341346153 0.15857351682692308 0.5582474711538462 0.1541353389423077 0.5531421153846154 0.15282999278846154 0.546180264423077 0.15361319951923078
7 0.5229741009615385 0.15935672596153846 0.5109068966346154 0.15779031009615385 0.4997679375 0.15883458653846153 0.49419845913461535 0.16614452884615385 0.5016244302884615 0.17267126201923075 0.5030168004807692 0.17554302403846153 0.5150840072115385 0.18154761778846154 0.5197252379807693 0.1870300745192308 0.5355054302884615 0.19094611538461537 0.5433955264423077 0.1841583125 0.5387542932692307 0.17502088461538462 0.5396825384615385 0.16979949759615384 0.5331848149038462 0.16275062740384616 0.5229741009615385 0.15935672596153846
7 0.5452520192307693 0.19251253124999998 0.5220458557692308 0.19068504567307692 0.5122992668269231 0.1880743533653846 0.5099786514423077 0.17893692548076923 0.5020885552884615 0.1791979951923077 0.49559082932692305 0.18833542307692308 0.49234196634615385 0.19199039182692307 0.4993038149038461 0.19668964182692308 0.5044091706730769 0.19956140384615384 0.5025526778846154 0.2047827908653846 0.5011603076923077 0.2081766923076923 0.5090504038461539 0.2123538004807692 0.50812215625 0.21966374278846154 0.5164763774038461 0.22357978365384618 0.5304000745192308 0.22540726923076923 0.5494291274038462 0.22958437740384616 0.5614963341346153 0.22384085096153847 0.5684581826923076 0.21392021634615382 0.5689223052884615 0.2042606514423077 0.5549986081730769 0.19668964182692308 0.5452520192307693 0.19251253124999998
7 0.6306507019230769 0.25464703365384617 0.6274018389423077 0.2549081033653846 0.6065162908653846 0.25516917307692305 0.5847024975961539 0.2606516298076923 0.5689223052884615 0.2624791153846154 0.5633528269230769 0.26091269951923074 0.5610322091346154 0.25386382692307696 0.5568551009615385 0.25020885576923074 0.5489650048076923 0.25647451923076925 0.5457161418269231 0.2624791153846154 0.546180264423077 0.2684837091346154 0.5489650048076923 0.2737050961538462 0.5573192235576923 0.27840434375 0.5652093197115385 0.28258145432692305 0.5647451971153846 0.2867585625 0.5689223052884615 0.2987677524038462 0.571707045673077 0.30868838701923074 0.5791330168269231 0.31182121874999996 0.595841454326923 0.30868838701923074 0.6157987572115384 0.30451127884615387 0.6334354399038461 0.30033416826923076 0.651072125 0.2977234759615385 0.6668523173076923 0.29328529567307693 0.6728859182692308 0.2911967427884615 0.6612828365384615 0.2841478701923077 0.6482873846153846 0.27266081971153844 0.6394690432692307 0.2606516298076923 0.6306507019230769 0.25464703365384617
6 0.6687088100961538 0.23506683413461538 0.6714935480769231 0.23715538942307693 0.6803118918269231 0.23872180528846154 0.6919149735576924 0.23976608173076921 0.69284321875 0.23454469471153847 0.69284321875 0.22984544711538463 0.6821683846153845 0.22801796153846154 0.6705653028846155 0.22854010096153846 0.6687088100961538 0.23506683413461538
9 0.6264735913461539 0.15387426923076925 0.6185834951923077 0.1523078533653846 0.6097651538461538 0.15439640865384613 0.60883690625 0.16431704326923077 0.6157987572115384 0.17423767788461536 0.6274018389423077 0.17632623317307694 0.6385407956730769 0.17162698317307695 0.6408614134615385 0.16849415144230767 0.6385407956730769 0.1606620721153846 0.6264735913461539 0.15387426923076925
6 0.46078158413461534 0.3877923966346154 0.4533556105769231 0.3849206346153846 0.4352548028846154 0.38152673317307695 0.4301494471153846 0.3757832091346154 0.4148333798076923 0.37761069230769234 0.4176181201923077 0.38126566346153845 0.42179522836538463 0.39301378365384615 0.42643646153846154 0.39875731009615384 0.4255082139423077 0.39980158653846154 0.4352548028846154 0.40189014182692306 0.43432655769230766 0.4110275697115385 0.4422166538461539 0.41442147115384614 0.449642625 0.41259398557692306 0.45985333653846155 0.4092000841346154 0.46588693990384616 0.40789473798076925 0.46867168028846157 0.39223057692307695 0.46078158413461534 0.3877923966346154
7 0.38420124278846157 0.42590852163461534 0.36238744951923074 0.41468253846153846 0.34939199759615386 0.4039786971153846 0.32943469711538464 0.4005847956730769 0.3215446033653846 0.40606725240384617 0.3127262596153846 0.41468253846153846 0.3025155480769231 0.4227756899038461 0.3099415216346154 0.4345238100961539 0.3141186298076923 0.4285192139423077 0.3224728485576923 0.42147034134615385 0.33129118990384615 0.4159878870192308 0.33825304086538466 0.41859857932692307 0.33871716346153846 0.4235588966346154 0.35264086057692307 0.4298245625 0.3702775456730769 0.4394841274038462 0.37723939423076924 0.4405284038461538 0.38512949038461536 0.4387009182692308 0.39069896875 0.43217418509615385 0.38420124278846157 0.42590852163461534
0 0.9063399230769231 0.43582915624999996 0.8989139519230769 0.444183375 0.8947368413461538 0.45619256490384613 0.8956650889423077 0.4621971586538462 0.8989139519230769 0.46611319951923075 0.9091246634615384 0.47029031009615385 0.9230483605769231 0.4734231418269231 0.9235124855769231 0.4674185456730769 0.9355796899038461 0.45567042548076925 0.9471827716346154 0.4444444447115385 0.923976608173077 0.4387009182692308 0.9063399230769231 0.43582915624999996
7 0.8938085961538461 0.4757727644230769 0.8849902524038461 0.4705513774038461 0.8803490216346154 0.47002924038461535 0.8766360336538461 0.4760338341346154 0.8789566514423076 0.4830827067307692 0.8743154182692308 0.4909147860576923 0.8910238557692308 0.4932644110576923 0.9035551850961538 0.4924812019230769 0.9021628149038462 0.48595446875000003 0.9007704447115384 0.47994987499999997 0.8938085961538461 0.4757727644230769
7 0.9314025817307693 0.5206766923076923 0.9365079375 0.5292919807692308 0.9388285528846154 0.5355576442307692 0.9495033894230769 0.5399958221153847 0.9611064687499999 0.5454782788461539 0.9699248125 0.5392126153846154 0.9699248125 0.5358187139423077 0.956929360576923 0.5248538004807692 0.949039264423077 0.5175438605769231 0.9439339086538462 0.5167606514423077 0.9314025817307693 0.5206766923076923
7 0.8339366947115384 0.5619256466346154 0.8302237067307693 0.5655806177884615 0.8330084471153847 0.5705409350961539 0.8362573100961538 0.5768066009615385 0.8306878317307693 0.582550125 0.8455397764423077 0.5835944014423077 0.8585352259615384 0.5807226394230769 0.8589993509615385 0.5755012524038462 0.8552863653846153 0.5661027572115385 0.8497168846153845 0.5619256466346154 0.8339366947115384 0.5619256466346154
5 0.7285807115384616 0.9859022548076923 0.7341501899038462 0.9903404350961539 0.7448250264423077 0.9832915624999999 0.7448250264423077 0.9793755216346154 0.7336860673076924 0.9762426899038462 0.7295089567307692 0.9809419375 0.7285807115384616 0.9859022548076923
5 0.7666388197115384 0.9668441947115384 0.772672420673077 0.9686716802884615 0.781026641826923 0.9691938173076923 0.7787060240384616 0.9631892235576923 0.7736006682692308 0.9611006682692308 0.7675670649038462 0.9611006682692308 0.7652464495192308 0.9660609855769231 0.7666388197115384 0.9668441947115384
2 0.945326278846154 0.6496449447115384 0.9327949495192308 0.6689640769230769 0.9165506346153846 0.6901106923076923 0.9026269374999999 0.7096908942307691 0.9003063221153845 0.7154344182692308 0.9049475528846155 0.7170008365384616 0.9100529110576924 0.7117794495192308 0.9304743341346153 0.6820175432692307 0.945326278846154 0.6613930649038462 0.9508957572115384 0.6506892235576923 0.945326278846154 0.6496449447115384
2 0.9518240048076922 0.6613930649038462 0.9518240048076922 0.6509502932692308 0.9527522500000001 0.6418128653846153 0.9462545264423077 0.6397243100961538 0.9434697860576923 0.6501670841346154 0.9499675120192308 0.6514724302884616 0.94486215625 0.666614451923077 0.9434697860576923 0.6760129495192307 0.9434697860576923 0.6924603173076923 0.9402209230769232 0.7060359230769231 0.9374361826923077 0.7183061826923077 0.94486215625 0.7188283197115385 0.9425415384615385 0.7457184639423077 0.9476468942307693 0.7467627403846154 0.9508957572115384 0.7156954879807693 0.9504316346153847 0.6848893076923077 0.9518240048076922 0.6613930649038462
0 0.9699248125 0.58489975 0.9583217307692308 0.597431076923077 0.9434697860576923 0.6230158725961539 0.9402209230769232 0.636852548076923 0.9606423461538461 0.642857141826923 0.9792072764423078 0.6478174615384616 0.9922027283653846 0.6190998341346153 0.9991645769230769 0.6057852956730769 0.9982363317307693 0.5937761057692308 0.9833843870192307 0.5888157884615385 0.9699248125 0.58489975
0 0.9573934831730769 0.66008771875 0.9555369903846154 0.6754908100961539 0.9666759495192309 0.6760129495192307 0.9991645769230769 0.6775793653846154 0.9991645769230769 0.6219715961538461 0.9912744831730769 0.6211883870192308 0.9773507836538461 0.6483395985576923 0.9578576057692308 0.6444235576923076 0.9573934831730769 0.66008771875
13 0.9768866610576924 0.551482875 0.9652835793269231 0.5520050120192308 0.9592499759615385 0.5480889735576923 0.9527522500000001 0.5496553894230769 0.94486215625 0.5559210528846154 0.9434697860576923 0.5668859639423076 0.9457904014423076 0.5760233918269231 0.9583217307692308 0.5786340841346154 0.9768866610576924 0.5802005024038461 0.981992016826923 0.5794172932692307 0.9931309759615385 0.5728905600961538 0.9945233461538462 0.5634920625000001 0.9880256201923078 0.55513784375 0.9768866610576924 0.551482875
7 0.8617840889423077 0.12385129567307693 0.8552863653846153 0.13324979086538463 0.8576069807692307 0.14212614903846155 0.8613199663461538 0.15126357451923075 0.8659611995192308 0.15935672596153846 0.8729230480769231 0.15857351682692308 0.8849902524038461 0.15309106009615386 0.8933444735576923 0.14473684134615386 0.8961292115384616 0.13716583173076924 0.8817413894230769 0.12933375 0.8724589254807692 0.12463450240384615 0.8617840889423077 0.12385129567307693
7 0.8139793918269231 0.2598684206730769 0.8255824735576923 0.2677005024038462 0.8344008173076923 0.2737050961538462 0.8418267884615385 0.2802318293269231 0.8534298701923078 0.2708333341346154 0.848324514423077 0.26169590625 0.8371855576923076 0.2556913125 0.8195488725961538 0.25543024278846155 0.8139793918269231 0.2598684206730769
7 0.8803490216346154 0.2870196322115385 0.8873108701923077 0.2752715120192308 0.8882391153846154 0.26978905528846153 0.8719948028846154 0.2645676682692307 0.8580711033653846 0.26300125240384614 0.8501810072115384 0.26326232211538464 0.8538939951923077 0.2695279855769231 0.8460038990384615 0.2781432740384615 0.86085584375 0.28049289903846153 0.8696741850961539 0.27970968990384615 0.8650329519230768 0.28649749278846154 0.8668894447115385 0.2919799495192308 0.8738512956730768 0.29250208894230767 0.8803490216346154 0.2870196322115385
4 0.7285807115384616 0.4402673341346154 0.7355425600961538 0.43661236538461534 0.751786875 0.4285192139423077 0.7476097644230768 0.4246031754807692 0.7364708076923077 0.4172932331730769 0.7192982451923077 0.4243421057692308 0.7123363966346153 0.42930242307692307 0.7011974375 0.4353070168269231 0.7081592860576923 0.4394841274038462 0.70955165625 0.4460108605769231 0.7169776298076923 0.45044903846153844 0.7234753557692308 0.4478383461538461 0.7318295745192308 0.444183375 0.7285807115384616 0.4402673341346154
8 0.7559639831730769 0.4279970769230769 0.7462173942307693 0.4300856298076923 0.7378631754807692 0.43269632451923074 0.7364708076923077 0.4347848798076923 0.7295089567307692 0.44000626682692306 0.7327578197115384 0.4426169591346154 0.7373990528846155 0.44287802884615385 0.7466815192307692 0.44131161298076926 0.7522509975961539 0.44131161298076926 0.7661746947115385 0.4368734326923077 0.7684953125 0.4355680865384616 0.7643182019230769 0.4290413533653846 0.7559639831730769 0.4279970769230769
2 0.45985333653846155 0.4624582283653846 0.4556762283653846 0.4585421899038461 0.4468578846153846 0.45488721875 0.4352548028846154 0.46063074278846156 0.4199387355769231 0.46663533894230774 0.41204863942307696 0.4734231418269231 0.4023020504807692 0.47916666586538464 0.3967325721153846 0.4833437764423077 0.39998143509615386 0.4851712620192308 0.41112039423076924 0.4825605673076923 0.4213311057692308 0.48021094471153847 0.4269005841346154 0.47760025 0.4422166538461539 0.4723788629807692 0.45985333653846155 0.4624582283653846
2 0.4528914879807692 0.5546157067307692 0.4417525288461538 0.550960735576923 0.4352548028846154 0.5567042596153846 0.42504409134615384 0.5684523822115385 0.42318759855769233 0.5739348365384616 0.41715399519230767 0.5822890552884615 0.42086698317307697 0.5833333341346154 0.4301494471153846 0.5775898076923076 0.43711129567307694 0.57419590625 0.44592963942307695 0.5676691730769231 0.4528914879807692 0.558009608173077 0.4528914879807692 0.5546157067307692
8 0.7011974375 0.6687030072115385 0.6946997115384614 0.6720969086538461 0.6988768221153846 0.6770572259615384 0.7049104254807692 0.6770572259615384 0.7197623677884616 0.6754908100961539 0.7350784374999999 0.6741854639423077 0.7443609014423077 0.6700083533653847 0.7411120384615385 0.6647869663461539 0.7341501899038462 0.6655701754807691 0.7169776298076923 0.6687030072115385 0.7011974375 0.6687030072115385
6 0.5768124014423077 0.5650584783653846 0.5791330168269231 0.5590538846153846 0.5828460048076923 0.5587928149038461 0.59212846875 0.5608813701923077 0.605123920673077 0.5600981610576923 0.6134781394230769 0.5603592307692308 0.6357560576923077 0.5614035096153847 0.6580339735576923 0.5572263990384616 0.6701011778846154 0.5543546370192307 0.6668523173076923 0.546783625 0.6441102764423078 0.5517439423076923 0.6287942067307692 0.5540935673076923 0.6153346322115385 0.5564431923076923 0.6065162908653846 0.55513784375 0.5953773317307692 0.5522660817307693 0.5819177572115385 0.5504385961538462 0.571707045673077 0.5496553894230769 0.5698505528846154 0.5556599831730769 0.5684581826923076 0.5517439423076923 0.5628887043269231 0.5433897235576923 0.5573192235576923 0.5496553894230769 0.55871159375 0.5556599831730769 0.5633528269230769 0.5619256466346154 0.5703146754807692 0.5723684206730769 0.5814536346153847 0.5700187980769231 0.5768124014423077 0.5650584783653846