2 0.17179350480769232 0.14042990384615386 0.1801900576923077 0.1439421875 0.19797099759615386 0.1421860456730769 0.21575193509615384 0.1360395480769231 0.21575193509615384 0.12550269471153847 0.21180061538461536 0.10618513221153845 0.1955014230769231 0.10618513221153845 0.17228741826923077 0.10881934615384616 0.17031175961538464 0.12023426923076924 0.1589517139423077 0.12462462499999999 0.16191520432692308 0.1351614783653846 0.17179350480769232 0.14042990384615386
9 0.056711317307692306 0.29497040865384616 0.04535127163461539 0.29497040865384616 0.03942429326923077 0.3055072620192308 0.041399951923076925 0.32043446875 0.05029042307692307 0.3257028966346154 0.06412004086538461 0.32745903846153845 0.0651078701923077 0.3221906105769231 0.06313221153846155 0.3055072620192308 0.056711317307692306 0.29497040865384616
4 0.12487158173076923 0.16325974999999998 0.12981073076923078 0.15623518269230768 0.13573771153846154 0.1439421875 0.13573771153846154 0.13164919230769231 0.11746285817307692 0.12286848317307693 0.11054804807692308 0.15360096875 0.12487158173076923 0.16325974999999998
4 0.11153587740384616 0.14306411778846154 0.09820017307692308 0.15272289903846153 0.10215149278846154 0.17204046153846153 0.1080784735576923 0.17906502884615383 0.12240200721153846 0.1755527451923077 0.12338983653846153 0.1641378221153846 0.11202979326923077 0.15535711057692309 0.11153587740384616 0.14306411778846154
7 0.14660384134615384 0.1456983293269231 0.1377133701923077 0.15008868509615383 0.13030464663461538 0.15360096875 0.1258594110576923 0.17467467548076923 0.12981073076923078 0.1860895985576923 0.14364035096153846 0.18433345673076923 0.15648213942307693 0.1764308173076923 0.1530247355769231 0.15974746634615386 0.14660384134615384 0.1456983293269231
7 0.13672554086538463 0.1017947764423077 0.13672554086538463 0.09389213701923077 0.13672554086538463 0.07545264663461539 0.13178639182692306 0.0631596514423077 0.1164750264423077 0.05174472596153846 0.10462106730769231 0.04647630048076923 0.09770625961538461 0.05613508173076923 0.09770625961538461 0.07984300000000001 0.1061028125 0.09564827884615384 0.11696894230769231 0.10618513221153845 0.12684724278846154 0.10794127403846154 0.13672554086538463 0.1017947764423077
8 0.2394598533653846 0.11408777163461538 0.24686857932692308 0.11408777163461538 0.2508198990384615 0.1053070625 0.2443990048076923 0.09564827884615384 0.2197032548076923 0.0824772139423077 0.21575193509615384 0.10355091826923077 0.2394598533653846 0.11408777163461538
10 0.26860083653846156 0.11760005528846153 0.26415560336538463 0.10706320432692308 0.25526513461538464 0.09828249278846155 0.2513138149038462 0.10003863461538462 0.24884423798076924 0.11584391346153847 0.2527955576923077 0.11935619711538462 0.2626738581730769 0.12462462499999999 0.26613126201923076 0.12638076682692306 0.26860083653846156 0.11760005528846153
1 0.5624802427884615 0.060525437499999994 0.5639619879807692 0.07018421875 0.5590228389423078 0.08686756971153847 0.5451932187499999 0.09564827884615384 0.53630275 0.1017947764423077 0.5303757716346154 0.11760005528846153 0.5249427067307693 0.1334053341346154 0.5288940264423077 0.16238168028846156 0.535314920673077 0.16062553846153846 0.5432175600961539 0.19047995432692308 0.5703828822115384 0.19750452163461538 0.5827307572115384 0.19838259375 0.5827307572115384 0.17291853365384616 0.6039691009615384 0.16062553846153846 0.6370614038461538 0.14657640144230769 0.6291587644230769 0.11584391346153847 0.61779871875 0.055257012019230764 0.6000177812499999 0.049988584134615384 0.5644559038461539 0.04647630048076923 0.5624802427884615 0.060525437499999994
6 0.6671902163461538 0.28443355528846154 0.6701537067307692 0.2940923389423077 0.6612632379807692 0.30814147355769234 0.6533605985576922 0.32833710817307693 0.6662023870192308 0.3379958894230769 0.6760806850961539 0.3494108149038461 0.68151375 0.3555573125 0.6874407307692307 0.3678503052884615 0.6988007740384615 0.37136259134615385 0.7052216682692307 0.35467924038461535 0.7116425624999999 0.33975203365384615 0.7126303942307692 0.32745903846153845 0.7096669038461538 0.3125318293269231 0.7116425624999999 0.28970198317307694 0.6997886033653846 0.2853116274038462 0.6933677091346154 0.27477477403846157 0.6760806850961539 0.27740898798076924 0.6671902163461538 0.28443355528846154
6 0.7200391177884615 0.4916583245192308 0.7200391177884615 0.4828776153846154 0.7234965240384615 0.46619426442307693 0.7121364783653846 0.46180390865384613 0.7205330336538461 0.45302319951923076 0.7170756274038462 0.44687670192307694 0.7106547331730769 0.4416082740384616 0.7067034134615385 0.43897406250000004 0.7042338389423077 0.43194949278846156 0.6973190288461539 0.42931528125 0.6864528990384616 0.4363398485576923 0.6933677091346154 0.47585304567307696 0.70275209375 0.4934144663461538 0.7067034134615385 0.5136101009615385 0.7116425624999999 0.5381960913461539 0.7131243076923077 0.5540013701923077 0.7190512884615384 0.5671724350961539 0.7244843533653846 0.5583917259615384 0.7284356730769231 0.539952233173077 0.7358443966346153 0.55136715625 0.7402896322115384 0.5487329423076923 0.7506618461538461 0.5443425889423077 0.7575766562499999 0.5434645168269231 0.7605401466346154 0.5373180192307692 0.758564485576923 0.5276592379807693 0.7472044423076922 0.5285373100961539 0.7358443966346153 0.524146954326923 0.7264600120192307 0.5197565985576923 0.7170756274038462 0.4986828942307693 0.7200391177884615 0.4916583245192308
4 0.8395665408653846 0.6374181201923077 0.8449996057692307 0.6286374086538462 0.839072625 0.6128321298076923 0.8316639014423076 0.6022952788461539 0.8282064951923077 0.5882461418269231 0.8237612620192307 0.6005391346153846 0.8227734302884616 0.6093198461538462 0.8262308365384615 0.6321496947115384 0.8282064951923077 0.6453207596153846 0.8346273894230769 0.6497111153846155 0.8395665408653846 0.6374181201923077
8 0.5516141129807692 0.3072634038461538 0.5580350096153845 0.30989761778846153 0.5644559038461539 0.3002388341346154 0.5728524567307692 0.28970198317307694 0.5768037764423076 0.27653091586538464 0.5792733533653845 0.2668721346153846 0.5753220336538462 0.2598475673076923 0.5684072235576922 0.2677502067307692 0.5595167548076924 0.27653091586538464 0.5530958581730769 0.28794584134615386 0.5471688798076924 0.2932142668269231 0.5412418990384615 0.30462918990384613 0.5516141129807692 0.3072634038461538
7 0.5170400673076924 0.15886939663461538 0.5140765769230768 0.15096675721153846 0.5101252572115385 0.15886939663461538 0.5012347884615385 0.16765010576923078 0.49728346875 0.18257731490384616 0.5002469567307692 0.1931141658653846 0.5056800216346153 0.20277294951923078 0.5086435120192307 0.21770015625 0.5140765769230768 0.2291150793269231 0.5175339807692307 0.22560279567307692 0.5214853004807692 0.21770015625 0.5279061947115384 0.20891944471153845 0.526424451923077 0.2001387355769231 0.522967045673077 0.18696766826923075 0.5204974711538461 0.17906502884615383 0.5185218100961538 0.16852817788461538 0.5170400673076924 0.15886939663461538
7 0.46616682451923075 0.15535711057692309 0.46814248557692306 0.18345538461538463 0.4711059735576923 0.20804137500000003 0.4780207836538462 0.22823700961538462 0.48295993269230764 0.24579843028846152 0.48888691346153845 0.24579843028846152 0.501728701923077 0.23613964903846155 0.5046921923076924 0.22384665384615385 0.505186108173077 0.20277294951923078 0.5022226177884616 0.19223609615384613 0.49777738221153844 0.17906502884615383 0.5022226177884616 0.16501589423076923 0.5066678509615385 0.1483325432692308 0.50271653125 0.13867376201923076 0.49827129807692305 0.1439421875 0.49580172355769225 0.1360395480769231 0.48888691346153845 0.14042990384615386 0.4839477644230769 0.12813690865384617 0.47900861298076924 0.11935619711538462 0.4735755480769231 0.1272588389423077 0.46616682451923075 0.15535711057692309
11 0.47308163461538466 0.21418787259615385 0.4676485697115385 0.1931141658653846 0.46023984615384617 0.17291853365384616 0.45678243990384615 0.16852817788461538 0.4503615456730769 0.18082117307692308 0.44591631009615385 0.19926066346153848 0.4612276754807692 0.22560279567307692 0.4711059735576923 0.23174929326923077 0.47308163461538466 0.21418787259615385
2 0.0008989254807692307 0.13955183173076924 0.005838074519230769 0.16062553846153846 0.02361901442307692 0.20365101923076923 0.031521653846153845 0.20277294951923078 0.017692033653846154 0.17028431971153848 0.009789394230769232 0.15008868509615383 0 0.12050295913461538 0.0008989254807692307 0.13955183173076924
4 0.06115655048076923 0.03769559134615385 0.07498617067307692 0.03593944951923077 0.08338272596153845 0.02364645432692308 0.08486446874999999 0.002572747596153846 0.062144382211538465 0.0008166057692307692 0.05868697596153846 0.013987670673076923 0.06115655048076923 0.03769559134615385
8 0.34268808173076926 0.09389213701923077 0.34713331730769226 0.07984300000000001 0.34713331730769226 0.06930614903846154 0.33873676201923075 0.06667193509615385 0.3342915288461539 0.07545264663461539 0.3244132283653846 0.09125792548076922 0.31749841826923075 0.10706320432692308 0.31552275961538456 0.12286848317307693 0.32836454807692306 0.12374655288461539 0.3367611033653847 0.1096974158653846 0.34268808173076926 0.09389213701923077
7 0.31749841826923075 0.08423335576923076 0.32836454807692306 0.06491579326923078 0.32984629326923076 0.05876929567307692 0.326388889423077 0.045598230769230766 0.31008969471153847 0.03681751923076923 0.30218705528846157 0.041207875 0.2937905 0.03242716346153846 0.28588786057692306 0.04647630048076923 0.2913209254807692 0.05876929567307692 0.29774181971153846 0.07457457451923076 0.3031748846153846 0.08774563942307692 0.30811403605769233 0.0921359951923077 0.31749841826923075 0.08423335576923076
4 0.24983206971153848 0.0016946778846153845 0.25575904807692307 0.026280665865384616 0.2587225384615385 0.04208594471153847 0.26711909375 0.045598230769230766 0.2760095625 0.039451733173076924 0.2720582427884616 0.01310960096153846 0.26860083653846156 0.0016946778846153845 0.24983206971153848 0.0016946778846153845
4 0.35503595673076926 0.06403772115384615 0.3565177019230769 0.09301406730769231 0.35948119230769227 0.1026728485576923 0.37034732211538457 0.09125792548076922 0.3673838317307692 0.07106229086538461 0.36985340624999996 0.05876929567307692 0.3688655769230769 0.049988584134615384 0.35503595673076926 0.06403772115384615
7 0.3254010600961538 0.009597317307692308 0.3288584639423077 0.021012240384615386 0.3318219543269231 0.03769559134615385 0.33923067788461536 0.05262279807692308 0.34466374278846157 0.049988584134615384 0.3520724663461538 0.06140350961538461 0.3604690216346154 0.057013153846153845 0.3649142572115384 0.04911051442307693 0.36787774519230765 0.041207875 0.3693594903846154 0.033305235576923074 0.3683716610576923 0.018378026442307693 0.35948119230769227 0.013987670673076923 0.35059072115384615 0.004328889423076923 0.3461454879807692 0.002572747596153846 0.33213147355769235 0 0.3244132283653846 0.002572747596153846 0.3254010600961538 0.009597317307692308
6 0.7644914639423077 0.6971269519230769 0.7575766562499999 0.7059076610576922 0.7600462307692308 0.7269813677884615 0.7714062740384615 0.7498112139423078 0.7807906586538462 0.7603480673076923 0.7921507043269231 0.7735191322115385 0.7961020240384615 0.7664945649038462 0.8074620673076923 0.7700068485576923 0.8114133870192308 0.7656164927884616 0.8109194711538461 0.7401524326923077 0.8158586225961538 0.7059076610576922 0.8114133870192308 0.6909804543269231 0.8054864086538461 0.6821997427884615 0.7921507043269231 0.6760532451923077 0.7847419783653845 0.6804436009615386 0.7763454254807692 0.6892243124999999 0.7644914639423077 0.6971269519230769
7 0.6978129447115384 0.7814217716346155 0.7007764350961538 0.7796656298076924 0.7076912427884616 0.791958625 0.7150999687499999 0.7893244134615384 0.7067034134615385 0.7796656298076924 0.6973190288461539 0.76298228125 0.6800320048076922 0.7647384230769231 0.6825015817307692 0.7849340576923077 0.6834894110576923 0.8103981177884615 0.6869468149038462 0.8288376105769231 0.6992946899038461 0.8288376105769231 0.7076912427884616 0.8226911129807692 0.7195452019230769 0.8305937524038461 0.7239904375 0.8376183197115386 0.7304113317307692 0.8525455288461538 0.7348565673076923 0.863960451923077 0.7378200576923077 0.8648385216346154 0.7412774615384615 0.8560578125 0.7393018028846154 0.8420086754807692 0.7383139711538462 0.8297156802884615 0.7190512884615384 0.8165446153846154 0.7141121394230769 0.8121542596153847 0.7057155841346153 0.7989831947115384 0.6978129447115384 0.7814217716346155
5 0.5550715192307693 0.687468170673077 0.5590228389423078 0.6628821802884615 0.5481567091346153 0.6584918245192307 0.5461810504807693 0.6734190336538461 0.5550715192307693 0.687468170673077
7 0.4276414567307692 0.7752752740384616 0.43505018269230766 0.791958625 0.4419649903846154 0.7972270504807693 0.451349375 0.7875682692307693 0.45579461057692305 0.7779094879807692 0.45875810096153846 0.7656164927884616 0.4592520144230769 0.7524454278846153 0.45530069471153845 0.7357620769230769 0.45381894951923074 0.7304936514423077 0.44937371634615386 0.7252252259615385 0.4340623509615385 0.7322497932692307 0.42813537259615386 0.7506892860576924 0.4276414567307692 0.7752752740384616
2 0.378743875 0.8543016706730769 0.35750553124999995 0.8349841057692308 0.3268828028846154 0.8270814663461539 0.3234253990384615 0.8463990312499999 0.3249071442307692 0.8595700961538462 0.3481211466346154 0.8630823798076922 0.3565177019230769 0.8701069495192308 0.3792377908653846 0.86571659375 0.378743875 0.8543016706730769
4 0.28638177644230767 0.7831779158653845 0.2937905 0.7779094879807692 0.3002113966346154 0.7700068485576923 0.2987296514423077 0.7533234999999999 0.29774181971153846 0.7331278653846154 0.2937905 0.7269813677884615 0.2853939471153846 0.7331278653846154 0.28440611778846153 0.7498112139423078 0.2804547980769231 0.7559577115384616 0.27946696634615387 0.7664945649038462 0.28638177644230767 0.7831779158653845
7 0.3135471009615385 0.8428867451923078 0.30910186538461537 0.8086419759615384 0.29922356490384616 0.8007393365384616 0.2957661610576923 0.8130323317307693 0.28687569230769233 0.8490332427884616 0.3036688004807692 0.8613262379807692 0.3135471009615385 0.8428867451923078
6 0.08535838461538461 0.8270814663461539 0.06856527644230768 0.8121542596153847 0.06066263701923077 0.8191788269230769 0.05325391105769231 0.8472771009615384 0.04238778365384615 0.8744973052884616 0.06658961538461539 0.8885464423076923 0.08190098076923077 0.9034736490384615 0.08684012980769232 0.8420086754807692 0.08535838461538461 0.8270814663461539
8 0.17031175961538464 0.8060077620192309 0.16636043990384616 0.8139104014423076 0.16636043990384616 0.8226911129807692 0.16191520432692308 0.8323498942307693 0.16255001442307693 0.8475542331730769 0.16339694951923076 0.8622043100961538 0.1648786947115385 0.8832780144230769 0.1648786947115385 0.9034736490384615 0.17722656971153847 0.9061078629807693 0.18167180288461537 0.9052297908653847 0.17772048317307693 0.8946929375000001 0.18050425721153845 0.8794728870192308 0.1787083125 0.8665946658653846 0.17729814423076923 0.8344447860576923 0.17376916346153845 0.8156665432692307 0.17031175961538464 0.8060077620192309
7 0.22859372596153846 0.5276592379807693 0.21673976682692306 0.5434645168269231 0.2231606610576923 0.5794654302884615 0.23649636538461538 0.6058075625 0.24588075 0.6216128413461538 0.2532894735576923 0.6181005576923078 0.25230164423076923 0.6014172067307693 0.24686857932692308 0.594392639423077 0.24835032451923075 0.5864899975961538 0.25378338942307693 0.5803435024038461 0.25575904807692307 0.5645382235576923 0.25575904807692307 0.5452206586538462 0.2562529639423077 0.5294153798076923 0.2532894735576923 0.5136101009615385 0.24884423798076924 0.4942925384615385 0.24094159855769232 0.4942925384615385 0.23600244951923077 0.5083416754807693 0.22859372596153846 0.5276592379807693
5 0.19974094471153844 0.08663634375000001 0.19076382451923074 0.0820765360576923 0.18403098317307692 0.09632593509615385 0.19364932692307693 0.10544555048076923 0.1994203341346154 0.09347605528846153 0.19974094471153844 0.08663634375000001
6 0.1564583966346154 0.03419855769230769 0.1567790096153846 0.009689591346153846 0.14748127644230768 0.008549639423076922 0.14587821875 0.027928822115384614 0.1564583966346154 0.03419855769230769
4 0.09586282932692308 0.10772545432692307 0.0916948798076923 0.09176612740384615 0.07181696875 0.10202569471153847 0.07374063701923077 0.12254482932692307 0.08816815384615384 0.11570511778846154 0.09586282932692308 0.10772545432692307
7 0.059313122596153844 0.0820765360576923 0.07021391105769231 0.08606636778846154 0.061557401442307695 0.0672571610576923 0.05129783413461538 0.05072785817307693 0.04552682932692308 0.045028098557692305 0.03334359375 0.06497725721153846 0.03302298076923077 0.07808670432692308 0.04745049759615384 0.08777629567307692 0.059313122596153844 0.0820765360576923
0 0.16992407932692308 0.3379957355769231 0.18274853846153846 0.34255554326923077 0.1872370985576923 0.33400590384615386 0.18467220673076923 0.3169066274038462 0.16607674278846155 0.31006691586538465 0.1596645120192308 0.3208964591346154 0.1593439014423077 0.3305860504807692 0.16992407932692308 0.3379957355769231
7 0.07342002644230769 0.22685042788461537 0.08367959374999999 0.23767996875 0.08816815384615384 0.22856035576923078 0.08560326201923077 0.20633129326923075 0.07406125 0.17954242307692309 0.0638016826923077 0.20576131730769232 0.07342002644230769 0.22685042788461537
7 0.08496203846153846 0.049587906249999994 0.09618343990384615 0.05243778605769231 0.10451933894230768 0.04673802644230769 0.1163819639423077 0.05300776201923077 0.13016825721153846 0.062127377403846155 0.1369010985576923 0.05585764182692307 0.13978660096153847 0.04445812259615385 0.1359392644230769 0.03305860576923077 0.1292064230769231 0.020519134615384613 0.11862624278846154 0.018809206730769232 0.10387811538461539 0.018239230769230768 0.10035138942307692 0.017099278846153844 0.09201549278846154 0.014249399038461537 0.085923875 0.0222290625 0.08496203846153846 0.049587906249999994
7 0.2164127427884615 0.8811828149038461 0.2093592908653846 0.8726331754807692 0.20006155769230768 0.8629435841346154 0.19621421874999997 0.8606636802884615 0.1894813798076923 0.8749130793269231 0.18691648798076924 0.8868825745192308 0.19300810576923075 0.8971421418269231 0.20102339182692308 0.904551826923077 0.21448907451923077 0.902271923076923 0.2164127427884615 0.8811828149038461
7 0.44462165624999994 0.4675113701923077 0.42856193509615387 0.46455785817307693 0.4185938341346154 0.48424793750000006 0.40917951442307693 0.5098450384615385 0.4274543677884616 0.527566110576923 0.4451754375 0.5413491634615385 0.4612351586538462 0.5187055745192308 0.4584662403846154 0.5088605360576923 0.45071327403846156 0.4862169447115384 0.44462165624999994 0.4675113701923077
0 0.38315169230769236 0.4379762548076923 0.39478114423076927 0.44979030048076923 0.40253411298076924 0.43206923076923076 0.39145844471153846 0.4084411370192308 0.38315169230769236 0.3897355625 0.3709684567307692 0.4084411370192308 0.38315169230769236 0.4379762548076923
6 0.09105365865384615 0.6395130120192308 0.09329793750000001 0.6685817860576923 0.09618343990384615 0.6811212572115385 0.10291628124999999 0.6811212572115385 0.11221401442307692 0.6765614495192308 0.1292064230769231 0.6651619302884615 0.13914537740384614 0.6526224591346155 0.13401559375 0.6446427956730769 0.12535908413461538 0.6457827475961538 0.11862624278846154 0.634953204326923 0.11862624278846154 0.6224137331730769 0.11477890624999999 0.6115841899038462 0.10035138942307692 0.6258335889423077 0.09105365865384615 0.6395130120192308
6 0.07277880288461538 0.6047444807692307 0.07630552884615384 0.6155740216346154 0.07983225721153847 0.6269735408653846 0.08496203846153846 0.6383730600961539 0.08816815384615384 0.637233108173077 0.10195444711538461 0.6241236610576923 0.11093156971153847 0.6132941177884615 0.11349646153846155 0.6036045288461538 0.11509951682692308 0.5973347932692308 0.11766440865384616 0.5870752259615385 0.11221401442307692 0.5751057307692308 0.10291628124999999 0.5773856346153846 0.09746588701923077 0.5933449615384615 0.0942597716346154 0.5899251057692307 0.08432081730769231 0.5910650576923077 0.07758797596153846 0.5910650576923077 0.07277880288461538 0.6047444807692307
6 0.03558787259615385 0.5847953221153847 0.026931362980769234 0.6127241418269231 0.024687084134615383 0.6258335889423077 0.020198521634615385 0.6429328677884616 0.028213810096153848 0.6600321466346154 0.03654970673076923 0.6702917139423078 0.04841233173076923 0.6668718581730769 0.05129783413461538 0.6577522427884616 0.05674823076923077 0.6429328677884616 0.051939057692307694 0.6309633725961539 0.05001538942307692 0.6178539254807693 0.04969477884615384 0.6064544086538461 0.048091721153846155 0.5870752259615385 0.03558787259615385 0.5847953221153847
6 0.02725197596153846 0.6184239014423076 0.03141992307692308 0.6275435168269231 0.03398481490384615 0.6309633725961539 0.041038269230769225 0.6321033245192308 0.0429619375 0.6229837091346154 0.03815276442307692 0.6110142139423077 0.03302298076923077 0.6098742620192308 0.02725197596153846 0.6184239014423076
6 0.017633629807692307 0.5910650576923077 0.024045860576923078 0.5967648173076923 0.03141992307692308 0.5916350336538462 0.03430542788461539 0.5802355144230769 0.03238175721153846 0.5751057307692308 0.02629013942307692 0.5688359951923077 0.02148096875 0.5796655384615385 0.017633629807692307 0.5910650576923077
6 0.1481225 0.7107600048076923 0.14684005288461538 0.6896708966346154 0.14555760817307692 0.6959406322115385 0.13145070192307692 0.7073401490384617 0.13209192548076923 0.7210195721153846 0.12792397596153846 0.7284292596153846 0.1272827548076923 0.7438186105769231 0.12311480528846154 0.7472384663461539 0.12439725 0.773457360576923 0.1292064230769231 0.773457360576923 0.13241253846153847 0.7586379855769232 0.14074843509615384 0.7592079615384615 0.14267210336538463 0.7483784182692308 0.14780188701923078 0.7426786586538461 0.14748127644230768 0.7329890673076923 0.14395455048076922 0.7227294999999999 0.1481225 0.7107600048076923
6 0.11574074038461538 0.6902408725961539 0.1141376826923077 0.6788413533653846 0.10067200240384616 0.6834011610576923 0.09297732692307692 0.6896708966346154 0.10067200240384616 0.6976505600961538 0.10259567067307693 0.7073401490384617 0.1061223966346154 0.7113299807692308 0.11125218028846154 0.7022103677884615 0.11574074038461538 0.6902408725961539
6 0.11574074038461538 0.7740273365384615 0.12119113461538461 0.7723174086538461 0.12087052403846155 0.7643377451923077 0.11574074038461538 0.7552181298076923 0.11061095673076923 0.7592079615384615 0.10868728846153847 0.7711774567307692 0.11574074038461538 0.7740273365384615
5 0.14587821875 0.7899866634615385 0.14619882932692307 0.7956864230769232 0.14203088221153848 0.8042360600961539 0.14171026923076924 0.8099358197115384 0.15036677884615385 0.8099358197115384 0.15229044711538461 0.8076559158653847 0.1570996201923077 0.8019561586538462 0.15806145432692306 0.7928365432692307 0.15421411778846156 0.7871367836538461 0.14587821875 0.7899866634615385
4 0.6306427620192309 0.04901793028846154 0.6255129783653846 0.06554723317307692 0.6277572596153846 0.0672571610576923 0.6399404951923077 0.06839711298076924 0.6457115000000001 0.058137545673076926 0.6463527235576922 0.046168050480769225 0.6399404951923077 0.039898317307692305 0.6332076538461539 0.037618413461538464 0.6306427620192309 0.04901793028846154
7 0.5389478822115384 0.2467995841346154 0.5460013341346154 0.2536392956730769 0.552092951923077 0.26560879086538464 0.5597876274038461 0.2627589110576923 0.5642761875 0.2553492235576923 0.5655586322115385 0.24736956009615385 0.5633143533653846 0.23995987259615384 0.557222735576923 0.23255018749999998 0.5556196778846154 0.2240005480769231 0.5479250024038461 0.22001071634615382 0.5431158317307692 0.2205806923076923 0.5389478822115384 0.2205806923076923 0.533176875 0.23483009134615385 0.53542115625 0.2405298485576923 0.5389478822115384 0.2467995841346154
7 0.5421539951923077 0.29011775721153843 0.5463219447115384 0.29011775721153843 0.5437570528846154 0.2735884543269231 0.5437570528846154 0.25990903125 0.5392684927884616 0.2536392956730769 0.53093259375 0.25477924759615383 0.5274058677884615 0.25990903125 0.5283677019230769 0.27244850240384616 0.5286883149038462 0.28384802163461537 0.533176875 0.29524754086538463 0.5421539951923077 0.29011775721153843
6 0.1785805889423077 0.05585764182692307 0.17216836057692309 0.04274819471153846 0.15806145432692306 0.035908485576923076 0.13818354326923077 0.036478461538461536 0.14074843509615384 0.04217821875 0.14619882932692307 0.05357773798076923 0.1561377860576923 0.06896708894230769 0.16383246153846154 0.08264651201923078 0.17120652403846154 0.08150656009615384 0.1811454807692308 0.07523682451923076 0.1785805889423077 0.05585764182692307