8 0.37995176201923075 0.01037639903846154 0.3769231610576923 0.01672613701923077 0.3777491442307692 0.024005103365384615 0.37472054326923077 0.030354841346153846 0.37940110817307693 0.03546560576923077 0.37995176201923075 0.04073124278846153 0.3846323269230769 0.041970213942307696 0.38766092788461537 0.03716919471153846 0.3909648581730769 0.03438150480769231 0.3923414951923077 0.028806125 0.3956454230769231 0.025089206730769233 0.39481943990384616 0.015022550480769229 0.38848691105769234 0.008517939903846155 0.384357 0.0010841009615384614 0.37995176201923075 0.0017035889423076924 0.37912578125 0.005265634615384615 0.37995176201923075 0.01037639903846154
6 0.979339435096154 0.03314253125 0.9760355072115385 0.02539894951923077 0.9909031826923077 0.017500495192307692 0.9752095240384615 0.013783576923076923 0.9977863677884616 0.0012389735576923077 0.9567625913461538 0.0010841009615384614 0.9507053894230769 0.010995887019230769 0.93831565625 0.02865125480769231 0.9474014615384616 0.048165081730769235 0.979339435096154 0.03314253125
6 0.905551701923077 0.12033526682692308 0.8920606610576923 0.1355126875 0.9228973245192308 0.15069010817307693 0.9306064903846154 0.15146446634615385 0.92207134375 0.15719471634615384 0.922346670673077 0.16230548076923076 0.9496040793269231 0.15177420913461537 0.9782381250000001 0.14573421634615386 0.9983370216346154 0.14046857932692308 0.9900772019230769 0.1285434639423077 0.9884252379807692 0.1212644951923077 0.9928304759615384 0.10329938461538461 0.9746588701923078 0.10020195192307693 0.9619938100961539 0.09834349278846154 0.9697029759615384 0.09385221634615384 0.9652977379807692 0.08982555288461538 0.9485027692307693 0.09602041826923077 0.9341857475961538 0.10779066346153846 0.9193180697115384 0.12296808413461538 0.905551701923077 0.12033526682692308
7 0.5757095192307692 0.07805530769230769 0.5823173749999999 0.07387377403846154 0.5779121370192308 0.06318762980769231 0.5357870504807692 0.07635171875 0.5525820192307692 0.09199375480769231 0.5792887740384616 0.08998042307692308 0.5908525240384616 0.08425017307692308 0.5773614831730769 0.08316607211538461 0.5757095192307692 0.07805530769230769
8 0.729617514423077 0.17128803605769233 0.72411096875 0.1692747043269231 0.7161264735576923 0.17407572596153847 0.7122718918269231 0.1813546923076923 0.7345734086538461 0.18832391826923076 0.7458618293269231 0.1943639110576923 0.7582515600961539 0.19513826923076924 0.7648594182692308 0.1960675 0.7681633461538462 0.1926603221153846 0.7621061442307693 0.18832391826923076 0.7565995961538461 0.18290340865384616 0.7483397764423076 0.18089007932692308 0.7367760264423077 0.17593418509615383 0.729617514423077 0.17128803605769233
8 0.1592249326923077 0.15671549278846156 0.15738595192307692 0.15930155528846154 0.15968467548076923 0.160077375 0.16014442067307694 0.16231862980769232 0.16520161298076924 0.16421507692307694 0.17562249519230771 0.16938720673076924 0.18619662259615385 0.16981821634615385 0.19048757451923076 0.16637013221153846 0.18497063701923075 0.16162901442307692 0.18113943028846155 0.15964636538461538 0.17347701923076922 0.15731890625 0.1664275985576923 0.15499144951923077 0.16121715865384617 0.15740510817307693 0.1592249326923077 0.15671549278846156
7 0.4054948701923077 0.13749241346153845 0.40334939423076926 0.1310272548076923 0.40978581971153843 0.12723436057692308 0.4094793245192308 0.11904515624999999 0.4113183028846154 0.10223573798076924 0.4038091394230769 0.09913246153846153 0.39323500961538466 0.10490800480769231 0.3846531081730769 0.1162866875 0.38388686538461536 0.12283805048076922 0.3995181875 0.1362855841346154 0.4054948701923077 0.13749241346153845
4 0.14834430528846154 0.1955064543269231 0.14865080288461538 0.19136875240384615 0.15018328605769232 0.1865414326923077 0.14359361057692308 0.1847311875 0.13286623317307694 0.18516219711538462 0.13577794951923078 0.18886888942307692 0.13654418990384615 0.19274798557692308 0.13899616346153845 0.20895398798076922 0.14926379567307693 0.2060231153846154 0.14926379567307693 0.20378186057692307 0.14834430528846154 0.1955064543269231
9 0.09746588701923077 0.19516164663461538 0.09945811298076923 0.20136819951923077 0.10941925 0.2039542644230769 0.11570242788461539 0.20274743509615384 0.12014662740384616 0.19826492307692306 0.12014662740384616 0.19395481730769232 0.11386344951923077 0.1906791346153846 0.10420881009615385 0.19042052884615385 0.09746588701923077 0.19516164663461538
8 0.09761913461538461 0.20041997596153843 0.09761913461538461 0.1946444326923077 0.09041646634615384 0.1924031778846154 0.08352029567307692 0.20636792548076924 0.08857748798076924 0.20860918028846154 0.09394117788461538 0.2039542644230769 0.09761913461538461 0.20041997596153843
7 0.09164245432692307 0.21524674519230771 0.10037760336538462 0.22059127884615387 0.10558804326923078 0.22093608653846156 0.1152426826923077 0.2261082139423077 0.12290509615384616 0.21921204326923077 0.11984013221153847 0.2184362235576923 0.11800115144230769 0.21550535096153847 0.11309720913461539 0.21386750961538462 0.11355695432692309 0.21041942548076922 0.11049198798076923 0.20550590384615383 0.10650753365384615 0.20378186057692307 0.09823212740384615 0.20162680769230767 0.09378792788461537 0.2041266682692308 0.08827099278846154 0.20912639423076923 0.09164245432692307 0.21524674519230771
8 0.18113943028846155 0.22102228846153846 0.17531599759615385 0.2220567139423077 0.16213664903846153 0.22740124759615382 0.16213664903846153 0.22903908653846153 0.1691860673076923 0.23429741826923076 0.18190567307692307 0.22748744951923075 0.19002782932692305 0.2221429158653846 0.19447202884615383 0.2199016610576923 0.19569801442307694 0.21860862740384615 0.1938590360576923 0.21774660817307692 0.18849534615384614 0.21860862740384615 0.18543038221153846 0.21912584134615384 0.18113943028846155 0.22102228846153846
8 0.14880405048076922 0.2062817235576923 0.13976240384615385 0.20791956250000002 0.13884291346153846 0.21300549038461536 0.1439001057692308 0.21593636298076924 0.15202226442307692 0.2143847235576923 0.15462748317307692 0.21429852163461538 0.15462748317307692 0.2103332235576923 0.15968467548076923 0.209385 0.15493398076923076 0.20585071153846152 0.14880405048076922 0.2062817235576923
7 0.7139835961538462 0.18240372836538463 0.7113783774038461 0.1755075576923077 0.7020302331730769 0.1728352908653846 0.6985055240384616 0.17542135576923076 0.7032562187500001 0.1768867932692308 0.7003445024038462 0.1783522283653846 0.69237559375 0.17749020673076923 0.6821079615384615 0.18093829326923078 0.6802689807692308 0.18886888942307692 0.6762845264423076 0.1924893798076923 0.6798092355769231 0.19361000721153848 0.6842534350961539 0.198351125 0.6863989110576922 0.20507489182692307 0.68685865625 0.21240207451923077 0.693754826923077 0.22041887259615384 0.7064744326923077 0.2263668221153846 0.7204200216346154 0.21972925721153846 0.7187342932692308 0.21541914903846154 0.7257837115384616 0.20817816826923077 0.7357448485576923 0.20826437259615385 0.737583826923077 0.2048162860576923 0.7358980961538462 0.19869593509615385 0.7313006490384615 0.19723049759615385 0.7323733870192307 0.19481683653846152 0.7253239663461539 0.19145495432692308 0.7245577259615386 0.18559320913461536 0.7139835961538462 0.18240372836538463
13 0.13900492067307693 0.2549342115384615 0.13343543990384615 0.2666823317307693 0.13714842548076922 0.2677266081730769 0.1619790216346154 0.25532581490384615 0.16360345432692308 0.24279448557692307 0.16337139182692306 0.23196010817307694 0.13297131730769232 0.227783 0.12902626923076924 0.23117690144230768 0.13366750240384614 0.24135860576923077 0.12879420673076922 0.243316625 0.12229648076923076 0.25127924038461535 0.13900492067307693 0.2549342115384615
7 0.20351805528846154 0.2678571418269231 0.20746310336538462 0.26864035096153843 0.2190661826923077 0.25362886298076925 0.21581732211538462 0.25154031009615385 0.19910888221153847 0.24723266586538462 0.1914508485576923 0.24958228846153846 0.18402487740384615 0.26485484615384614 0.20351805528846154 0.2678571418269231
13 0.251786875 0.24736319951923078 0.25782047836538463 0.24553571394230772 0.2585166610576923 0.2414891394230769 0.2492341971153846 0.24135860576923077 0.24157616346153846 0.24462197115384615 0.251786875 0.24736319951923078
2 0.3583031658653846 0.23822577403846154 0.364568829326923 0.23548454567307694 0.37083449278846153 0.23378759375 0.3719948028846154 0.22256161298076924 0.3654970769230769 0.2212562668269231 0.3548222403846154 0.21968984855769233 0.3513413173076923 0.22190893990384616 0.3534298701923077 0.23013262259615383 0.3583031658653846 0.23822577403846154
8 0.11231783173076923 0.2755586875 0.11394226201923076 0.27803884615384616 0.11347813942307691 0.2794747283653846 0.11788731009615384 0.2814327475961539 0.11927968028846155 0.28078007451923076 0.12624152884615383 0.2802579375 0.12693771394230768 0.27595029326923076 0.12833008413461539 0.27229532211538465 0.13343543990384615 0.27281746153846154 0.13691636538461538 0.27033730048076926 0.13807667307692306 0.26903195432692306 0.13459574759615384 0.26707393509615385 0.13343543990384615 0.2635494975961538 0.1327392548076923 0.26028613221153846 0.1280980216346154 0.2604166658653846 0.12322472836538462 0.26485484615384614 0.11835143509615385 0.2698151634615385 0.11394226201923076 0.2712510432692308 0.11231783173076923 0.2755586875
6 0.010210711538461538 0.22621658413461537 0.0020885552884615387 0.23913951442307693 0.0009282475961538462 0.25349832932692307 0.007658033653846153 0.2562395576923077 0.014851944711538462 0.23848684134615386 0.01833287019230769 0.23209064423076922 0.010210711538461538 0.22621658413461537
0 0.08659319951923077 0.2150753701923077 0.07856811778846154 0.22417639423076924 0.0874992548076923 0.23262214423076924 0.09539489903846153 0.22541413221153844 0.08659319951923077 0.2150753701923077
0 0.09293560096153845 0.22818084375 0.09215897836538461 0.2259965985576923 0.07856811778846154 0.22512289903846155 0.08102741826923077 0.23284056730769231 0.09410053125 0.23378707451923075 0.09293560096153845 0.22818084375
0 0.07300233653846154 0.21296393269230768 0.07520276201923076 0.2281080360576923 0.07817980769230769 0.2282536514423077 0.0933239110576923 0.22803522836538462 0.08762869230769231 0.21289112500000001 0.07300233653846154 0.21296393269230768
0 0.08245122115384616 0.2101972235576923 0.07131965865384615 0.22497728365384614 0.09448884134615385 0.2392476875 0.09863081730769231 0.22250180528846153 0.08245122115384616 0.2101972235576923
0 0.0988896923076923 0.23800994951923077 0.1044554735576923 0.22767118749999998 0.09992518509615385 0.22272023076923078 0.09500658894230771 0.23742748317307694 0.0988896923076923 0.23800994951923077
9 0.12554927884615383 0.24431001682692305 0.1343597548076923 0.24144488942307693 0.12844021634615385 0.23075874759615383 0.12114404086538462 0.22913259375 0.11357253846153846 0.23261720673076924 0.11632581009615385 0.24268386298076922 0.12554927884615383 0.24431001682692305
7 0.6673211826923077 0.2542472355769231 0.6699297572115385 0.2502454423076923 0.6744354807692308 0.24290882211538461 0.6737240504807692 0.24024096153846156 0.6787040600961538 0.23824006490384614 0.6822612091346154 0.23343791346153847 0.6640011754807692 0.22356682451923077 0.6388639879807693 0.24397596875000002 0.6350696971153845 0.25411384375 0.6590211682692307 0.26691957932692306 0.6642383197115385 0.26491868269230767 0.6654240360576923 0.2594495673076923 0.6673211826923077 0.2542472355769231
11 0.5684324350961538 0.23343791346153847 0.5572867019230769 0.2431756081730769 0.5788667403846154 0.25144598076923075 0.6108810817307693 0.23063665865384617 0.6111182259615384 0.22796879567307693 0.6089839350961539 0.22716843750000001 0.5987867740384616 0.22610129326923076 0.5843210360576923 0.22850237019230768 0.5684324350961538 0.23343791346153847
0 0.1721897331730769 0.3495065793269231 0.19005847836538464 0.35384685576923075 0.1912768028846154 0.3314601610576923 0.19046458653846152 0.3252923966346154 0.15310266346153847 0.3236933485576923 0.14619882932692307 0.34219663701923075 0.14701104567307693 0.37075109615384616 0.16487979326923077 0.373263889423077 0.1689408701923077 0.3657255120192308 0.1721897331730769 0.3495065793269231
0 0.19168291105769233 0.3924524855769231 0.19005847836538464 0.3817160096153846 0.18680961778846153 0.3780610384615385 0.1892462644230769 0.3762335528846154 0.1920890192307692 0.3762335528846154 0.1961500985576923 0.3728070168269231 0.20021117548076922 0.3700657884615385 0.20264782211538462 0.35955774759615383 0.17422027403846155 0.3497350144230769 0.17097141105769229 0.3661823822115385 0.15472709615384617 0.39016812980769233 0.151072125 0.39290935576923075 0.17828135096153847 0.4034173966346154 0.19168291105769233 0.3924524855769231
2 0.1411889014423077 0.2751475649038462 0.13784894951923077 0.2756599447115385 0.16213951201923077 0.32314040625 0.16669399278846153 0.3229696129807692 0.1411889014423077 0.2751475649038462
2 0.19978988701923078 0.35712821875 0.2003971514423077 0.28778625 0.20252257451923078 0.2642168125 0.1970571971153846 0.2637044326923077 0.19402087740384613 0.3557618725961538 0.19978988701923078 0.35712821875
2 0.23349304326923076 0.29034814423076927 0.22802766586538462 0.28846942067307696 0.19553903846153847 0.3470514302884615 0.1994862548076923 0.35029649759615383 0.23349304326923076 0.29034814423076927
2 0.19553903846153847 0.34414794711538466 0.2010044158653846 0.3383409855769231 0.20525526442307693 0.2881278341346154 0.20191531009615385 0.28846942067307696 0.19553903846153847 0.34414794711538466
2 0.3166882235576923 0.3198953389423077 0.32033181009615386 0.3221156466346154 0.32731534615384617 0.3257023004807692 0.3531240697115384 0.3272394375 0.36132213461538465 0.32416516346153845 0.36101850240384614 0.3169918557692308 0.35767855048076924 0.31306361778846153 0.35585675961538465 0.3101601346153846 0.3479623245192308 0.30998934134615386 0.3327807235576923 0.30998934134615386 0.32215360096153844 0.3134052019230769 0.3166882235576923 0.3198953389423077
8 0.35364059375 0.32800211778846156 0.35644133653846155 0.3336736225961538 0.37417938221153846 0.33167809374999996 0.3868760865384615 0.3298926201923077 0.39173070913461533 0.32747697836538464 0.39565175240384615 0.32600658653846154 0.3947181706730769 0.3231708341346154 0.3907971298076923 0.3234859182692308 0.38818310096153846 0.3232758629807692 0.38500892548076926 0.3231708341346154 0.3719387860576923 0.3242211129807692 0.3573749182692308 0.32600658653846154 0.35364059375 0.32800211778846156
10 0.4068547283653846 0.3180244663461539 0.4025602524038462 0.3174993269230769 0.3896768317307692 0.32054513701923076 0.38668937019230765 0.3240110576923077 0.39061041346153846 0.3286322836538461 0.39733219711538464 0.3295775360576923 0.3990126442307692 0.32800211778846156 0.40629457932692303 0.32516636538461535 0.4105890528846154 0.3222255841346154 0.41002890384615387 0.31970491346153845 0.4068547283653846 0.3180244663461539
7 0.3327283725961539 0.3429160793269231 0.3372095625 0.34585686057692305 0.34542507932692307 0.35215853365384614 0.36204282451923075 0.3573048990384615 0.3657771514423077 0.34953283653846157 0.3734325168269231 0.34606691586538463 0.3829550456730769 0.3448065817307692 0.3838886274038461 0.3420758557692307 0.38220818028846154 0.3361942932692308 0.37922072115384614 0.3313630096153846 0.36895132692307697 0.33241328846153845 0.35718820192307693 0.33440881971153846 0.3482258221153846 0.3359842379807692 0.3383298605769231 0.3380847956730769 0.3327283725961539 0.3429160793269231
4 0.28306184855769234 0.31077754326923074 0.28511572596153845 0.3198099423076923 0.28885005288461535 0.32243563942307696 0.29613198557692305 0.32096524759615386 0.29781243269230767 0.31833955048076923 0.30341392067307693 0.3152937427884615 0.30154675721153845 0.3120378774038462 0.3000530264423077 0.3103574302884615 0.29519840384615387 0.3087820120192308 0.28922348557692307 0.309202125 0.28306184855769234 0.31077754326923074
7 0.10157364423076923 0.3018501706730769 0.11949840625 0.3156088245192308 0.12453974519230769 0.31382335096153846 0.1234194471153846 0.30573620432692306 0.12734048798076925 0.29302782932692306 0.1241663125 0.28662112740384615 0.11632422836538461 0.285675875 0.11520393028846154 0.2900870480769231 0.11146960576923076 0.28872168509615387 0.11445706730769231 0.2821049278846154 0.11165632211538462 0.27790381009615384 0.11128288942307692 0.2704468317307692 0.10045334615384616 0.28273509375 0.0937315625 0.29271274519230767 0.10157364423076923 0.3018501706730769
13 0.11277662019230769 0.32579653125 0.11688437740384615 0.31634402163461534 0.1148305 0.31277307211538463 0.09970648317307693 0.3019551995192308 0.08252858653846154 0.3025853677884615 0.08850350721153846 0.3094121802884615 0.09877290144230769 0.3120378774038462 0.1006400625 0.32096524759615386 0.10400095673076923 0.32600658653846154 0.11277662019230769 0.32579653125
7 0.048172795673076925 0.2816848149038461 0.05564144471153846 0.2841004567307692 0.05022667307692308 0.28914179567307696 0.05601487740384615 0.29302782932692306 0.07786068028846153 0.29428816346153847 0.07823411298076924 0.2894568798076923 0.0862629110576923 0.2836803461538462 0.08066142307692308 0.27989934134615385 0.0722591923076923 0.27842894951923075 0.06423039182692308 0.2780088389423077 0.05732189182692308 0.27811386778846153 0.048172795673076925 0.2816848149038461
6 0.09746588701923077 0.3129831274038462 0.08756992548076922 0.3098322908653846 0.08327545192307693 0.30741664903846155 0.07916769471153845 0.3097272644230769 0.06703113701923077 0.32611161538461536 0.08925037259615384 0.3377697115384616 0.09914633413461539 0.3323082620192308 0.09933305048076924 0.3254814471153846 0.09895961778846153 0.3181294951923077 0.09746588701923077 0.3129831274038462
0 0.04518533413461538 0.32023005288461537 0.051533687499999994 0.3109875985576923 0.044998617788461544 0.30447586778846153 0.03995727884615385 0.3023753100961538 0.03211519711538462 0.31455854567307695 0.01082954326923077 0.32285575000000005 0.011389692307692307 0.33440881971153846 0.02016535576923077 0.3369294879807692 0.03809011778846154 0.32852725721153847 0.04518533413461538 0.32023005288461537
8 0.14470510096153846 0.26981666346153843 0.14507853365384615 0.2796892860576923 0.15292061538461538 0.2788490625 0.15441434615384614 0.27380772355769234 0.15572136057692307 0.26750605048076925 0.15348076442307693 0.26603565865384615 0.15161360096153847 0.2625697379807692 0.14769256009615386 0.2634099615384615 0.14470510096153846 0.26981666346153843
6 0.058628906249999994 0.2734926394230769 0.056388310096153846 0.27191722115384614 0.056761742788461536 0.26845130048076926 0.03603623798076923 0.26551051923076924 0.03584952163461538 0.2750680576923077 0.07244590865384616 0.27821889423076923 0.07431306971153846 0.2766434759615385 0.06553740625 0.27317755528846155 0.058628906249999994 0.2734926394230769
6 0.11034930769230769 0.2626747668269231 0.11352348557692307 0.2561630360576923 0.10530796875000001 0.24986136298076925 0.10362752403846155 0.24566024759615385 0.09186439903846154 0.24229935576923076 0.08215515384615385 0.24145913221153847 0.08458246634615385 0.2501764471153846 0.09951976682692307 0.26015409615384616 0.10306737499999999 0.26561554807692306 0.11034930769230769 0.2626747668269231
6 0.06647098798076924 0.2638300721153846 0.06647098798076924 0.2711820264423077 0.07562008413461538 0.2776937548076923 0.10007991346153845 0.2811596754807692 0.10456110576923076 0.2754881706730769 0.10082677884615385 0.2670859375 0.09951976682692307 0.2646702956730769 0.08551604567307693 0.25175186538461536 0.06273666346153847 0.25742337259615383 0.07076546153846154 0.26015409615384616 0.06647098798076924 0.2638300721153846
1 0.6862721514423077 0.2831474254807692 0.6902830913461538 0.27750703846153846 0.7023159182692308 0.2779582692307692 0.7259804735576924 0.2757021153846154 0.734804545673077 0.29781243269230767 0.7271837572115385 0.3016478966346154 0.7219695336538462 0.30728828125 0.7303925096153846 0.3156360552884615 0.7223706274038462 0.33255721634615387 0.8162266658653846 0.32511190625 0.8547317091346154 0.26193957211538466 0.7660898942307692 0.24772579567307693 0.7580680096153846 0.23306079086538461 0.6890798100961538 0.2425366394230769 0.678250266826923 0.28021442548076925 0.6862721514423077 0.2831474254807692
8 0.7115410841346154 0.38535123798076926 0.7167553076923077 0.39234531730769234 0.7183596850961538 0.39843693509615385 0.7275848509615385 0.3975344735576923 0.7271837572115385 0.39437585817307697 0.7364089230769231 0.3864793149038462 0.732799076923077 0.3761010024038462 0.7360078293269231 0.36459461298076923 0.7400187716346154 0.35624684134615386 0.732799076923077 0.35331383894230767 0.7199640625 0.35331383894230767 0.7139476490384615 0.3573749182692308 0.7147498365384616 0.37023500000000004 0.7135465552884616 0.3767778509615385 0.7115410841346154 0.38535123798076926
6 0.5811854735576923 0.38760739182692305 0.5952237692307693 0.3711374639423077 0.5527077860576923 0.3677532307692308 0.5258344759615384 0.3675276153846154 0.489736 0.3749729254807692 0.4869283413461538 0.3774546971153846 0.5811854735576923 0.38760739182692305
6 0.5208746057692308 0.39714377403846157 0.5100450624999999 0.40234393509615385 0.5087243846153846 0.40546403365384615 0.5184973870192308 0.4105156177884615 0.5227235504807692 0.4085841298076923 0.5256290384615384 0.40278966346153844 0.5338172283653846 0.3992238389423077 0.5338172283653846 0.3953608605769231 0.53513790625 0.39194361298076924 0.5309117427884615 0.39120073317307696 0.5264214423076923 0.39298364423076926 0.5208746057692308 0.39714377403846157
7 0.41759774278846157 0.3567310889423077 0.4286914206730769 0.3585140024038462 0.43133277403846154 0.35613678605769233 0.4403133701923077 0.35479960096153845 0.4442753990384615 0.3429135168269231 0.4455960745192308 0.33355322596153847 0.43925682932692306 0.32642157451923076 0.4271066105769231 0.3279073365384615 0.4199749591346154 0.3384562355769231 0.41812601442307695 0.34469643028846153 0.4197108245192308 0.3497480144230769 0.41548466105769233 0.35034231971153845 0.41759774278846157 0.3567310889423077
7 0.43133277403846154 0.37158869471153844 0.44506780288461534 0.37010293269230765 0.4569538870192308 0.3631198581730769 0.4572180216346154 0.3564339375 0.4646138076923077 0.3493022860576923 0.46699102403846154 0.3449935817307692 0.46514207932692303 0.3423192115384615 0.45378426442307696 0.3421706370192308 0.44691675000000003 0.34246778846153847 0.4403133701923077 0.3490051346153846 0.43820028846153847 0.35479960096153845 0.4300120985576923 0.35806827403846153 0.4289555576923077 0.3613369471153846 0.42737074519230767 0.3657942283653846 0.43133277403846154 0.37158869471153844
4 0.8494587860576923 0.3298388245192308 0.8658351682692308 0.3418734855769231 0.8742874951923076 0.3287987932692307 0.8742874951923076 0.32047853365384615 0.8708537379807691 0.31542694711538466 0.863457951923077 0.31156397115384615 0.8610807355769231 0.3077009927884615 0.8454967596153846 0.3082952980769231 0.8439119471153845 0.3124554278846154 0.8381009735576923 0.3173584375 0.835987891826923 0.32166714182692313 0.8494587860576923 0.3298388245192308
7 0.25865946875 0.3422016586538461 0.26508579086538464 0.3469209879807692 0.2761533461538461 0.3447119399038462 0.2859713389423077 0.3441094735576923 0.2920406418269231 0.3462181105769231 0.2957893317307692 0.34712181009615384 0.29864547355769233 0.3423020697115385 0.30132310817307695 0.33858685096153845 0.30578583173076923 0.33577533653846153 0.2952538052884615 0.33125682692307695 0.29507529567307694 0.3293490144230769 0.2834722139423077 0.3265374975961538 0.27276167548076924 0.3295498365384616 0.2643717548076923 0.33497204567307687 0.25865946875 0.3422016586538461
7 0.01035351923076923 0.38547892067307693 0.019993002403846154 0.38387234134615383 0.021242564903846153 0.3782493100961538 0.01892194951923077 0.3738312115384615 0.021242564903846153 0.36790694711538463 0.026062307692307694 0.36077774519230765 0.02945397596153846 0.3542510120192308 0.019457475961538462 0.3555563581730769 0.009282466346153847 0.35585759375 0.0008925456730769231 0.36559748798076924 0.0007140360576923077 0.3776468413461539 0.01035351923076923 0.3813620600961538 0.01035351923076923 0.38547892067307693
10 0.09211061778846154 0.3423020697115385 0.09032552884615384 0.3378839735576923 0.07640183173076923 0.33517286778846156 0.07015401682692307 0.3377835625 0.07051103605769231 0.3438082379807692 0.07836543028846155 0.34491276201923077 0.08729087740384614 0.3455152307692308 0.09211061778846154 0.3423020697115385
8 0.11031853124999999 0.35766499519230766 0.1092474783653846 0.34461152884615387 0.10621282451923077 0.32774243269230774 0.10121457451923077 0.3243284495192308 0.09889395913461539 0.32924860336538464 0.1013930841346154 0.3355745120192308 0.10264264663461538 0.35736376201923076 0.11031853124999999 0.35766499519230766
6 0.06247813221153846 0.3422016586538461 0.06265664182692307 0.3307547716346154 0.058193918269230774 0.3249309158653846 0.04551978125 0.33296381971153843 0.03266713701923077 0.33718109375 0.03320266586538462 0.35485348076923073 0.03605880769230769 0.3571629399038461 0.04801890865384616 0.35274484375 0.05908646153846154 0.3513390841346154 0.06247813221153846 0.3422016586538461
4 0.24991253125 0.3753373822115385 0.24384322596153846 0.3674048894230769 0.2495555120192308 0.3626855600961539 0.24741340625 0.3586691081730769 0.24187962740384616 0.3555563581730769 0.23331119711538462 0.3584682860576923 0.22938400240384615 0.3656978990384615 0.22938400240384615 0.37423285817307694 0.23170461778846155 0.3772451971153846 0.24991253125 0.3753373822115385
10 0.1344172403846154 0.3285457235576923 0.13530978365384616 0.32061323076923076 0.1331676778846154 0.31870541826923077 0.12477775721153847 0.3180025384615384 0.12031503365384616 0.3190066514423077 0.11674485336538462 0.3232239254807692 0.12031503365384616 0.32914818990384614 0.12549179326923077 0.3313572403846154 0.13209662259615385 0.33045353846153847 0.1344172403846154 0.3285457235576923
9 0.1171018701923077 0.3902986634615385 0.12317117548076924 0.3844748076923077 0.11781590625 0.3794542451923077 0.11246063942307692 0.3791530096153846 0.10764089663461539 0.3822657596153846 0.10407071875 0.38748714663461536 0.1072838798076923 0.3902986634615385 0.1171018701923077 0.3902986634615385
6 0.03962898798076923 0.36308720432692304 0.039093459134615385 0.36077774519230765 0.035701790865384615 0.35977363221153846 0.032310120192307695 0.3622839158653846 0.032310120192307695 0.3724254543269231 0.04801890865384616 0.38096041346153847 0.05980049759615384 0.3715217524038461 0.04605531009615385 0.36830859134615385 0.03962898798076923 0.36308720432692304
7 0.1883269423076923 0.3784501322115385 0.19350370192307692 0.38166329326923076 0.19618133653846154 0.3845752211538462 0.19671686298076924 0.38889290625 0.20367871153846154 0.3911019543269231 0.19850195192307693 0.39531922836538463 0.2035002043269231 0.39853238942307695 0.21010503365384617 0.3976286875 0.21349670432692308 0.3907003076923077 0.21813793750000002 0.38768796875 0.22474276923076925 0.38156288221153845 0.22206513461538463 0.37814889903846155 0.21438925 0.3767431394230769 0.2035002043269231 0.37453409134615384 0.19350370192307692 0.3761406730769231 0.1883269423076923 0.3784501322115385
13 0.18529229086538462 0.4367890889423077 0.19207562980769233 0.43317428125 0.19725238942307693 0.4263463149038461 0.19921598798076923 0.4166064206730769 0.19582431971153846 0.4115858557692308 0.19154010336538463 0.4106821538461538 0.18582781730769232 0.41499983894230774 0.1820791298076923 0.4227315072115384 0.1806510576923077 0.42996112019230764 0.1831501826923077 0.43317428125 0.18529229086538462 0.4367890889423077
13 0.15940849278846156 0.42544261298076924 0.16654885096153846 0.4313668798076923 0.17386771874999998 0.4338771610576923 0.1822576394230769 0.43247140384615385 0.17975851201923077 0.42915782932692303 0.18136509375 0.42232986298076924 0.18600632692307692 0.41489942788461537 0.1897550144230769 0.4101800985576923 0.18422123798076925 0.4087743389423077 0.17333218990384613 0.40797105048076926 0.16637034134615383 0.4110837980769231 0.16083656490384615 0.41459819471153847 0.1579804206730769 0.4196187572115385 0.15940849278846156 0.42544261298076924
13 0.13638083894230768 0.39461634855769234 0.13566680288461538 0.4026492524038462 0.1415575985576923 0.4087743389423077 0.1463773389423077 0.40596282451923077 0.1503045360576923 0.40064102644230765 0.15262515384615385 0.39491758173076924 0.1533391875 0.39009784134615383 0.1503045360576923 0.38708550240384615 0.1458418125 0.38698509134615383 0.1401295264423077 0.3904994855769231 0.13638083894230768 0.39461634855769234
9 0.12531328365384614 0.3830690504807693 0.1344172403846154 0.39230688942307695 0.13691636538461538 0.39090113221153844 0.14441374038461538 0.38788879326923076 0.14262865144230769 0.3822657596153846 0.13602381971153846 0.37804848557692305 0.13245364182692307 0.3799563004807692 0.12513477403846154 0.3805587692307692 0.12531328365384614 0.3830690504807693
4 0.08871894951923077 0.3903990745192308 0.09675185096153846 0.3904994855769231 0.09871544951923077 0.3852780985576923 0.10442773557692307 0.38397275240384615 0.10746238942307693 0.38106082451923073 0.09835843269230769 0.3769439615384615 0.09353868990384616 0.37654231730769233 0.08657684134615384 0.3812616466346154 0.0830066610576923 0.38156288221153845 0.08782640384615384 0.38688468028846157 0.08871894951923077 0.3903990745192308
6 0.10299966346153845 0.42684837019230765 0.11299616586538462 0.4265471370192308 0.11745888942307693 0.42584425721153846 0.11942248798076924 0.4209241057692308 0.11442423798076923 0.41771094471153847 0.1067483533653846 0.4110837980769231 0.1097830048076923 0.4056615889423077 0.11406721875 0.4017455504807692 0.10656984375 0.39602210576923075 0.09925097596153847 0.39913485576923075 0.1021071201923077 0.40124349278846155 0.09782290384615384 0.4046574759615385 0.09228912740384615 0.40977845192307694 0.10299966346153845 0.42684837019230765
13 0.07176059855769232 0.43970101442307696 0.07497375961538462 0.43729114423076926 0.07211761538461538 0.4338771610576923 0.07747288461538462 0.43066400000000005 0.07158208894230769 0.4273504278846154 0.06265664182692307 0.42835454086538466 0.05730137259615385 0.43357592788461535 0.06694085576923077 0.43909854807692306 0.07176059855769232 0.43970101442307696
4 0.035701790865384615 0.3947167596153846 0.03427371875 0.3935118245192308 0.03302415625 0.3904994855769231 0.027847396634615385 0.39009784134615383 0.023206163461538462 0.39300976923076925 0.024812742788461538 0.3976286875 0.031060557692307693 0.39813074278846156 0.035701790865384615 0.3947167596153846
13 0.3098915384615385 0.45225242548076927 0.3195310216346154 0.45004337740384615 0.32095909375 0.44391828846153847 0.3175674230769231 0.4339775721153846 0.31167662740384616 0.4280533052884615 0.30507179567307696 0.42323356490384617 0.29507529567307694 0.4215265721153846 0.2873994110576923 0.4253422019230769 0.28686388221153847 0.43498168509615387 0.29346871394230767 0.4455248701923077 0.3098915384615385 0.45225242548076927
7 0.26758491586538463 0.4242376778846154 0.2832937043269231 0.42473973317307695 0.2829366875 0.4209241057692308 0.2797235264423077 0.4122887355769231 0.27900949038461537 0.4100796875 0.28704239182692304 0.4071677596153846 0.2827581778846154 0.4056615889423077 0.2699055336538462 0.4052599447115384 0.2629436826923077 0.41028050961538465 0.2631221923076923 0.41761053365384615 0.2674064086538462 0.4225306850961538 0.26758491586538463 0.4242376778846154
8 0.29346871394230767 0.41329284855769227 0.2900770456730769 0.40787063701923076 0.28418625 0.4080714615384615 0.27918799759615387 0.4104813317307692 0.28632835576923077 0.42393644471153846 0.28936300961538464 0.42303274278846154 0.2952538052884615 0.4212253389423077 0.29346871394230767 0.41329284855769227
6 0.30417925240384613 0.3843743966346154 0.3006090721153846 0.3762410841346154 0.28579282932692307 0.3814624711538462 0.28989853605769234 0.3824665841346154 0.2873994110576923 0.3851776875 0.2911480985576923 0.38919413942307696 0.30417925240384613 0.3843743966346154
6 0.29453976923076924 0.3666016009615385 0.30328670673076924 0.36760571394230773 0.30400074278846156 0.358367875 0.2948967860576923 0.3588699302884616 0.29453976923076924 0.3666016009615385
7 0.21885197355769231 0.4090755745192308 0.22581382211538464 0.4181125889423077 0.23099058173076925 0.42042204807692307 0.24652086057692307 0.42032163701923075 0.24580682451923078 0.41439737259615383 0.24259366346153846 0.4110837980769231 0.24509278846153848 0.4056615889423077 0.2491984951923077 0.3980303317307692 0.2491984951923077 0.3950179927884615 0.23509628846153846 0.3858805673076923 0.2283129471153846 0.38256699519230775 0.22063706249999998 0.3850772764423077 0.21278266826923076 0.3947167596153846 0.21349670432692308 0.40194637259615384 0.21885197355769231 0.4090755745192308
2 0.5935422596153846 0.4329734591346154 0.6001470913461538 0.42463932211538463 0.6038957788461539 0.41951834615384614 0.6024677067307692 0.41710847596153844 0.6088940288461538 0.40787063701923076 0.6058593774038461 0.40455706490384613 0.5963984038461538 0.4137949038461538 0.5899720817307692 0.4146986057692308 0.5790830360576923 0.42785248317307695 0.5855093581730769 0.43357592788461535 0.5935422596153846 0.4329734591346154
8 0.6847603341346153 0.4215265721153846 0.6833322620192307 0.4190162908653846 0.6831537524038461 0.41730929807692313 0.6795835745192308 0.41630518509615383 0.6708366346153846 0.4167068317307692 0.6656598774038461 0.4201208149038462 0.6779769927884616 0.44070512740384615 0.6844033173076922 0.4457256923076923 0.6910081466346154 0.44813556250000003 0.6943998173076923 0.4455248701923077 0.6922577091346154 0.4428137644230769 0.6958278894230769 0.43960060336538465 0.6929717451923078 0.43538332932692303 0.6906511298076924 0.43227057932692303 0.6879734951923078 0.4280533052884615 0.6881520048076923 0.4241372668269231 0.6847603341346153 0.4215265721153846
8 0.7172489639423076 0.45687134615384617 0.7140358028846154 0.45687134615384617 0.7083235144230768 0.4551643533653846 0.7065384254807692 0.4509470793269231 0.7022542115384615 0.45004337740384615 0.6915436730769231 0.4534573605769231 0.6935072716346155 0.45988368269230767 0.7222472139423076 0.47052727884615386 0.7229612500000001 0.46741452884615386 0.7143928197115385 0.46651082932692306 0.7095730769230768 0.4619923197115385 0.7181415072115385 0.45837751442307695 0.7172489639423076 0.45687134615384617
4 0.7236752860576924 0.4732383846153846 0.7591985673076922 0.47866059375 0.7615191826923078 0.46179149759615384 0.7281380096153847 0.4526540721153846 0.7236752860576924 0.4732383846153846
7 0.6685160192307692 0.4448219903846154 0.6586980264423077 0.45235283653846153 0.6633392596153846 0.4572729903846154 0.6658383846153846 0.46369931249999996 0.6740497980769231 0.4623939663461538 0.6736927788461539 0.4595824495192308 0.6913651658653847 0.46379972355769233 0.6952923629807692 0.46219314423076924 0.6890445480769232 0.44944091105769235 0.6858313870192307 0.44703103846153847 0.6817256826923077 0.44421952403846154 0.6751208509615385 0.4409059519230769 0.6719076899038462 0.44140800721153844 0.6685160192307692 0.4448219903846154
7 0.8225844350961539 0.43840207692307687 0.8149807139423076 0.43684677163461544 0.8008101418269231 0.44034621153846154 0.7928607956730769 0.44792833173076924 0.7856026995192308 0.45356631730769226 0.7710865024038461 0.46153726442307696 0.7662477716346154 0.4755350264423077 0.7797270961538462 0.4844780384615385 0.7938976682692308 0.4914769182692308 0.81359821875 0.49964227884615386 0.8367550072115384 0.5050858533653846 0.8633680336538462 0.5091685336538462 0.88099484375 0.5029473052884615 0.8813404663461538 0.498864625 0.8875616947115385 0.49244898557692307 0.8885985649038461 0.48583893269230766 0.8951654158653847 0.47339647836538457 0.901386641826923 0.4663975985576923 0.9041516322115384 0.4642590528846154 0.893782920673077 0.4564825192307692 0.8820317139423076 0.4510389447115385 0.8637136586538462 0.4446233052884615 0.8450499783653846 0.44034621153846154 0.8225844350961539 0.43840207692307687
7 0.7869851947115385 0.4967260793269231 0.7866395697115384 0.5033361322115385 0.7911326778846154 0.5109182524038461 0.7859483221153846 0.5186947860576923 0.7956257860576923 0.5183059591346153 0.8015013894230769 0.5210277475961539 0.8059944975961538 0.5200556802884615 0.8104876057692307 0.5173338942307693 0.8132525961538462 0.5190836129807692 0.8142894663461538 0.5208333341346154 0.8194738221153847 0.5229718798076923 0.8357181370192308 0.5153897596153846 0.8412481153846154 0.5113070793269231 0.8409024927884615 0.50566909375 0.8312250288461538 0.5046970264423076 0.8149807139423076 0.5019752403846154 0.8053032499999999 0.49594842548076923 0.7907870552884616 0.4906992668269231 0.7869851947115385 0.4967260793269231
2 0.6602153533653846 0.47619047596153846 0.6481481490384616 0.4755378028846154 0.6425786682692307 0.48036758653846157 0.6448992860576923 0.48558897355769226 0.6616077235576923 0.48872180528846154 0.6813329615384615 0.4902882211538462 0.6964169687499999 0.4917241009615385 0.7077879879807691 0.4919851706730769 0.7087162355769231 0.4892439423076923 0.7033788173076924 0.4863721802884615 0.6917757355769231 0.48402255528846155 0.6871345024038462 0.4814118629807692 0.674835235576923 0.4789317043269231 0.6602153533653846 0.47619047596153846
2 0.6409542379807692 0.5043859639423076 0.6423466081730769 0.5069966586538461 0.6516290721153847 0.5150898076923076 0.6576626754807692 0.5141760649038462 0.6576626754807692 0.511043233173077 0.6520931947115384 0.503994360576923 0.6534855649038461 0.4977286971153846 0.6476840240384616 0.48976608173076924 0.63724125 0.47801796153846154 0.6263343533653847 0.47827903125 0.6198366298076923 0.48193400240384615 0.6235496153846154 0.4872859230769231 0.6330641418269232 0.5022974110576923 0.6409542379807692 0.5043859639423076
2 0.5778334735576923 0.5196585216346153 0.5899006778846154 0.5170478269230769 0.6114824086538462 0.5071271923076923 0.6100900408653847 0.5036027572115385 0.6235496153846154 0.4953790721153846 0.6186763197115385 0.49237677403846153 0.6056808677884615 0.4966844182692308 0.5952380961538462 0.4991645769230769 0.5731922403846154 0.5119569759615384 0.5715678076923077 0.5170478269230769 0.5778334735576923 0.5196585216346153
8 0.5520746298076923 0.5256631153846154 0.5523066923076922 0.5291875528846154 0.5562517403846153 0.5303623653846153 0.5581082331730769 0.5323203846153846 0.5697113149038462 0.537411235576923 0.5899006778846154 0.5394997908653847 0.6019678822115385 0.540935673076923 0.6205328125 0.5431547620192307 0.621693122596154 0.5383249783653846 0.6298152788461538 0.5340173341346154 0.6285674254807693 0.5334725288461539 0.6321358942307692 0.5314066418269231 0.6258702307692308 0.5287959471153847 0.6189083822115384 0.5263157884615385 0.6028961298076922 0.5260547211538461 0.5868838774038462 0.5231829567307693 0.5697113149038462 0.5218776105769231 0.558340295673077 0.5252715120192307 0.5520746298076923 0.5256631153846154
8 0.4186391899038462 0.4538690480769231 0.4290819639423077 0.4577850865384615 0.4346514423076923 0.45713241346153843 0.4374361826923077 0.4542606514423077 0.43325907451923074 0.4494308677884616 0.4249048557692308 0.4473423149038461 0.4237445456730769 0.4438178774038462 0.4158544519230769 0.4431652043269231 0.4137658966346154 0.4442094831730769 0.4133017740384615 0.44956140384615384 0.4186391899038462 0.4538690480769231
8 0.3699200336538461 0.4319017427884615 0.36766834615384614 0.4378727355769231 0.37538841586538463 0.44022494471153845 0.38568184375 0.44149151682692306 0.39050688701923075 0.4373299182692308 0.39050688701923075 0.43461582932692305 0.38536017307692305 0.4311779855769231 0.37667509375 0.4299114134615385 0.3699200336538461 0.4252069951923077 0.3699200336538461 0.4319017427884615
7 0.7263299423076923 0.5449887091346154 0.7427350913461539 0.5464362235576923 0.7523851802884616 0.547521858173077 0.7655736346153846 0.5518643966346154 0.7742587115384616 0.5516834567307692 0.7671819807692307 0.544445891826923 0.773293704326923 0.5348561177884615 0.7739370432692307 0.527256673076923 0.7671819807692307 0.5196572283653846 0.7539935288461539 0.513505298076923 0.7408050745192308 0.5120577836538461 0.7292249687500001 0.5127815408653846 0.7234349158653846 0.5127815408653846 0.7102464639423077 0.5178478365384616 0.6970580096153847 0.5239997692307692 0.6928763052884614 0.5285232475961539 0.7041347403846154 0.533770483173077 0.7179665336538462 0.5415508653846154 0.7263299423076923 0.5449887091346154
8 0.6561924879807692 0.5300801899038462 0.6616396826923077 0.5309556322115385 0.6696159326923077 0.5295330384615384 0.6711722740384616 0.5284387355769231 0.6768140144230769 0.5288764567307692 0.68401209375 0.5275632932692308 0.6884865745192308 0.5240615264423076 0.6904320024038462 0.5226389326923078 0.689070201923077 0.5186994423076923 0.6842066346153846 0.5185900120192307 0.6719504471153847 0.5211069086538461 0.6686432211538461 0.5230766538461539 0.6606669711538462 0.5219823509615384 0.6565815745192308 0.5248275384615385 0.6524961778846153 0.5270161442307693 0.6561924879807692 0.5300801899038462
8 0.651134377403846 0.5309556322115385 0.6489944086538462 0.5294236081730769 0.6452980985576923 0.5305179110576923 0.6431581274038461 0.53391025 0.6480216947115385 0.536536576923077 0.6515234639423078 0.5387251802884616 0.6610560552884616 0.5426646706730769 0.6684486778846155 0.5467135913461538 0.6709777331730769 0.5438684038461539 0.6766194711538461 0.5441966947115385 0.6750631298076922 0.5415703677884616 0.675257670673077 0.5398194831730769 0.6735067884615386 0.5379591682692307 0.6686432211538461 0.5363177163461539 0.6649469086538461 0.5343479711538461 0.6594997139423077 0.5312839230769231 0.651134377403846 0.5309556322115385
8 0.46904242307692307 0.4951719375 0.4678751658653846 0.4998774375 0.4721551057692308 0.49790769230769233 0.4828549519230769 0.4975794014423077 0.48830214903846153 0.49309276201923075 0.4803258990384615 0.48685523798076924 0.48421675240384615 0.4834628990384615 0.4816876971153846 0.4818214447115385 0.4772132139423077 0.48554207451923076 0.46904242307692307 0.4951719375
2 0.5071727884615385 0.5334725288461539 0.4974456538461538 0.5246086778846154 0.49725111057692306 0.5207786177884615 0.47818592788461534 0.5051300913461538 0.4709878485576923 0.5062243942307693 0.4637897692307692 0.5095073004807692 0.48304949519230767 0.5264689927884615 0.49044211778846153 0.5276727259615385 0.5036710216346154 0.5364271466346154 0.5071727884615385 0.5334725288461539
8 0.4859676346153846 0.47186329086538464 0.4849949230769231 0.4689086730769231 0.4791586418269231 0.46803323076923076 0.4643733966346154 0.46836152163461536 0.45834257451923077 0.4710972788461539 0.4575644038461538 0.4737236057692308 0.46126071394230767 0.4738330360576923 0.46690245192307694 0.4752556298076923 0.4721551057692308 0.4760216418269231 0.4760459591346154 0.47306702403846157 0.4849949230769231 0.4735047451923077 0.4859676346153846 0.47186329086538464
8 0.44239007451923074 0.4849949230769231 0.42643757211538463 0.4959379495192308 0.43635925000000003 0.5034886370192307 0.4486154399038461 0.49265504086538464 0.45814803125000003 0.486417516826923 0.4649570264423077 0.4802894206730769 0.4651515673076923 0.47831967548076926 0.46612428125 0.4770065144230769 0.4643733966346154 0.47536506009615387 0.46067708653846157 0.4747084783653846 0.45814803125000003 0.4763499326923077 0.44589184134615384 0.47985169951923073 0.44239007451923074 0.4849949230769231
8 0.4480318125 0.5016283221153846 0.4544517211538462 0.5011906009615384 0.46126071394230767 0.4977982620192308 0.46476248317307695 0.49506250721153844 0.4704042211538461 0.49156073798076927 0.47254418990384617 0.4883872596153846 0.4704042211538461 0.4854326442307692 0.4663188245192308 0.48335346874999996 0.46417885576923074 0.4841194807692308 0.46067708653846157 0.4849949230769231 0.45231175 0.4899192836538461 0.4451136706730769 0.49560965865384615 0.44414095673076925 0.4998774375 0.4456972980769231 0.5015188918269231 0.4480318125 0.5016283221153846
8 0.4814931538461539 0.5369742980769231 0.4902475745192308 0.530846201923077 0.4822713245192308 0.5253746899038462 0.46865333653846153 0.5151976754807692 0.4632061418269231 0.5161825480769231 0.4620388846153846 0.5213257692307692 0.4814931538461539 0.5369742980769231
2 0.4888857764423077 0.5621432572115385 0.4826604110576923 0.5597357908653846 0.4888857764423077 0.5525133942307693 0.4859676346153846 0.5447438461538462 0.4807149831730769 0.5412420769230769 0.47468415865384617 0.5313933533653846 0.4680697091346154 0.5335819591346154 0.4727387331730769 0.5448532764423077 0.4702096778846154 0.5496682067307692 0.47779684375 0.5617055360576922 0.4816876971153846 0.5645507235576923 0.4888857764423077 0.5621432572115385
9 0.8431480120192307 0.556343454326923 0.8489842932692307 0.5494493461538462 0.8480115793269231 0.5433212524038461 0.8431480120192307 0.5388346105769231 0.8293354807692308 0.5330348076923077 0.8145502379807692 0.5343479711538461 0.8046285600961538 0.5403666346153846 0.8040449302884615 0.5528416850961538 0.8186356322115385 0.5594075 0.832059079326923 0.5587509182692307 0.8431480120192307 0.556343454326923
10 0.7764198701923076 0.5306273413461539 0.7797270961538462 0.5356611346153847 0.8003486201923077 0.5380685985576923 0.8065739855769232 0.5340196802884616 0.8046285600961538 0.5285481658653846 0.7987922788461539 0.5263595624999999 0.7830343221153846 0.5270161442307693 0.7764198701923076 0.5306273413461539
10 0.8042394735576923 0.5536076971153846 0.8026831322115384 0.5486833341346153 0.8034613028846154 0.5392723317307693 0.7902324014423077 0.5404760649038461 0.78711971875 0.54288353125 0.7947068822115385 0.5530605456730769 0.8005431634615385 0.5562340240384616 0.8069630721153846 0.556343454326923 0.8042394735576923 0.5536076971153846
7 0.7454875817307692 0.5058961033653846 0.7482111802884616 0.51169590625 0.766109108173077 0.5181522908653846 0.7766144134615385 0.5255935504807693 0.7836179495192308 0.5230766538461539 0.788481516826923 0.5206691875 0.7842015769230769 0.5185900120192307 0.7896487716346154 0.5115864759615385 0.7873142596153847 0.505786673076923 0.7859524615384615 0.5044735096153846 0.7791434663461538 0.502722625 0.7742799014423076 0.4996585769230769 0.7657200216346154 0.49976800721153847 0.7600782836538461 0.5030509158653846 0.7544365456730768 0.5035980673076923 0.7454875817307692 0.5058961033653846
2 0.38422181009615386 0.5135562211538461 0.3933653173076923 0.5237332355769231 0.4021197379807692 0.5248275384615385 0.4085396466346154 0.5209974783653846 0.4052324206730769 0.5150882451923077 0.3968670841346154 0.5074281274038461 0.38597269471153844 0.5063338245192308 0.38655632211538465 0.5025037644230769 0.3844163533653846 0.5008623100961539 0.3811091274038461 0.5021754735576923 0.3844163533653846 0.5076469855769231 0.38422181009615386 0.5135562211538461
8 0.3509550096153846 0.4970322524038462 0.3529004375 0.5014094615384616 0.3585421754807693 0.5025037644230769 0.38188729807692307 0.49659453125 0.38266546875 0.49396820432692307 0.38480543749999996 0.4932021923076923 0.38597269471153844 0.4921078894230769 0.38383272355769227 0.4899192836538461 0.3797473269230769 0.49057586538461534 0.3748837620192308 0.49013814423076923 0.3680747668269231 0.49243618028846153 0.3595148894230769 0.49331162259615385 0.3544567788461539 0.4945153557692308 0.3509550096153846 0.4970322524038462
8 0.32644263221153846 0.5343479711538461 0.33422433894230774 0.5418986586538461 0.35231681009615384 0.5379591682692307 0.3544567788461539 0.5336913894230769 0.3583476322115385 0.5312839230769231 0.3564022043269231 0.5278915841346155 0.3505659254807692 0.5299707596153846 0.34550781490384613 0.5286575961538461 0.3334461682692308 0.5317216442307692 0.32644263221153846 0.5343479711538461
6 0.3404497043269231 0.5126807788461538 0.33013894230769225 0.48357232932692307 0.32080089423076924 0.48390062019230773 0.33072256971153846 0.5150882451923077 0.3289716850961538 0.5550302908653847 0.3388933629807692 0.553498266826923 0.3404497043269231 0.5409137860576924 0.3404497043269231 0.5126807788461538
6 0.35426223557692305 0.5512002307692307 0.38188729807692307 0.53533284375 0.3717710769230769 0.5213257692307692 0.35873671875 0.5277821538461539 0.3599039735576923 0.5318310745192307 0.3538731514423077 0.5330348076923077 0.3538731514423077 0.5374120192307692 0.34181150240384617 0.5404760649038461 0.35426223557692305 0.5512002307692307
0 0.28053055769230767 0.5288764567307692 0.2982339423076923 0.5332536682692308 0.31535369711538463 0.5011906009615384 0.2974557716346154 0.4971416802884615 0.28053055769230767 0.5288764567307692
0 0.22780948798076925 0.5323782259615385 0.23267305528846152 0.5197937451923077 0.2363693653846154 0.5090695793269231 0.23364576923076924 0.5058961033653846 0.21749872596153846 0.5019566129807692 0.20679887740384617 0.49856427403846154 0.2167205552884615 0.503926358173077 0.19201363461538462 0.5259218413461538 0.21827689663461539 0.5317216442307692 0.22780948798076925 0.5323782259615385
7 0.23384031249999998 0.4824780264423077 0.22917128605769232 0.4834628990384615 0.22780948798076925 0.48784010817307694 0.23150579807692306 0.49112301682692305 0.23033854326923078 0.49506250721153844 0.23364576923076924 0.49834541346153843 0.2408438485576923 0.4993302860576923 0.2462910432692308 0.5011906009615384 0.2466801298076923 0.49232675000000004 0.24745830048076925 0.4887155504807692 0.2505709831730769 0.48685523798076924 0.24648558653846153 0.48554207451923076 0.24026022115384615 0.4854326442307692 0.23384031249999998 0.4824780264423077
11 0.20602070673076925 0.5332536682692308 0.19960079807692305 0.5331442379807693 0.19415360336538462 0.5379591682692307 0.19648811538461539 0.5445249855769231 0.20465890865384614 0.5475890336538461 0.21302424278846152 0.5455098581730768 0.20602070673076925 0.5332536682692308
7 0.11225113221153847 0.4512904014423077 0.09843860096153846 0.44647547115384617 0.0968822596153846 0.46124855528846154 0.10349670913461538 0.4665012091346154 0.11789287019230768 0.46343716105769234 0.12372914903846154 0.46124855528846154 0.11225113221153847 0.4512904014423077
7 0.10310762500000001 0.5113676153846154 0.09571500240384616 0.5143222331730769 0.09376957451923076 0.5205597572115385 0.09785497355769232 0.5255935504807693 0.10777664903846153 0.5248275384615385 0.11458564423076924 0.5248275384615385 0.11555835817307693 0.5226389326923078 0.1159474423076923 0.5188088725961538 0.11575289903846153 0.5139939423076924 0.11088933173076923 0.5109298942307693 0.10310762500000001 0.5113676153846154
0 0.06575542788461539 0.47689708413461535 0.07684436298076923 0.48784010817307694 0.0840424423076923 0.4849949230769231 0.08287518509615384 0.47788195432692304 0.0782061610576923 0.47284816346153846 0.06575542788461539 0.47689708413461535
7 0.18325921153846153 0.45763735576923076 0.18773369471153847 0.4660634879807692 0.19493177403846154 0.46551633653846153 0.20504799278846153 0.4622334278846154 0.2054370793269231 0.45873165865384613 0.2021298533653846 0.45074325000000004 0.20018442548076923 0.4456000288461538 0.19668265865384615 0.44472458653846153 0.19006820673076924 0.4420982596153846 0.1873446081730769 0.44067566586538465 0.1795629014423077 0.44242655048076923 0.17839564423076923 0.4483357836538462 0.1863718966346154 0.4549016009615385 0.18325921153846153 0.45763735576923076
2 0.24551287259615384 0.4580750769230769 0.24726375721153845 0.4538072980769231 0.24901464182692307 0.4473509134615385 0.25212732451923076 0.4435208533653846 0.25251640865384617 0.4359701658653846 0.23928750721153846 0.4395813629807692 0.2342293966346154 0.4565430552884615 0.23559119471153847 0.46256171875 0.2408438485576923 0.4643126033653846 0.24551287259615384 0.4580750769230769
8 0.8365335600961538 0.5779012139423076 0.8371171899038461 0.5814029831730769 0.8454825240384616 0.5890631009615385 0.8853637764423077 0.5788860865384615 0.8937291105769231 0.5731957139423077 0.8987872211538461 0.5714448293269231 0.8952854519230768 0.5667393293269231 0.8880873725961538 0.5677241995192308 0.8760257259615384 0.5673959110576923 0.8552096586538462 0.5735240048076923 0.8365335600961538 0.5779012139423076
5 0.6773976418269231 0.540257204326923 0.6865411466346154 0.5399289134615385 0.6814830384615385 0.5292047475961539 0.6742849591346154 0.5293141778846153 0.6773976418269231 0.540257204326923
2 0.6954901105769231 0.5519662427884615 0.6958791971153846 0.5625809783653846 0.713777125 0.5629092692307692 0.7163061778846154 0.5619243966346154 0.7135825817307692 0.5481361826923077 0.701326391826923 0.5507625096153845 0.6954901105769231 0.5519662427884615
8 0.6237038581730769 0.5682713509615385 0.6089186153846154 0.5675053413461538 0.6001641947115385 0.5677241995192308 0.5927715721153846 0.5703505264423077 0.5925770288461538 0.5776823533653845 0.5991914807692308 0.5827161466346154 0.6139767259615385 0.5835915889423077 0.6509398365384615 0.5843576009615384 0.6616396826923077 0.5810746923076923 0.6692268485576923 0.5806369711538462 0.67233953125 0.5784483653846154 0.6692268485576923 0.5756031802884615 0.6628069399038462 0.5745088774038462 0.659305170673077 0.5719919807692307 0.6538579759615384 0.569803375 0.6394618173076924 0.5696939447115384 0.6237038581730769 0.5682713509615385
2 0.4462809278846154 0.5818407043269231 0.4476427259615384 0.5760409014423077 0.4490045240384615 0.5696939447115384 0.4488099831730769 0.5649884447115384 0.44530821394230774 0.5627998389423077 0.4427791586538462 0.5601735120192308 0.4386937620192307 0.5584226274038462 0.43694287740384613 0.5619243966346154 0.4338301947115385 0.5652073052884615 0.4336356538461539 0.5815124134615385 0.43674833653846157 0.5847953221153847 0.4445300432692308 0.5855613341346154 0.4462809278846154 0.5818407043269231
7 0.3422005889423077 0.5675053413461538 0.35017683894230767 0.5633469903846154 0.3462859855769231 0.554702 0.3373370216346154 0.553498266826923 0.3297498581730769 0.5554680120192308 0.32858260096153846 0.5423363798076923 0.3134082716346154 0.5403666346153846 0.3102955889423077 0.5468230216346154 0.31438098557692307 0.5571094663461539 0.32002272355769235 0.5637847115384615 0.33150074038461536 0.5675053413461538 0.3422005889423077 0.5675053413461538
7 0.6750631298076922 0.5623621177884616 0.6725340745192308 0.5524039639423077 0.6626123966346154 0.5429929615384615 0.6468544399038462 0.536536576923077 0.6322637379807692 0.5344574014423077 0.6192293774038462 0.5441966947115385 0.6143658100961539 0.5542642788461538 0.6493834951923076 0.5646601538461539 0.6631960240384616 0.5676147716346154 0.6696159326923077 0.5661921778846154 0.6750631298076922 0.5623621177884616
9 0.8145502379807692 0.6859088846153847 0.827779139423077 0.6871126177884614 0.8378953581730768 0.6844862908653847 0.842175298076923 0.6799996490384616 0.8445098100961539 0.6727772524038461 0.8396462427884616 0.6654454254807691 0.8305027379807692 0.6622719471153846 0.8233046586538462 0.6609587836538461 0.8092975841346154 0.6627096682692308 0.8019049615384616 0.6671963100961539 0.7989868221153846 0.6740904158653845 0.8042394735576923 0.6818599639423077 0.8145502379807692 0.6859088846153847
10 0.7830343221153846 0.5930025913461539 0.7699999615384615 0.5949723365384615 0.7631909663461538 0.5981458125 0.7797270961538462 0.612590608173077 0.7896487716346154 0.6102925721153846 0.7931505408653846 0.6079945384615384 0.7830343221153846 0.5930025913461539
2 0.786044329326923 0.5819187235576924 0.7685967307692307 0.5819187235576924 0.7553606225961539 0.5817495120192308 0.7475392860576923 0.5837800528846153 0.7568647259615384 0.5854721682692308 0.7701008341346154 0.5907177283653846 0.7944673076923077 0.5844568990384615 0.7971746923076922 0.5778576466346154 0.7935648461538461 0.5753194711538462 0.7878492524038462 0.5734581442307692 0.7803287379807693 0.5754886826923077 0.786044329326923 0.5819187235576924
2 0.7054243966346154 0.6137305072115384 0.6988063437500001 0.6159302572115385 0.6957981370192308 0.6226987211538462 0.703920295673077 0.625406108173077 0.7282867668269231 0.625406108173077 0.7382138461538462 0.622021875 0.7481409278846154 0.6213450288461538 0.7472384663461539 0.6184684326923077 0.7409212331730769 0.6179607980769231 0.7318966129807692 0.61609946875 0.7219695336538462 0.6137305072115384 0.7054243966346154 0.6137305072115384
2 0.526135298076923 0.5866566490384616 0.51861478125 0.5866566490384616 0.5125983677884615 0.5847953221153847 0.4996630817307692 0.5829339927884616 0.49695569471153844 0.5856413798076923 0.5168098581730769 0.5973169807692308 0.5315500697115385 0.6005320024038462 0.5462902788461539 0.6074696778846154 0.5565181826923077 0.6071312548076923 0.5568190024038462 0.6022241177884615 0.5562173605769231 0.5976554038461539 0.5411763293269231 0.5932559014423077 0.526135298076923 0.5866566490384616
2 0.5517050504807692 0.5854721682692308 0.5595263870192307 0.5996859423076922 0.5655428004807692 0.5993475192307692 0.5595263870192307 0.5832724182692307 0.5577214639423077 0.5800573966346154 0.5480952043269232 0.5577214639423077 0.5399730456730769 0.559413579326923 0.5471927427884615 0.5815803004807693 0.5517050504807692 0.5854721682692308
2 0.42475874278846154 0.5976554038461539 0.42536038221153843 0.6040854447115385 0.4352874639423077 0.6113615432692308 0.4416046971153846 0.6182992211538461 0.4479219302884615 0.6188068557692308 0.45213342067307694 0.6084849471153846 0.4422063389423077 0.5998551538461538 0.43167761778846153 0.595794076923077 0.4277669495192308 0.5942711706730769 0.41934397115384614 0.5898716706730769 0.4166365841346154 0.5908869399038461 0.4166365841346154 0.5932559014423077 0.42475874278846154 0.5976554038461539
8 0.36459461298076923 0.5837800528846153 0.36850528125 0.5792113389423077 0.36790364182692303 0.5719352403846154 0.3660987163461539 0.5665204687500001 0.36579789663461537 0.5639822932692308 0.3618872283653846 0.5621209663461538 0.3594806634615385 0.5658436201923077 0.3540658918269231 0.57091996875 0.34624455528846154 0.5861490144230769 0.34654537500000004 0.5917329975961538 0.35767574038461536 0.5898716706730769 0.36459461298076923 0.5837800528846153
2 0.2704678365384615 0.6108369879807692 0.26356400240384614 0.6021564326923077 0.2467105264423077 0.5975877187499999 0.24366471634615383 0.6029559567307692 0.25828460096153844 0.6079815432692308 0.2704678365384615 0.6108369879807692
8 0.6644987331730768 0.6198078918269231 0.6655614471153846 0.6180999615384616 0.662525125 0.6151964807692308 0.6603997019230768 0.6121222067307692 0.6528088990384616 0.6040095360576923 0.6417263293269231 0.5998251081730769 0.6374754807692308 0.5965800408653846 0.6324655528846154 0.5991419350961539 0.6370200336538462 0.6021308149038462 0.64096725 0.6081939663461539 0.6459771778846153 0.6131469639423077 0.6520498197115384 0.6180999615384616 0.657818829326923 0.6222843918269232 0.6644987331730768 0.6198078918269231
4 0.6098449663461538 0.6421817788461539 0.6213829831730769 0.6436335192307693 0.6291256009615385 0.6413278125 0.6440035697115385 0.6387659182692308 0.6528088990384616 0.6373995745192308 0.6487098677884616 0.6288599230769231 0.6515943725961539 0.6264688197115384 0.6508352908653846 0.6176729783653846 0.6191057427884614 0.6210888389423077 0.6253301995192307 0.6242485096153847 0.6250265673076923 0.6256148557692308 0.6191057427884614 0.6266396129807692 0.6175875817307692 0.6334713341346153 0.6098449663461538 0.6421817788461539
7 0.58843890625 0.6311656274038462 0.5914752259615385 0.6241631153846154 0.585098954326923 0.6212596322115385 0.5755345432692308 0.6198078918269231 0.5652110552884616 0.6237361322115385 0.5548875649038462 0.6280913533653846 0.5644519735576923 0.6395344855769232 0.5732573028846154 0.6411570192307692 0.5816071850961538 0.6374849711538462 0.58843890625 0.6311656274038462
7 0.4050530360576923 0.6590814158653846 0.43268946875 0.6950377836538462 0.48184434134615384 0.68673103125 0.49070487740384616 0.6829336610576923 0.47424959615384615 0.6463839519230768 0.4050530360576923 0.6590814158653846
7 0.2923976610576923 0.6873243725961539 0.2902880096153846 0.683527 0.28395905528846155 0.6781869447115384 0.27594238221153844 0.6734402283653846 0.26855860096153844 0.669642858173077 0.2632844735576923 0.6673881682692309 0.24218796153846153 0.6740335697115385 0.23881251923076924 0.6781869447115384 0.2613857884615384 0.6816283125000001 0.27003535817307694 0.6869683677884615 0.2843809855769231 0.68862971875 0.2923976610576923 0.6873243725961539
8 0.7008261394230769 0.6457906129807692 0.6959739423076924 0.6493506490384615 0.6953410456730769 0.652436014423077 0.7008261394230769 0.6555213798076923 0.7044125456730769 0.6605054302884615 0.7122182572115385 0.6651334783653847 0.7160156274038462 0.6645401370192308 0.7145388725961539 0.6590814158653846 0.7208678269230769 0.6578947379807693 0.7204458966346153 0.6538600288461538 0.7158046634615385 0.6516053389423077 0.7101086057692307 0.6498253197115385 0.7086318485576922 0.6470959591346154 0.7008261394230769 0.6457906129807692
5 0.6594769759615384 0.6792549567307693 0.6577892548076923 0.6815096442307692 0.6586331153846154 0.6854256850961539 0.6632743485576923 0.6864936971153845 0.6750883942307693 0.6842390072115384 0.6767761153846154 0.6809163052884616 0.6757212908653846 0.6787802836538461 0.6704471610576923 0.6779496081730769 0.6660168942307692 0.6797296274038461 0.6594769759615384 0.6792549567307693
2 0.6696033004807693 0.6415185697115385 0.6573673245192307 0.6326184783653847 0.6508274062499999 0.6322624735576923 0.6518822307692307 0.6491133125 0.6630633822115384 0.6730842259615385 0.6664388245192308 0.6733215625 0.6778309399038461 0.6720162139423077 0.6801515576923076 0.6698801923076924 0.6814173485576924 0.6678628389423077 0.6784638365384615 0.6631161225961539 0.6736116394230769 0.6550467067307693 0.6721348822115385 0.6491133125 0.6696033004807693 0.6415185697115385
2 0.6816283125000001 0.6800856298076923 0.6888011274038461 0.6837643341346153 0.7037796514423077 0.6783056129807693 0.7122182572115385 0.6734402283653846 0.7202349302884615 0.6684561778846153 0.7189691394230769 0.6640654663461538 0.7126401875 0.6662014879807692 0.6974506971153847 0.6683375096153846 0.6820502427884616 0.6739149014423076 0.6816283125000001 0.6800856298076923
5 0.7331038028846154 0.6529106850961538 0.729939326923077 0.6529106850961538 0.7248761634615384 0.6531480216346155 0.7187581754807693 0.6751015793269232 0.7278296754807693 0.6783056129807693 0.7385888966346154 0.6800856298076923 0.7333147692307692 0.6552840432692307 0.7331038028846154 0.6529106850961538
7 0.7790941995192308 0.6323811418269231 0.7790941995192308 0.6355851754807692 0.7826806081730768 0.6411625649038462 0.7928069326923077 0.6446039350961539 0.7995578173076924 0.6429425841346154 0.8054648413461538 0.6410438966346154 0.8084183533653846 0.6343984951923077 0.8077854567307692 0.6304824567307693 0.8014565024038462 0.6291771105769232 0.7921740384615384 0.6288211057692308 0.7818367475961538 0.6275157596153846 0.7759297235576923 0.6266850841346153 0.7790941995192308 0.6303637884615385 0.7790941995192308 0.6323811418269231
8 0.7911192115384615 0.6840016706730769 0.7790941995192308 0.6790176201923077 0.74344109375 0.7010898461538461 0.7451288149038462 0.7064299014423077 0.7831025384615384 0.7271967788461539 0.7925959687499999 0.7260101009615384 0.8259284567307692 0.7037005384615385 0.7911192115384615 0.6840016706730769
2 0.7103195697115384 0.7258914326923077 0.7012480697115385 0.7055992259615385 0.6892230576923077 0.6964617980769231 0.682683139423077 0.6978858124999999 0.6883791971153846 0.7279087860576923 0.6919656033653846 0.7326555024038461 0.7073660576923076 0.73135015625 0.7073660576923076 0.7281461225961539 0.7103195697115384 0.7258914326923077
8 0.6381694975961539 0.707616579326923 0.6407010793269231 0.7108206129807692 0.642599764423077 0.7134313052884615 0.6476629278846153 0.7135499735576923 0.646186173076923 0.7089219254807693 0.6506164399038461 0.70488721875 0.6510383701923076 0.6996658317307692 0.6501945096153846 0.6937324375 0.6487177548076922 0.6892230576923077 0.6466081033653845 0.6844763413461539 0.6453423125 0.6829336610576923 0.63985721875 0.6807976370192308 0.6328953701923077 0.6816283125000001 0.6320515096153846 0.6872057043269231 0.6326844038461539 0.69278309375 0.6375366033653846 0.6983604855769231 0.6381694975961539 0.707616579326923
7 0.5968203341346153 0.6953937884615384 0.5959764735576922 0.6972924735576923 0.6080014855769231 0.7064299014423077 0.6172839495192307 0.7111766153846154 0.6155962307692308 0.7141433125 0.6280431706730769 0.7187713605769231 0.635215985576923 0.7215007211538461 0.6438655552884616 0.7196020360576922 0.6385914278846154 0.707616579326923 0.6337392307692308 0.6975298100961538 0.6295199278846154 0.6921897548076923 0.6293089615384615 0.6825776562500001 0.6271993125 0.6767629302884616 0.6077905192307692 0.6779496081730769 0.5991409495192308 0.6824589879807692 0.5871159375 0.6825776562500001 0.5757238221153846 0.6836456682692307 0.5900694495192308 0.6945631129807693 0.5968203341346153 0.6953937884615384
7 0.4978776899038462 0.6950377836538462 0.4987215504807692 0.7018018533653846 0.5016750624999999 0.7064299014423077 0.5139110408653846 0.7088032572115384 0.5293114951923077 0.7137873100961538 0.5451338774038461 0.7156859951923077 0.5594795072115384 0.7116512884615385 0.5691839014423077 0.7018018533653846 0.5748799615384615 0.6881550456730768 0.5702387283653846 0.677000266826923 0.562643983173077 0.6736775649038461 0.5531505528846153 0.6724908870192308 0.5474544951923077 0.6695241899038462 0.5438680865384615 0.6688121826923077 0.5455558076923077 0.6656081490384615 0.5314211466346154 0.6640654663461538 0.522560610576923 0.6650148100961538 0.5037847139423077 0.6758135865384615 0.4978776899038462 0.6950377836538462
7 0.5991409495192308 0.7099899375000001 0.5999848100961539 0.7078539158653846 0.6048370096153847 0.706667235576923 0.5953435769230769 0.6980044807692308 0.5955545432692307 0.696105795673077 0.589014625 0.6944444447115384 0.5803650528846154 0.6877990432692307 0.5759347860576923 0.6868496995192307 0.57445803125 0.6902910697115385 0.5708716225961539 0.6985978197115384 0.5742470649038461 0.7040565432692307 0.5805760192307692 0.7126006298076923 0.5913352403846154 0.7111766153846154 0.5881707644230769 0.7092779302884615 0.5991409495192308 0.7099899375000001
8 0.5664413557692307 0.7128379663461538 0.5685510072115385 0.7142619807692309 0.5710825889423077 0.7186526923076924 0.5860611129807692 0.72945146875 0.5938668221153847 0.7306381490384616 0.5993519158653846 0.7282647908653845 0.5999848100961539 0.722924735576923 0.5898584855769231 0.7175846802884615 0.5820527740384616 0.7130753028846153 0.57445803125 0.7108206129807692 0.5715045192307693 0.7096339326923077 0.5664413557692307 0.7128379663461538
6 0.6651730336538461 0.6972924735576923 0.6539918822115385 0.7006151754807692 0.6510383701923076 0.7099899375000001 0.6584221490384615 0.7146179831730769 0.6740335697115385 0.712719298076923 0.6759322548076923 0.7003778389423078 0.6651730336538461 0.6972924735576923
5 0.6569453942307693 0.7215007211538461 0.6512493365384615 0.716042 0.6442874855769231 0.7168726730769232 0.6438655552884616 0.7241114158653846 0.6493506490384615 0.7260101009615384 0.6548357427884616 0.7250607572115384 0.6569453942307693 0.7215007211538461
7 0.49408031971153843 0.747132983173077 0.5174974471153846 0.7510490240384615 0.5326869375000001 0.7516423629807693 0.5318430745192309 0.7454716346153846 0.5269908774038462 0.7463023076923078 0.5269908774038462 0.7417929302884616 0.5322650048076923 0.73550353125 0.5248812259615385 0.7347915240384615 0.5238264014423077 0.7263661057692308 0.5137000745192307 0.7219753942307693 0.5054724350961538 0.717466014423077 0.4997763774038461 0.7146179831730769 0.4949241778846154 0.712719298076923 0.4915487379807692 0.7140246442307692 0.48543074759615384 0.7191273629807693 0.47889082932692306 0.7172286778846153 0.46581099278846155 0.7256540985576923 0.4765702139423077 0.7321808317307692 0.4778360048076923 0.7391822355769231 0.49408031971153843 0.747132983173077
5 0.4953461105769231 0.7098712692307692 0.5012531322115384 0.715567326923077 0.5092698076923077 0.7135499735576923 0.5113794591346154 0.7108206129807692 0.509902701923077 0.707616579326923 0.49808865625 0.706667235576923 0.4953461105769231 0.7098712692307692
5 0.47488249278846156 0.7099899375000001 0.48121144711538466 0.7159233317307692 0.4860636442307692 0.717466014423077 0.49070487740384616 0.71319396875 0.49070487740384616 0.7115326201923077 0.48648557451923075 0.7088032572115384 0.48247723798076925 0.7088032572115384 0.47699214423076924 0.7069045721153846 0.47488249278846156 0.7099899375000001
5 0.4765702139423077 0.7084472548076923 0.4820553076923077 0.7037005384615385 0.48163337740384615 0.701208514423077 0.4753044230769231 0.6975298100961538 0.4662329230769231 0.6999031658653846 0.46665485336538465 0.7040565432692307 0.4765702139423077 0.7084472548076923
5 0.4700302956730769 0.7300448100961539 0.4628574807692308 0.7290954663461539 0.46032589903846155 0.7328928389423077 0.46327941105769227 0.7368088774038462 0.47509345673076925 0.7359782019230768 0.4757263533653846 0.7328928389423077 0.4700302956730769 0.7300448100961539
5 0.7989249206730769 0.7537783846153846 0.7991358870192309 0.7509303557692307 0.7919630721153846 0.7433356129807692 0.7809928870192308 0.742979608173077 0.7803599903846153 0.7543717259615386 0.7989249206730769 0.7537783846153846
7 0.7419643389423077 0.7187713605769231 0.7231884423076923 0.7172286778846153 0.7168594879807693 0.7207887139423076 0.7067331634615385 0.7283834591346154 0.7084208846153845 0.736452875 0.7352134543269231 0.7521170360576923 0.7523016298076922 0.755439735576923 0.7797270961538462 0.7557957403846154 0.7845792932692308 0.7417929302884616 0.7776174447115385 0.7376395528846154 0.760740235576923 0.7295701370192307 0.7558880360576924 0.7251794254807693 0.7419643389423077 0.7187713605769231
7 0.7535674206730769 0.7781053004807692 0.7727652475961538 0.7675438605769231 0.7670691875 0.7623224735576923 0.7525125937499999 0.7568637500000001 0.7406985480769231 0.7537783846153846 0.7366902115384615 0.7538970528846154 0.7278296754807693 0.7541343894230769 0.7238213389423076 0.7535410504807692 0.7215007211538461 0.7613731298076923 0.7236103725961538 0.770747891826923 0.7333147692307692 0.7771559591346153 0.7535674206730769 0.7781053004807692
5 0.6980835937500001 0.7409622548076923 0.6991384182692308 0.7485569975961539 0.7177033485576924 0.7524730384615383 0.7128511514423077 0.7409622548076923 0.7088428149038462 0.73740221875 0.6980835937500001 0.7409622548076923
13 0.7031467548076923 0.7584064326923077 0.7136950120192308 0.7575757572115385 0.7179143149038462 0.7535410504807692 0.7069441274038462 0.7356221995192308 0.6980835937500001 0.7336048461538461 0.6896449879807692 0.7346728557692307 0.6847927908653847 0.7407249182692308 0.6850037548076924 0.7477263245192307 0.6896449879807692 0.7540157211538462 0.7031467548076923 0.7584064326923077
8 0.6963958725961539 0.7655265048076922 0.7025138605769231 0.7744265961538462 0.7193910697115384 0.7922267788461539 0.7286735360576924 0.7903280937499999 0.7337366995192307 0.7878360673076923 0.729939326923077 0.7811906658653847 0.722555548076923 0.7756132764423077 0.7149608028846154 0.7712225649038462 0.7132730817307693 0.7660011778846154 0.7117963269230769 0.7630344807692307 0.7063112331730769 0.760186451923077 0.7027248245192308 0.760186451923077 0.7001932427884616 0.7571010865384615 0.693442360576923 0.7585251009615385 0.697239733173077 0.7608984591346153 0.6963958725961539 0.7655265048076922
8 0.7729762115384615 0.7722905745192308 0.7639047115384615 0.7756132764423077 0.7518796995192307 0.7779866322115385 0.7415424086538462 0.7777492980769231 0.7350024903846154 0.7826146802884615 0.7318380120192308 0.7836826923076923 0.7337366995192307 0.7877173990384615 0.7419643389423077 0.7892600817307692 0.7523016298076922 0.791633439903846 0.7617950600961538 0.7892600817307692 0.7706555961538462 0.7865307211538461 0.7801490264423077 0.7875987307692308 0.7904863173076924 0.7849880384615384 0.7936507932692307 0.7832080192307692 0.7940727235576923 0.7779866322115385 0.7909082475961539 0.7734772548076924 0.7820477115384615 0.7719345721153845 0.7729762115384615 0.7722905745192308
8 0.63078571875 0.7410809230769231 0.6236129038461539 0.7371648822115385 0.6145414038461539 0.736927545673077 0.6061027980769231 0.7358595360576923 0.6042041129807691 0.7389448990384615 0.61074403125 0.7421489326923076 0.6210813221153846 0.7463023076923078 0.6316295793269231 0.7491503389423078 0.6396462548076923 0.7516423629807693 0.6463971370192307 0.75176103125 0.6480848581730769 0.7487943341346154 0.6470300336538461 0.7432169447115384 0.637114673076923 0.7417929302884616 0.63078571875 0.7410809230769231
8 0.6457642427884616 0.7338421802884615 0.6362708125 0.73550353125 0.6337392307692308 0.7402502475961538 0.6373256370192307 0.742030264423077 0.646186173076923 0.7432169447115384 0.6552576730769231 0.7427422716346155 0.6601098701923077 0.7430982764423076 0.6630633822115384 0.7409622548076923 0.6632743485576923 0.738232891826923 0.6584221490384615 0.7344355216346153 0.6552576730769231 0.7349101923076924 0.6457642427884616 0.7338421802884615
8 0.5286785985576923 0.7340795168269231 0.53627334375 0.7344355216346153 0.5415474711538462 0.7327741706730768 0.5520957283653846 0.7319434951923077 0.5561040649038461 0.7319434951923077 0.5592685408653846 0.7305194807692307 0.5613781923076924 0.7290954663461539 0.5592685408653846 0.7257727644230769 0.5531505528846153 0.7232807403846154 0.5451338774038461 0.7231620721153846 0.5381720288461538 0.7226874014423077 0.5303663197115385 0.724823423076923 0.5274128076923077 0.7279087860576923 0.5286785985576923 0.7340795168269231
8 0.53985975 0.7474889879807692 0.5411255408653847 0.7550837331730769 0.5466106346153846 0.7584064326923077 0.5470325649038462 0.7607797908653846 0.5533615192307693 0.7605424543269231 0.5527286225961539 0.7585251009615385 0.5554711706730769 0.7569824182692309 0.5596904711538462 0.7510490240384615 0.5586356466346154 0.747132983173077 0.5584246802884615 0.7435729471153846 0.5586356466346154 0.7378768894230769 0.5554711706730769 0.7333675096153847 0.5501970408653846 0.7320621634615385 0.5426022980769231 0.7327741706730768 0.5377500985576923 0.7372835504807692 0.53985975 0.7432169447115384 0.53985975 0.7474889879807692
5 0.6537809158653847 0.7530663774038462 0.6520931947115384 0.7518796995192307 0.6482958245192307 0.7515236947115385 0.634372125 0.7549650649038462 0.6356379158653845 0.7613731298076923 0.6489287187499999 0.7588811033653846 0.6571563581730769 0.7625598076923077 0.6577892548076923 0.7581690961538462 0.6537809158653847 0.7530663774038462
5 0.65800021875 0.7516423629807693 0.667282685096154 0.7531850456730769 0.6738226033653846 0.7518796995192307 0.6700252307692308 0.7490316706730769 0.6679155793269231 0.7459463052884616 0.6647511033653846 0.7428609399038462 0.6571563581730769 0.7448782932692308 0.65800021875 0.7516423629807693
5 0.6706581274038462 0.7377582211538461 0.6639072427884615 0.7379955576923076 0.6636962788461538 0.7430982764423076 0.6704471610576923 0.7493876730769231 0.6763541850961539 0.7478449903846154 0.6755103245192308 0.7436916153846155 0.6746664639423077 0.7398942427884615 0.6706581274038462 0.7377582211538461
11 0.5936558557692307 0.7725279110576923 0.620659391826923 0.7629158125 0.6193936009615384 0.7548463966346154 0.6145414038461539 0.7542530576923077 0.5999848100961539 0.7417929302884616 0.5818418100961538 0.7466583124999999 0.5852172524038461 0.7676625264423076 0.5936558557692307 0.7725279110576923
8 0.4942912836538461 0.7803599903846153 0.4926035625 0.7786986394230768 0.4966119014423077 0.7753759399038462 0.4913377716346154 0.7677811947115385 0.4860636442307692 0.7618478004807692 0.4795237259615384 0.7618478004807692 0.47509345673076925 0.7636278197115385 0.4734057355769231 0.7657638413461538 0.4757263533653846 0.770747891826923 0.48163337740384615 0.7750199350961539 0.48543074759615384 0.7816653365384615 0.49218163221153843 0.7843946995192308 0.4978776899038462 0.7828520168269232 0.4942912836538461 0.7803599903846153
8 0.48711846875 0.7451156298076923 0.4847978533653846 0.7426236033653846 0.4786798653846154 0.7409622548076923 0.4746715264423077 0.7421489326923076 0.46897546875 0.7497436778846154 0.4753044230769231 0.7496250096153846 0.48564171394230765 0.7504556850961539 0.4892281201923077 0.747132983173077 0.48711846875 0.7451156298076923
9 0.43922938701923075 0.78237734375 0.44766799038461536 0.7796479831730768 0.4480899206730769 0.7727652475961538 0.4447144807692308 0.7676625264423076 0.4449254447115385 0.7646958293269231 0.44197193269230767 0.7618478004807692 0.42973595673076925 0.7620851370192308 0.4267824447115384 0.7620851370192308 0.4225631418269231 0.7665945168269231 0.4206644567307692 0.7714598990384616 0.4240398966346154 0.7751386033653845 0.4320565721153846 0.7820213413461539 0.43922938701923075 0.78237734375
7 0.5130671802884615 0.7515236947115385 0.49914348076923076 0.7504556850961539 0.4968228653846154 0.7576944254807692 0.49618996875000004 0.7693238774038461 0.5037847139423077 0.7747826009615385 0.5231935048076923 0.7791733125 0.5320540408653847 0.7770372908653846 0.5320540408653847 0.7705105576923077 0.5303663197115385 0.7635091514423077 0.5196070985576923 0.7576944254807692 0.5130671802884615 0.7515236947115385
8 0.6523041610576924 0.7764439519230769 0.6476629278846153 0.7730025817307692 0.63985721875 0.7725279110576923 0.6358488822115385 0.7750199350961539 0.6267773822115384 0.7868867235576923 0.6322624735576923 0.7963801538461539 0.635215985576923 0.7969734951923078 0.6413339735576924 0.7934134591346154 0.6453423125 0.7871240600961538 0.6506164399038461 0.7813093341346153 0.6523041610576924 0.7764439519230769
8 0.3383880576923077 0.7315874903846153 0.3229876033653846 0.73550353125 0.3223547091346154 0.7401315793269231 0.3286836610576923 0.7421489326923076 0.3383880576923077 0.7393009038461538 0.34366218509615387 0.7362155384615385 0.3383880576923077 0.7315874903846153
6 0.3896525817307692 0.7064299014423077 0.3850113509615385 0.715567326923077 0.40336531490384614 0.717466014423077 0.4067407572115384 0.7099899375000001 0.3896525817307692 0.7064299014423077
10 0.4683425745192308 0.7848693701923076 0.47699214423076924 0.7851067067307693 0.47741407451923074 0.7811906658653847 0.47699214423076924 0.7779866322115385 0.47488249278846156 0.7763252836538462 0.4744605625 0.7734772548076924 0.47509345673076925 0.7725279110576923 0.47045222596153846 0.7714598990384616 0.4653890625 0.7714598990384616 0.46412327163461536 0.7757319447115385 0.46327941105769227 0.781902673076923 0.4683425745192308 0.7848693701923076
8 0.49070487740384616 0.7847507019230769 0.4858526778846154 0.7859373822115384 0.4828991658653846 0.791752108173077 0.5012531322115384 0.7967361586538462 0.5107465625000001 0.7980415048076923 0.5187632379807693 0.7994655192307693 0.52171675 0.7957868149038462 0.5149658653846154 0.7931761225961539 0.5058943653846154 0.7896160865384616 0.4968228653846154 0.7873613966346155 0.49070487740384616 0.7847507019230769
7 0.5445009831730769 0.7922267788461539 0.5542053798076924 0.8031442235576923 0.5594795072115384 0.8159603557692308 0.5831076009615385 0.8178590408653845 0.5930229615384616 0.8101456298076923 0.5928119975961539 0.8017202091346154 0.5850062860576923 0.7951934759615384 0.5757238221153846 0.7872427283653847 0.5603233677884615 0.7788173076923077 0.5542053798076924 0.7816653365384615 0.5445009831730769 0.7922267788461539
6 0.6014615673076923 0.7983975096153846 0.5963984038461538 0.8091962860576923 0.6183387764423076 0.8202323990384616 0.6276212427884615 0.8177403725961538 0.6297308918269231 0.8078909399038461 0.6084234158653846 0.7978041706730769 0.6014615673076923 0.7983975096153846
8 0.6065247283653846 0.8210630745192307 0.5995628798076923 0.8191643870192308 0.5938668221153847 0.8259284567307692 0.60357121875 0.8303191682692308 0.6189716706730769 0.8332858653846155 0.6293089615384615 0.8343538774038461 0.6358488822115385 0.8351845528846155 0.637114673076923 0.8320991875 0.6379585336538462 0.8302005024038461 0.6278322067307692 0.8284204831730769 0.6242458004807693 0.8262844615384615 0.615385264423077 0.82284309375 0.6065247283653846 0.8210630745192307
3 0.6373256370192307 0.8442033100961539 0.6573673245192307 0.84135528125 0.6630633822115384 0.8396939326923077 0.6624304879807692 0.8357778918269231 0.6603208365384615 0.8336418701923077 0.6546247764423078 0.8325738581730769 0.6259335216346155 0.8363712307692308 0.6155962307692308 0.8380325817307692 0.6136975432692308 0.8412366153846154 0.6177058798076923 0.8452713221153847 0.6242458004807693 0.8456273269230768 0.6373256370192307 0.8442033100961539
7 0.7485042572115385 0.8421859567307692 0.7596854086538462 0.8447966514423076 0.7736091057692308 0.8547647524038461 0.7784613052884615 0.8510860480769231 0.7736091057692308 0.8455086586538462 0.7655924326923077 0.8401686033653846 0.778039375 0.8362525624999999 0.7856341177884616 0.8325738581730769 0.7841573629807693 0.8236737668269231 0.7818367475961538 0.8158416875000001 0.7750858629807692 0.8129936586538461 0.768967875 0.8138243341346154 0.7575757572115385 0.8122816514423078 0.7411204783653846 0.8146550096153846 0.7221336177884615 0.8175030384615384 0.7259309879807693 0.8342352091346155 0.7485042572115385 0.8421859567307692
7 0.6871134062500001 0.8188083846153845 0.7170704543269231 0.8249791153846153 0.7006151730769231 0.7973294975961539 0.72529809375 0.8018388774038462 0.7303612572115384 0.7890227451923076 0.7185472091346153 0.7913961033653846 0.6997713149038461 0.7739519254807692 0.6877463028846154 0.7650518341346154 0.6748774302884615 0.76386515625 0.6748774302884615 0.7807159951923077 0.6786748004807692 0.7821400096153847 0.6584221490384615 0.7896160865384616 0.65989890625 0.8006521995192308 0.6871134062500001 0.8188083846153845
7 0.4700302956730769 0.8480006826923077 0.4759373173076923 0.846458 0.47424959615384615 0.8417112860576924 0.4702412596153846 0.8406432740384615 0.4767811778846154 0.8375579110576923 0.4793127596153846 0.8299631658653847 0.47403863221153847 0.8234364326923077 0.46222458413461537 0.8177403725961538 0.4575833533653846 0.8170283653846154 0.4516763293269231 0.8160790240384616 0.4423938629807692 0.8167910312500001 0.44281579326923076 0.8253351177884615 0.4461912355769231 0.8317431826923076 0.4607478293269231 0.8407619423076922 0.4700302956730769 0.8480006826923077
8 0.4793127596153846 0.8019575456730769 0.4786798653846154 0.8064669254807693 0.4822662716346154 0.8208257379807692 0.49302549278846153 0.820469735576923 0.49070487740384616 0.8048055745192308 0.48669653846153843 0.8011268701923077 0.4841649567307692 0.7957868149038462 0.47825793509615383 0.7972108293269231 0.4793127596153846 0.8019575456730769
5 0.5073711225961538 0.8059922524038462 0.5075820865384615 0.8017202091346154 0.5063162956730769 0.7976855024038462 0.49640093509615385 0.7962614879807692 0.4934474230769231 0.8050429110576923 0.5073711225961538 0.8059922524038462
7 0.4006227692307692 0.7979228365384615 0.40969426923076924 0.8106203004807693 0.4162341875 0.807060264423077 0.42825919951923075 0.8086029471153846 0.43944035096153844 0.7979228365384615 0.43922938701923075 0.7923454471153846 0.4385964903846154 0.789853420673077 0.4371197355769231 0.7861747163461538 0.42994692067307694 0.7821400096153847 0.42171928125 0.7859373822115384 0.4006227692307692 0.7979228365384615
12 0.4593923533653846 0.8100086177884616 0.4603340528846154 0.8067420961538462 0.45609640384615385 0.8055944014423078 0.45389910576923076 0.8077132235576923 0.44903365865384615 0.81027346875 0.44573771153846153 0.81203915625 0.44840586057692305 0.8129219999999999 0.4540560552884615 0.81027346875 0.4593923533653846 0.8100086177884616
5 0.4796388894230769 0.8123922932692308 0.4780693918269231 0.8045349879807693 0.4732039447115385 0.8028575865384616 0.46975104567307696 0.8055944014423078 0.4692801971153846 0.81203915625 0.4796388894230769 0.8123922932692308
7 0.23228584855769233 0.7889969495192308 0.22883295192307693 0.7904094975961539 0.24499879086538462 0.799855920673077 0.25457273557692306 0.8040052836538462 0.2602229326923077 0.7990613605769231 0.26069378125 0.7908509206730769 0.25739783413461537 0.7852890072115385 0.25472968509615385 0.7818459182692308 0.25629918509615385 0.7778731249999999 0.25080593749999996 0.7761074375000001 0.2548866346153846 0.7725760649038461 0.24562659134615383 0.7727526346153847 0.23981944471153846 0.7748714591346153 0.2346400985576923 0.7784028317307693 0.23150110096153845 0.7848475865384615 0.23228584855769233 0.7889969495192308
9 0.32522122355769234 0.9523648028846154 0.32522122355769234 0.9452055817307692 0.3208670769230769 0.9410607716346154 0.3141683918269231 0.9389883653846154 0.30579503365384614 0.9410607716346154 0.29809154326923076 0.9416259711538462 0.29976621634615386 0.9514228004807692 0.31081904807692307 0.9574516177884616 0.31952734134615385 0.9551908124999999 0.32522122355769234 0.9523648028846154
12 0.42505956250000004 0.7326122379807691 0.4245519278846154 0.7368002259615385 0.4245519278846154 0.7383231298076923 0.42742852403846154 0.7376568581730769 0.42742852403846154 0.7345158677884616 0.42793615865384615 0.7307086081730769 0.4281053701923077 0.7287097956730769 0.43013591105769233 0.72594953125 0.4289514302884615 0.7230940841346154 0.42505956250000004 0.721190454326923 0.4231982355769231 0.7229989038461538 0.42302902403846154 0.725663985576923 0.4245519278846154 0.7280435240384615 0.42505956250000004 0.7326122379807691
12 0.5173316899038461 0.7791055024038461 0.5128562139423077 0.7786393076923077 0.5082149807692308 0.7803176105769231 0.49793796634615384 0.7809702836538462 0.4971091754807692 0.7822756298076924 0.5088780144230769 0.7828350649038461 0.5161713798076923 0.7837674543269231 0.5183262379807693 0.7819959134615384 0.5173316899038461 0.7791055024038461