8 0.9522995336538462 0.9482384543269231 0.9563261971153847 0.9592515504807693 0.9640697788461539 0.9675113701923077 0.9882297548076924 0.9377760144230769 0.9879200120192307 0.9251109567307693 0.9804861730769231 0.9251109567307693 0.973362076923077 0.9229083389423077 0.9656184951923077 0.9317188125 0.9522995336538462 0.9482384543269231
8 0.9910174447115385 0.8997808389423076 0.9990707692307693 0.9008821490384615 0.9987610264423077 0.8761026850961537 0.9845128365384616 0.8777546514423077 0.9842030913461539 0.8838118533653846 0.9910174447115385 0.8997808389423076
7 0.9687159278846154 0.9196044086538462 0.9900882139423076 0.926212266826923 0.9972123100961539 0.9223576826923078 0.9931856466346154 0.9052873870192308 0.9792471995192307 0.87555203125 0.9578749134615384 0.886565125 0.9687159278846154 0.9196044086538462
2 0.9792471995192307 0.8215878677884615 0.9739815649038461 0.8160813197115384 0.9563261971153847 0.8061695360576924 0.9492021009615385 0.8072708461538463 0.9451754374999999 0.8298476899038462 0.9718133605769231 0.8364555456730769 0.9792471995192307 0.8215878677884615
2 0.9451754374999999 0.7665223942307692 0.9225641778846154 0.79625775 0.9312369903846154 0.81938525 0.9600431153846153 0.7885485841346154 0.9615918317307692 0.779738108173077 0.9724328485576923 0.7648704302884616 0.9680964423076923 0.7549586466346153 0.9553969663461538 0.7654210865384615 0.9451754374999999 0.7665223942307692
8 0.977698483173077 0.7472494783653846 0.9817251466346154 0.7511040625000001 0.9941148774038461 0.768725014423077 0.9987610264423077 0.7659717403846155 0.9996902572115385 0.7555093004807693 0.993495391826923 0.7455975144230769 0.9869907812500001 0.7400909687499999 0.9820348894230769 0.7329324567307692 0.9767692548076923 0.7301791826923077 0.9730523341346153 0.7323818028846154 0.9755302812500001 0.7406416225961538 0.977698483173077 0.7472494783653846
8 0.9606626033653847 0.7202673990384615 0.9693354158653846 0.7224700168269231 0.9838933485576923 0.7263246009615384 0.995044108173077 0.7263246009615384 0.9969025673076923 0.717514125 0.9947343653846155 0.7087036490384615 0.9869907812500001 0.7087036490384615 0.9770789975961538 0.7070516850961539 0.9708841322115384 0.7081529927884616 0.96685746875 0.7103556129807692 0.9603528605769232 0.7103556129807692 0.9606626033653847 0.7202673990384615
5 0.9987610264423077 0.7494520985576922 0.9996902572115385 0.7235713269230769 0.9922564182692307 0.7268752548076923 0.9882297548076924 0.7395403125000001 0.9987610264423077 0.7494520985576922
8 0.9842030913461539 0.6112377620192307 0.9742913076923077 0.6068325240384616 0.9718133605769231 0.6106871057692308 0.9557067115384614 0.6211495456730769 0.9609723461538462 0.6354665697115384 0.9835836057692308 0.6503342475961538 0.9975220528846154 0.6618979975961538 0.9990707692307693 0.6266560937500001 0.9842030913461539 0.6112377620192307
7 0.9804861730769231 0.47852997115384616 0.9770789975961538 0.47577669951923074 0.9736718197115385 0.4702701514423077 0.9656184951923077 0.45815574759615385 0.9526092764423078 0.4543011634615385 0.9439364663461538 0.45980771153846156 0.9417682620192308 0.47137146153846154 0.9538482500000001 0.49064437740384614 0.9615918317307692 0.5099172908653846 0.9724328485576923 0.5104679471153847 0.9677866995192308 0.49725223317307693 0.9789374567307692 0.49229634134615385 0.9804861730769231 0.47852997115384616
8 0.9560164543269232 0.6850254951923076 0.9464144110576923 0.6822722211538461 0.9284493004807692 0.6729110913461539 0.9107939350961539 0.6663032355769231 0.902121122596154 0.6734617451923076 0.8974749735576922 0.6723604375 0.8953067692307692 0.6811709134615385 0.9008821490384615 0.6877787692307693 0.9061477836538461 0.6982412091346154 0.9238031514423077 0.7070516850961539 0.9532287644230769 0.7186154326923078 0.9600431153846153 0.7031971009615384 0.9591138870192307 0.6938359711538461 0.9560164543269232 0.6850254951923076
2 0.8782708894230769 0.5192784230769231 0.8801293485576923 0.5280888966346153 0.8990236899038462 0.5297408629807692 0.9234934086538461 0.5291902067307692 0.9281395576923077 0.5126705649038461 0.9244226394230769 0.50275878125 0.9154400841346154 0.5038600889423077 0.8993334326923077 0.5060627091346154 0.8915898509615385 0.5132212187499999 0.8782708894230769 0.5192784230769231
7 0.9996902572115385 0.3259986129807692 0.9823446322115384 0.2791929615384615 0.9544677379807692 0.26983182932692307 0.9405292884615384 0.2780916514423077 0.9405292884615384 0.32269468269230767 0.9473436418269231 0.3805134302884615 0.9975220528846154 0.4014383100961538 0.9996902572115385 0.3259986129807692
8 0.9876102692307692 0.2670785576923077 0.9913271875 0.2736864134615385 0.9972123100961539 0.2593693894230769 0.9913271875 0.25606546153846155 0.9807959158653846 0.2389951658653846 0.9715036177884616 0.2290833798076923 0.9656184951923077 0.21972224999999998 0.9553969663461538 0.23789385576923075 0.9721231033653847 0.2571667716346154 0.9817251466346154 0.2670785576923077 0.9876102692307692 0.2670785576923077
8 0.9885394975961539 0.24119778365384617 0.9922564182692307 0.2549641514423077 0.9987610264423077 0.2527615336538461 0.9996902572115385 0.23458992788461538 0.9990707692307693 0.20595588221153843 0.9962830817307692 0.19218951442307694 0.9866810384615385 0.18392969230769232 0.9848225793269231 0.17511921634615385 0.9795569423076922 0.17622052644230768 0.9789374567307692 0.18613231009615383 0.9783179711538461 0.20925981009615385 0.9885394975961539 0.24119778365384617
12 0.9561403509615385 0.07813515384615385 0.9668768269230769 0.09316114423076922 0.9735014615384615 0.10615659615384615 0.9755573822115384 0.1008771923076923 0.9693896201923077 0.09072449759615385 0.9609375 0.07772904567307691 0.9561403509615385 0.07326185817307693 0.9561403509615385 0.07813515384615385
8 0.9575109639423077 0.11143599759615384 0.9661915216346154 0.0996588701923077 0.9650493413461538 0.08950617307692309 0.9586531442307693 0.08382066346153846 0.9559119158653846 0.08666341826923077 0.9399214182692308 0.10615659615384615 0.9319261706730769 0.12402534134615384 0.9385508052884616 0.13092917548076924 0.9497441514423077 0.12280701682692308 0.9575109639423077 0.11143599759615384
8 0.947002923076923 0.04564652403846154 0.9440332596153845 0.055799221153846154 0.9488304086538462 0.05661143509615385 0.9572825288461538 0.06148473076923077 0.9634502932692308 0.06148473076923077 0.9677905697115385 0.06270305288461539 0.9728161538461539 0.0549870048076923 0.9687043125 0.04889538701923077 0.9625365504807692 0.04402209134615384 0.9545413004807692 0.03996101442307692 0.9486019735576924 0.03833658173076923 0.9456323100961538 0.039554906249999994 0.947002923076923 0.04564652403846154
5 0.9561403509615385 0.04158544471153846 0.9625365504807692 0.028996100961538464 0.9632218557692307 0.02046783653846154 0.9572825288461538 0.015188435096153845 0.9511147668269231 0.01924951201923077 0.9488304086538462 0.03793047355769231 0.9561403509615385 0.04158544471153846
8 0.9449470024038462 0.05742365144230769 0.9396929831730769 0.06351526923076924 0.9346673966346154 0.07448018269230769 0.9348958341346154 0.08382066346153846 0.9332967836538462 0.09031838942307693 0.9351242692307692 0.10290773317307693 0.94129203125 0.10453216346153846 0.9458607451923077 0.10168940865384615 0.9490588461538461 0.09113060336538462 0.947002923076923 0.08219623076923077 0.9481451033653846 0.06960688701923078 0.9490588461538461 0.06270305288461539 0.9449470024038462 0.05742365144230769
8 0.9390076754807691 0.016000649038461538 0.9431195168269231 0.010721247596153846 0.9481451033653846 0.0038174134615384615 0.9396929831730769 0.002192983173076923 0.9369517548076923 0.008284600961538461 0.9390076754807691 0.016000649038461538
11 0.9465460528846154 0.04524041586538462 0.9383223677884616 0.031432747596153846 0.9136513149038462 0.013970110576923076 0.9072551177884616 0.06107862259615385 0.9131944447115384 0.08179012259615384 0.9221034350961539 0.09153671153846155 0.9390076754807691 0.06838856490384615 0.9465460528846154 0.04524041586538462
11 0.8761878653846153 0.001380766826923077 0.8700201033653846 0.05051981730769231 0.9056560673076923 0.05864197596153846 0.9145650576923077 0.0005685504807692308 0.8761878653846153 0.001380766826923077
9 0.8832693701923078 0.031026641826923076 0.8887518269230769 0.04320987740384615 0.8997167403846155 0.04564652403846154 0.9120522668269231 0.024935021634615383 0.9106816514423077 0.011533463942307691 0.9072551177884616 0.0038174134615384615 0.898346125 0.0009746586538461539 0.8894371346153847 0.004629629807692308 0.8832693701923078 0.031026641826923076
8 0.9273574567307693 0.14757959615384617 0.9264437139423076 0.1378330096153846 0.9253015360576923 0.1260558798076923 0.9195906442307693 0.11874593990384616 0.9131944447115384 0.102501625 0.9104532163461538 0.10047108413461539 0.9058845024038462 0.1053443798076923 0.9086257307692308 0.12158869471153846 0.9163925432692307 0.1431124110576923 0.9211896923076923 0.15164067548076923 0.9273574567307693 0.14757959615384617
8 0.8686494879807692 0.13011695913461538 0.8812134495192308 0.1305230673076923 0.9038285817307692 0.12118258653846155 0.9017726610576923 0.10575048798076923 0.8926352331730769 0.10737491826923076 0.8814418870192308 0.11021767307692308 0.8734466370192308 0.11915204567307693 0.8679641802884616 0.12118258653846155 0.8686494879807692 0.13011695913461538
8 0.9118238293269231 0.13945743990384615 0.9065698100961538 0.11509096875 0.9042854543269231 0.10656270192307692 0.9031432740384615 0.12321312499999999 0.8972039471153846 0.12646198798076924 0.8997167403846155 0.15326510817307692 0.9118238293269231 0.13945743990384615
5 0.9106816514423077 0.1410818701923077 0.9054276322115384 0.14026965624999999 0.9017726610576923 0.14433073317307693 0.9036001466346154 0.15610786298076923 0.9077119879807692 0.15773229326923077 0.9118238293269231 0.1557017548076923 0.9131944447115384 0.14717349038461539 0.9106816514423077 0.1410818701923077
11 0.9154788004807692 0.20402858894230771 0.9186769014423077 0.22027290384615383 0.9230171778846153 0.23854775721153845 0.9451754374999999 0.2487004543269231 0.9568256586538462 0.2336744639423077 0.9657346490384615 0.21052631490384616 0.9611659350961539 0.16666666586538462 0.9378654975961538 0.15448343028846154 0.9239309206730769 0.16666666586538462 0.9154788004807692 0.20402858894230771
7 0.9785270456730769 0.17519493269230768 0.9778417403846155 0.1613872644230769 0.9751005120192308 0.15610786298076923 0.9677905697115385 0.15488953846153847 0.9673336995192308 0.16057504807692308 0.966648391826923 0.17478882451923078 0.9627649855769231 0.17478882451923078 0.9549981730769231 0.16016893990384615 0.9344389615384615 0.16057504807692308 0.9250730985576923 0.17438271634615385 0.9195906442307693 0.19874918749999998 0.9237024855769231 0.22027290384615383 0.9399214182692308 0.22717673798076923 0.9506578942307692 0.2312378173076923 0.9561403509615385 0.21580571875 0.9602521923076923 0.21458739423076922 0.9680190048076922 0.2044346971153846 0.9755573822115384 0.19103313942307693 0.9785270456730769 0.17519493269230768
7 0.8117690048076922 0.2539798581730769 0.8595120625000001 0.34413580288461537 0.8640807740384615 0.3502274206730769 0.8919499278846155 0.3092105264423077 0.9093110384615385 0.27753411298076924 0.8432931298076922 0.18697206009615386 0.8117690048076922 0.2539798581730769
12 0.8477611754807692 0.10325877403846154 0.8477611754807692 0.09912886538461539 0.85008425 0.0859131514423077 0.8527170673076923 0.07600136538461538 0.8508586081730769 0.07462472836538461 0.8454381009615385 0.09665091826923077 0.8414114374999999 0.10766401201923077 0.8426504110576923 0.11344588701923077 0.84574784375 0.11069261298076924 0.8477611754807692 0.10325877403846154
2 0.8914349783653847 0.5999493389423077 0.8997980480769231 0.6093104711538462 0.9247323822115384 0.5696633293269231 0.9220995649038461 0.5625048173076923 0.9337149375 0.5410292836538462 0.9355733966346154 0.5368993725961538 0.9313918629807693 0.5313928269230769 0.9151303389423078 0.5514917235576923 0.9007272764423077 0.5561722884615384 0.8866339567307692 0.5864582980769231 0.8914349783653847 0.5999493389423077
10 0.8335129855769231 0.712833560096154 0.8294863221153845 0.7042984110576923 0.8240658149038461 0.7020957908653845 0.8192647932692307 0.711456923076923 0.8118309543269231 0.7164128149038462 0.8195745360576924 0.7348597475961539 0.8237560697115385 0.7334831105769232 0.8304155504807693 0.7210933798076924 0.8335129855769231 0.712833560096154
2 0.9148205961538461 0.7582625745192307 0.9171436706730769 0.7615665024038462 0.92364828125 0.757161264423077 0.9219446923076924 0.7450468605769232 0.9132718798076923 0.7221946899038462 0.9045990673076924 0.7004438269230769 0.901191891826923 0.7153115048076923 0.9083159879807692 0.7219193629807692 0.9053734254807692 0.7442208774038461 0.9148205961538461 0.7582625745192307
2 0.8830719110576923 0.9496150913461539 0.8869437019230768 0.9476878004807693 0.8830719110576923 0.9284148846153847 0.8838462692307693 0.9187784278846153 0.8776514014423077 0.8951002740384616 0.8754831995192307 0.8846378341346154 0.8699078197115384 0.8843625072115385 0.8658811586538462 0.8876664350961538 0.8733149975961538 0.9248356298076923 0.8767221730769231 0.9295161947115385 0.8830719110576923 0.9496150913461539
4 0.8942226682692307 0.7359610576923077 0.8847754975961538 0.7186154326923078 0.8802842211538462 0.712833560096154 0.8754831995192307 0.7078776658653846 0.8726955096153847 0.6982412091346154 0.8661909014423077 0.7026464471153846 0.8680493605769232 0.7147608509615384 0.8606155216346154 0.72274534375 0.8689785913461539 0.7527560264423077 0.8942226682692307 0.7359610576923077
4 0.8418760528846154 0.9562229495192308 0.8353714447115385 0.9363993798076924 0.8310350384615385 0.9220823557692307 0.8174063341346154 0.9273135745192308 0.8249950432692308 0.9713659543269231 0.8455929735576924 0.9969713990384614 0.8547303990384615 0.9859583052884615 0.8530268125 0.9743945552884615 0.8418760528846154 0.9562229495192308
2 0.8133796706730769 0.6547394855769231 0.8254596586538461 0.6423497548076923 0.8284022211538461 0.6346405865384616 0.839243235576923 0.620598891826923 0.8373847764423077 0.6142663629807692 0.8203488942307692 0.6244534759615384 0.8045519879807692 0.6346405865384616 0.7924720000000001 0.6464796634615385 0.7978925072115385 0.6663032355769231 0.8133796706730769 0.6547394855769231
6 0.7971181490384616 0.1046354110576923 0.814154028846154 0.11592383413461538 0.8206586370192308 0.10738868509615385 0.8195745360576924 0.09720157211538462 0.8096627524038461 0.08563782211538462 0.8039325 0.08481184134615384 0.8023837836538461 0.09610026201923076 0.7992863509615385 0.09086904326923076 0.7971181490384616 0.1046354110576923
6 0.8361458028846154 0.9939427980769231 0.8299509375 0.9843063413461538 0.7899940528846153 0.9749452091346154 0.7944853317307692 0.994218125 0.820503766826923 0.9986233629807693 0.8621642379807692 0.9980727091346153 0.8638678269230768 0.9975220528846154 0.8660360288461538 0.9892622331730769 0.8559693725961538 0.9878855961538461 0.8491550192307693 0.9980727091346153 0.8361458028846154 0.9939427980769231
2 0.844973485576923 0.5936168100961539 0.8418760528846154 0.5941674663461538 0.8355263149038462 0.5941674663461538 0.8345970865384615 0.58728428125 0.821278125 0.5960947572115385 0.8057909615384615 0.6013259759615385 0.7952596899038462 0.6060065408653846 0.7960340480769231 0.6189469278846154 0.7903037956730768 0.6203235649038461 0.7937109735576923 0.6382198437500001 0.8260791466346155 0.6148170168269231 0.844973485576923 0.598022048076923 0.844973485576923 0.5936168100961539
2 0.8088883942307692 0.60407925 0.823446326923077 0.5842556802884615 0.8274729903846154 0.5806764254807693 0.8432698990384615 0.553419014423077 0.8466770745192308 0.5468111586538462 0.8468319447115384 0.5415799375 0.8432698990384615 0.5352474086538461 0.8386237475961539 0.5300161899038461 0.8355263149038462 0.5319434807692308 0.8192647932692307 0.5622294903846154 0.8200391514423077 0.564432110576923 0.8194196658653846 0.5732425865384616 0.8181806923076922 0.5806764254807693 0.8146186442307692 0.5861829711538461 0.8105919807692307 0.5861829711538461 0.8065653197115386 0.5977467211538461 0.8088883942307692 0.60407925
8 0.7934012283653846 0.723296 0.8040873725961538 0.7191660889423077 0.8031581418269231 0.7048490649038462 0.7980473774038461 0.6836488581730769 0.7895294375 0.6682305264423077 0.7825602139423077 0.6729110913461539 0.7934012283653846 0.723296
8 0.7710997115384616 0.740366295673077 0.7913878966346153 0.7552339735576923 0.7946402019230769 0.7494520985576922 0.7951048173076922 0.7411922788461538 0.7728033004807693 0.7241219807692307 0.7703253533653847 0.7268752548076923 0.7658340769230769 0.723296 0.7632012596153845 0.7301791826923077 0.7681571514423078 0.73430909375 0.7710997115384616 0.740366295673077
2 0.8054812163461539 0.4573297644230769 0.7946402019230769 0.4520985456730769 0.7893745673076923 0.4570544375 0.7811663701923077 0.49725223317307693 0.7847284158653847 0.5068886899038462 0.7867417475961538 0.5187277668269231 0.7954145600961537 0.5074393461538461 0.8025386562500001 0.4721974423076923 0.8054812163461539 0.4573297644230769
2 0.8174063341346154 0.5110186009615385 0.8172514615384615 0.502483451923077 0.8200391514423077 0.4834858653846154 0.8229817115384616 0.46145967548076927 0.819109920673077 0.45099723557692306 0.8130699278846154 0.45237387259615386 0.807649420673077 0.46421294951923076 0.8056360889423076 0.47302342548076926 0.8050166009615385 0.48954306730769226 0.8034678846153847 0.5011068173076922 0.8008350673076923 0.5044107451923077 0.8025386562500001 0.5121199110576924 0.809043264423077 0.5143225288461538 0.8174063341346154 0.5110186009615385
2 0.8381591346153846 0.48265988221153844 0.8347519567307693 0.46614024038461543 0.824840173076923 0.4606336923076923 0.8170965913461538 0.49642624999999996 0.8325837548076923 0.49890419711538464 0.8381591346153846 0.48265988221153844
2 0.7887550793269231 0.4022642932692308 0.7855027740384616 0.4069448581730769 0.7777591923076923 0.4138280408653846 0.7791530384615384 0.4220878629807692 0.7873612355769232 0.41713196874999997 0.7975827644230769 0.41905926201923077 0.8206586370192308 0.4033656009615385 0.8262340168269231 0.3964824182692308 0.8259242740384616 0.38629530528846157 0.822052483173077 0.3796874495192308 0.7926268701923077 0.39730839903846155 0.7887550793269231 0.4022642932692308
2 0.8559693725961538 0.514047201923077 0.853646298076923 0.49339764903846156 0.8524073245192307 0.4898183942307692 0.8441991274038462 0.4950496129807692 0.8403273365384615 0.5030341081730769 0.8356811875 0.5176264567307692 0.8414114374999999 0.5234083317307692 0.8511683509615384 0.5203797307692308 0.8541109134615384 0.5206550576923077 0.8559693725961538 0.514047201923077
2 0.7759007331730768 0.7073270120192308 0.7862771346153846 0.6985165360576923 0.7858125192307692 0.6910826971153846 0.7814761129807692 0.6839241850961538 0.7754361177884616 0.6635499615384616 0.7689315096153847 0.6486822836538462 0.7667633076923077 0.6492329375 0.7639756177884615 0.653913502403846 0.7662986923076923 0.6649265985576923 0.7614976706730769 0.6679551995192308 0.7759007331730768 0.7073270120192308
2 0.7057438798076923 0.5801257692307693 0.7037305480769231 0.5867336274038462 0.6876238966346153 0.5941674663461538 0.6897921009615384 0.6032532692307693 0.7024915745192307 0.6004999951923077 0.7091510552884616 0.6021519591346154 0.739815641826923 0.5903128822115384 0.7399705120192308 0.587559608173077 0.738421795673077 0.5735179134615385 0.7345500048076924 0.5671853822115385 0.7227797596153847 0.5707646394230769 0.7057438798076923 0.5801257692307693
8 0.7610330552884614 0.6676798701923077 0.7590197235576923 0.6503342475961538 0.7562320360576924 0.6451030264423078 0.7435325600961539 0.6541888293269231 0.7449264038461538 0.6649265985576923 0.7481787091346154 0.6709838004807692 0.7505017836538461 0.6806202572115385 0.751276141826923 0.6869527860576923 0.7545284471153846 0.6976905528846153 0.7576258798076924 0.710906266826923 0.76505971875 0.7186154326923078 0.7667633076923077 0.7252232908653846 0.7720289423076923 0.7221946899038462 0.7695509951923077 0.712833560096154 0.7718740697115384 0.6990671899038462 0.7645951033653847 0.6795189471153846 0.7610330552884614 0.6676798701923077
8 0.7565417788461539 0.7816654014423077 0.7576258798076924 0.7731302524038461 0.7568515216346154 0.7626678125 0.7489530673076923 0.7610158485576922 0.7416741009615385 0.76211715625 0.7370279519230769 0.7612911754807693 0.7322269302884615 0.76211715625 0.7282002668269231 0.7615665024038462 0.7237089903846154 0.7629431394230769 0.722624889423077 0.7783614711538461 0.7295941129807691 0.7824913822115385 0.732536673076923 0.7800134350961538 0.7365633365384615 0.7813900721153846 0.7565417788461539 0.7816654014423077
7 0.6664064831730769 0.9988986899038461 0.6942833774038462 0.9988986899038461 0.6876238966346153 0.9920155072115384 0.6856105649038462 0.9898128870192308 0.6840618485576923 0.9837556850961539 0.6837521057692307 0.977147829326923 0.6806546730769232 0.9721919375 0.6756987812499999 0.9680620264423077 0.6679551995192308 0.9675113701923077 0.6608311033653845 0.9732932451923078 0.6569593125 0.982654375 0.6581982860576924 0.98898690625 0.6609859759615385 0.9909141971153846 0.6634639206730769 0.9895375600961539 0.6660967379807693 0.9972467259615385 0.6664064831730769 0.9988986899038461
7 0.7223151442307691 0.9953194350961538 0.722624889423077 0.98843625 0.7215407860576923 0.97742315625 0.7206115576923077 0.9691633341346153 0.7206115576923077 0.9620048245192308 0.7097705432692307 0.9589762235576923 0.7105449014423078 0.9642074423076923 0.7077572115384616 0.9727425913461538 0.7077572115384616 0.9848569951923077 0.7066731081730769 0.9964207451923077 0.7306782139423077 0.9991740168269231 0.7280453966346154 0.994218125 0.7223151442307691 0.9953194350961538
7 0.7252577067307692 0.649508264423077 0.7672279206730769 0.6305106778846153 0.7492628100961538 0.5501150865384615 0.7088413125 0.5713152932692307 0.7162751514423077 0.6004999951923077 0.7252577067307692 0.649508264423077
7 0.6636187932692308 0.04131011778846154 0.6704331442307693 0.04323740865384615 0.671981860576923 0.04516470192307693 0.6743049350961539 0.04268675480769231 0.6789510865384615 0.03580356971153846 0.6804998028846154 0.028645060096153845 0.683597235576923 0.025341129807692306 0.6840618485576923 0.019834584134615384 0.6760085240384615 0.009647471153846152 0.6704331442307693 0.013502052884615385 0.6693490432692308 0.011024108173076922 0.6637736634615384 0.007720180288461539 0.6594372572115385 0.017081310096153848 0.6564946971153846 0.02726842307692308 0.6512290625 0.046541336538461535 0.6537070072115385 0.04681666586538462 0.6551008533653846 0.04378806490384615 0.6585080288461539 0.04433871875 0.6586628990384615 0.04020880769230769 0.660521360576923 0.04103479086538461 0.6636187932692308 0.04131011778846154
7 0.6482865 0.050946574519230764 0.6498352163461539 0.047917973557692305 0.6560300817307693 0.028094403846153845 0.652777778846154 0.022863185096153846 0.6506095745192308 0.010198125 0.6482865 0.007169524038461538 0.6427111201923077 0.0013876490384615386 0.625210625 0.0016629783653846154 0.6242813966346153 0.00634354326923077 0.6318701057692307 0.02754375 0.6454988100961538 0.049019283653846155 0.6482865 0.050946574519230764
8 0.6453439399038461 0.2524862067307692 0.6454988100961538 0.24670433173076922 0.6442598365384615 0.23679254567307695 0.6391490721153846 0.22522879807692306 0.6317152355769231 0.21008579326923077 0.6242813966346153 0.2161429951923077 0.6236619086538462 0.2235768341346154 0.6273788293269231 0.225504125 0.6306311322115385 0.23403927163461538 0.6279983149038462 0.24147311057692308 0.6377552283653846 0.2615720096153846 0.6422465072115385 0.2593693894230769 0.6453439399038461 0.2524862067307692
8 0.7066731081730769 0.37886146634615386 0.7080669543269231 0.36151584134615383 0.7093059278846153 0.3568352764423077 0.7077572115384616 0.35105340144230773 0.7051243918269231 0.34885078365384614 0.7054341370192307 0.35490798557692305 0.7010977307692308 0.35876256971153847 0.6928895336538462 0.36619640625 0.6885531274038462 0.39042521634615385 0.6896372283653847 0.4074955120192308 0.6887079975961539 0.4289710456730769 0.6936638918269231 0.4319996466346154 0.6961418365384616 0.41685664182692306 0.7031110624999999 0.406118875 0.7066731081730769 0.37886146634615386
3 0.6724464759615384 0.5352474086538461 0.6678003269230769 0.5327694639423076 0.6637736634615384 0.5346967548076923 0.6586628990384615 0.5498397596153846 0.6589726442307692 0.5603021995192308 0.6571141826923077 0.5677360384615384 0.6574239278846155 0.5779231514423077 0.6648577668269231 0.582328389423077 0.6682649423076923 0.5798504423076923 0.6756987812499999 0.5459851754807692 0.6753890384615384 0.5410292836538462 0.6724464759615384 0.5352474086538461
8 0.6651675096153846 0.5848063341346154 0.66129571875 0.5812270793269231 0.6574239278846155 0.5831543701923076 0.6535521370192308 0.5903128822115384 0.6544813653846154 0.5977467211538461 0.6602116177884615 0.6062818701923077 0.6645480216346153 0.609585798076923 0.6684198124999999 0.6164689807692307 0.6735305769230769 0.6239028197115384 0.6798803149038462 0.6266560937500001 0.683597235576923 0.6318873149038461 0.6870044110576923 0.6250041298076923 0.6839069783653847 0.6189469278846154 0.6809644158653847 0.6079338341346154 0.6735305769230769 0.5977467211538461 0.6651675096153846 0.5848063341346154
6 0.7540638317307693 0.8309489975961538 0.7447715336538461 0.8218631947115385 0.7328464158653846 0.8100241177884615 0.7221602740384616 0.8006629879807693 0.7150361778846155 0.7951564399038461 0.7091510552884616 0.7899252211538462 0.7065182379807692 0.7896498942307691 0.7040402908653847 0.802039625 0.7376474375 0.8328762908653846 0.7664535625 0.8496712596153846 0.7937109735576923 0.8551778052884615 0.7960340480769231 0.8579310793269231 0.7853479038461538 0.8761026850961537 0.7921622548076923 0.8868404543269232 0.8146186442307692 0.8524245336538462 0.8101273653846154 0.8356295625 0.7997509663461538 0.83618021875 0.7930914855769231 0.8400348004807692 0.7820955985576923 0.8383828365384616 0.7710997115384616 0.8383828365384616 0.7540638317307693 0.8309489975961538
6 0.6891726129807693 0.4821092283653846 0.6958320937500001 0.5038600889423077 0.6942833774038462 0.5156991658653847 0.6970710673076923 0.5203797307692308 0.6958320937500001 0.52478496875 0.6913408173076923 0.5264369326923076 0.6897921009615384 0.5272629158653847 0.6998587572115385 0.5517670504807692 0.7074474663461537 0.5424059206730769 0.7155007932692308 0.5311174975961538 0.7179787403846153 0.5159744927884615 0.71317771875 0.4779793173076923 0.6891726129807693 0.4821092283653846
8 0.6922700456730768 0.49312232211538465 0.6879336394230768 0.4821092283653846 0.6840618485576923 0.4810079182692307 0.6778669831730769 0.4851378293269231 0.6752341658653845 0.49807821394230767 0.6818936466346154 0.5179017860576923 0.6887079975961539 0.5192784230769231 0.6907213293269231 0.5239589879807692 0.6949028653846153 0.5225823509615385 0.6939736346153846 0.5162498221153846 0.6953674783653846 0.5046860721153846 0.6922700456730768 0.49312232211538465
7 0.6626895625 0.3879472692307692 0.6479767572115385 0.38464334134615386 0.6351224110576923 0.4187839350961538 0.6403880456730769 0.4267684278846154 0.6386844591346155 0.44328806971153845 0.6442598365384615 0.46503893028846155 0.677092625 0.4520985456730769 0.6845264639423078 0.4297970288461539 0.679260829326923 0.4143786971153846 0.6721367331730769 0.3986850360576923 0.6626895625 0.3879472692307692
6 0.6925524591346155 0.4564843485576923 0.6843825240384616 0.4427244591346154 0.6828775360576922 0.4438711153846154 0.6605177163461539 0.4855330048076923 0.6420278629807693 0.5237549206730769 0.6246130024038461 0.5661812475961538 0.6127880985576923 0.5979054399038461 0.6134330913461539 0.6051676033653846 0.6185930504807692 0.6082253557692308 0.6261179903846154 0.5940832475961538 0.6467578269230769 0.5459236322115385 0.6603027187499999 0.5161105384615385 0.6689026490384615 0.4973817980769231 0.6925524591346155 0.4564843485576923
8 0.6764275889423076 0.7809884182692308 0.677502579326923 0.7683751875 0.674062608173077 0.7584374879807693 0.6654626754807692 0.757290829326923 0.6605177163461539 0.7668463100961538 0.6489078076923077 0.7943660889423078 0.6529927764423077 0.8104192932692308 0.6607327139423076 0.8020104735576923 0.6697626418269231 0.7962771850961539 0.6764275889423076 0.7809884182692308
8 0.6714826274038461 0.756144173076923 0.6706226346153846 0.7492642283653846 0.6669676634615385 0.7473531322115385 0.6544977644230769 0.7507931057692308 0.6439628485576924 0.7611130216346154 0.6357929134615384 0.76952184375 0.6368679038461539 0.785575048076923 0.6424578605769231 0.7859572692307691 0.6497678028846153 0.7806061995192307 0.6544977644230769 0.7767840072115385 0.6611627115384615 0.7656996514423077 0.666107670673077 0.7553797355769232 0.6684726514423077 0.7557619543269231 0.6714826274038461 0.756144173076923
4 0.6420278629807693 0.9629247403846153 0.6396628822115384 0.9682758100961538 0.6323529423076923 0.9648358365384616 0.6312779495192308 1 0.6547127620192307 0.9965600264423077 0.6572927427884616 0.9736268774038461 0.6420278629807693 0.9629247403846153
0 0.5874183004807693 0.4484577451923077 0.5762383894230769 0.5371325913461539 0.6112831105769231 0.5512747019230769 0.6222480216346155 0.4622176346153846 0.5874183004807693 0.4484577451923077
2 0.6067681466346154 0.20383748076923075 0.603543170673077 0.19886863221153844 0.59773821875 0.1969575360576923 0.5805383557692307 0.19542865865384615 0.5755933942307693 0.19542865865384615 0.5725834182692308 0.20421969951923075 0.5758083942307692 0.22256621875 0.603543170673077 0.22065512259615383 0.6061231514423077 0.21568627403846152 0.6138630889423077 0.21224630288461538 0.6119281033653846 0.2049841370192308 0.6067681466346154 0.20383748076923075
8 0.6508427932692308 0.6216030264423077 0.6467578269230769 0.62542521875 0.6480478149038462 0.6491228076923077 0.6727726177884615 0.6491228076923077 0.6796525625 0.640713985576923 0.6869625048076924 0.6414784230769232 0.6869625048076924 0.6311585072115384 0.6785775721153846 0.6288651923076922 0.6727726177884615 0.6235141225961538 0.6673976610576923 0.6212208076923077 0.6508427932692308 0.6216030264423077
7 0.5601135192307692 0.6433895192307693 0.5614035096153847 0.7007223942307692 0.5749484014423077 0.7018690504807693 0.5837633293269231 0.7507931057692308 0.5915032668269231 0.7496464471153845 0.6121431033653846 0.7458242548076923 0.6228930168269231 0.7362687764423076 0.6059081538461538 0.6563849711538462 0.6033281730769231 0.6498872451923077 0.5661334711538462 0.6353629182692307 0.5601135192307692 0.6433895192307693
13 0.60547815625 0.7213622283653846 0.6033281730769231 0.7106600937499999 0.6009631923076924 0.7072201201923077 0.5964482283653847 0.6938424495192308 0.5904282764423077 0.682375875 0.5811833509615385 0.6816114350961539 0.5710784302884615 0.6896380384615385 0.5607585144230769 0.698429079326923 0.5547385625 0.7141000649038461 0.5571035432692308 0.73970875 0.5614035096153847 0.7519397620192307 0.5747334014423077 0.769139625 0.5899982788461539 0.7679929663461539 0.5996732019230769 0.7553797355769232 0.6041881658653846 0.7385620913461538 0.60547815625 0.7213622283653846
6 0.7267371850961539 0.9545159182692308 0.6968524254807692 0.944196002403846 0.6772875817307693 0.9365516177884616 0.6394478846153846 0.9204984134615385 0.6377278990384615 0.9350227427884616 0.6759975913461538 0.9506937283653846 0.7065273485576923 0.9610136442307693 0.7250171995192307 0.9652180552884615 0.7267371850961539 0.9545159182692308
7 0.5745184038461538 0.9923556177884615 0.57430340625 0.9954133701923078 0.5747334014423077 0.99961778125 0.6177330576923077 0.9973244663461538 0.6177330576923077 0.9896800817307692 0.6097781225961538 0.9728624399038461 0.59773821875 0.9648358365384616 0.5966632259615385 0.9487826322115385 0.59365325 0.9522226033653846 0.5848383221153847 0.9506937283653846 0.5848383221153847 0.9568092355769231 0.5813983485576923 0.9526048245192308 0.5766683870192307 0.9644536177884616 0.5661334711538462 0.9690402475961538 0.5588235288461538 0.985475670673077 0.5674234615384616 0.9870045480769231 0.5721534230769231 0.9892978629807693 0.5745184038461538 0.9923556177884615
8 0.5525885793269231 0.7962771850961539 0.5594685240384615 0.7515575432692307 0.5571035432692308 0.7420020649038462 0.5534485721153847 0.74085540625 0.5459236322115385 0.7404731875 0.5424836610576923 0.7557619543269231 0.5388286899038461 0.7882505817307692 0.5525885793269231 0.7962771850961539
2 0.5442036466346154 0.6881091610576924 0.5379686971153845 0.6991935168269231 0.5328087379807692 0.7332110240384615 0.5405486754807692 0.7431487211538462 0.5392586850961538 0.7500286658653846 0.54291365625 0.7515575432692307 0.5485036129807692 0.7293888317307692 0.5512985889423077 0.7148645024038461 0.5538785697115385 0.6991935168269231 0.5521585817307693 0.6873447235576923 0.5521585817307693 0.6774070264423078 0.5540935673076923 0.6644115745192308 0.5493636057692307 0.6598249423076923 0.5442036466346154 0.6881091610576924
7 0.5390436875 0.7603485841346154 0.5399036802884616 0.7435309399038462 0.5360337115384616 0.7374154350961538 0.5257137932692307 0.7358865576923077 0.5168988653846154 0.7297710504807693 0.5102339182692307 0.7286243942307693 0.506148951923077 0.7213622283653846 0.50378396875 0.7297710504807693 0.49711902403846153 0.7389443100961538 0.4996990024038462 0.7549975144230768 0.5082989326923077 0.7718151586538462 0.5128138966346154 0.784046173076923 0.5287237692307692 0.7882505817307692 0.5362487091346154 0.7802239807692307 0.5362487091346154 0.77028628125 0.5390436875 0.7603485841346154
7 0.5044289639423076 0.9667469326923077 0.5012039903846154 0.9591025504807693 0.48658410817307696 0.9518403846153846 0.4792741658653846 0.9357871802884615 0.4708892331730769 0.9373160576923076 0.46529927644230773 0.9617780841346154 0.46809425480769234 0.9770668509615384 0.47948916346153847 0.9900623028846154 0.48572411538461535 0.9988533413461538 0.5033539735576923 0.9980889038461539 0.5085139326923077 0.9942667115384616 0.5091589278846154 0.9831823557692307 0.5044289639423076 0.9667469326923077
2 0.5452786370192307 0.6533272187500001 0.5491486057692307 0.6487405865384616 0.5583935336538461 0.6124297668269231 0.5525885793269231 0.6013454110576923 0.5414086682692308 0.6338340408653846 0.5403336778846154 0.6430073004807693 0.5362487091346154 0.6667048894230769 0.5392586850961538 0.6682337644230769 0.5452786370192307 0.6533272187500001
11 0.46873925 0.3467874471153846 0.4775541802884616 0.35290295432692304 0.48464912259615384 0.34449413221153846 0.4900240793269231 0.33761418749999994 0.48894908894230765 0.32156098317307696 0.4850791201923077 0.31047662740384613 0.48206914423076924 0.3058899975961538 0.47260921875 0.307418875 0.4665892668269231 0.3127699423076923 0.4637942884615385 0.32996980528846154 0.46873925 0.3467874471153846
0 0.48378912980769234 0.3697205985576923 0.48378912980769234 0.3743072283653846 0.46314929567307694 0.4564843485576923 0.47325421394230766 0.46986201923076926 0.5093739254807692 0.4786530600961539 0.51947884375 0.39150709134615386 0.515608875 0.38156939182692307 0.5029239759615385 0.3842449254807692 0.5009889927884615 0.3819516105769231 0.48378912980769234 0.3697205985576923
7 0.5115239086538461 0.9300538918269231 0.5035689711538461 0.9243206057692308 0.500129 0.9185873173076923 0.4947540408653846 0.9136184687500001 0.48787409615384614 0.9086496201923077 0.48249913942307693 0.9124718100961539 0.48034915625 0.9224095096153846 0.47733918028846156 0.9262317019230769 0.47884416826923076 0.9369338389423076 0.4872291009615385 0.9514581658653847 0.4964740288461539 0.9560447956730769 0.5063639495192308 0.9583381105769231 0.5128138966346154 0.9380804951923077 0.5115239086538461 0.9300538918269231
2 0.4734692115384615 0.5925543701923077 0.47045923557692304 0.6044031658653846 0.4586343317307692 0.6105186706730769 0.4655142764423077 0.6521805600961539 0.4655142764423077 0.6617360384615385 0.4719642235576923 0.6674693269230769 0.4762641899038461 0.6777892451923078 0.4818541442307692 0.6777892451923078 0.48249913942307693 0.6682337644230769 0.4887340889423077 0.6579138485576923 0.48851909134615384 0.6384206706730768 0.4863691081730769 0.6162519591346154 0.47970416346153844 0.5940832475961538 0.4734692115384615 0.5925543701923077
7 0.5136738894230769 0.5390436875 0.5175438605769231 0.53866146875 0.5173288605769231 0.5317815240384616 0.5171138629807692 0.5199327283653846 0.5207688341346154 0.5061728389423077 0.5199088413461539 0.48706188221153845 0.515608875 0.4824752524038462 0.5098039206730769 0.4794174975961539 0.5052889567307692 0.4790352788461538 0.4986240120192308 0.4840041274038462 0.4915290673076923 0.49470626442307697 0.48894908894230765 0.5149638798076923 0.48744410096153845 0.5218438245192307 0.49389404807692305 0.5275771129807693 0.4964740288461539 0.5344570576923077 0.5033539735576923 0.5375148100961538 0.5070089447115385 0.5302526466346154 0.5132438942307692 0.5329281802884616 0.5136738894230769 0.5390436875
7 0.5184038533653846 0.9220272908653846 0.5211988293269231 0.9036807716346154 0.5257137932692307 0.8945075096153846 0.5242088052884616 0.8895386610576923 0.5220588245192308 0.8880097860576923 0.5188338485576923 0.8941252908653846 0.5108789134615385 0.8906853197115385 0.5141038870192308 0.8803654014423077 0.5080839350961539 0.8769254302884615 0.5014189879807692 0.8933608533653847 0.4964740288461539 0.88571646875 0.49303405528846156 0.8918319759615384 0.49217406249999995 0.9105607163461538 0.5018489855769231 0.9193517572115385 0.5110939110576923 0.9289072355769231 0.5184038533653846 0.9220272908653846
0 0.4480994158653846 0.5573902067307692 0.42401960817307693 0.553950235576923 0.42767457932692304 0.5864388653846154 0.41670966586538466 0.6086075745192308 0.3878998966346154 0.6086075745192308 0.3823099423076923 0.6166341778846154 0.3543601658653846 0.6319229447115385 0.3541451658653846 0.6353629182692307 0.38187994471153847 0.6468294927884616 0.40767973798076923 0.6567671899038461 0.4343395240384615 0.6628826971153846 0.44831441346153844 0.5612123990384615 0.4480994158653846 0.5573902067307692
7 0.41993463942307696 0.6040209447115384 0.42616959134615384 0.5898788365384615 0.42810457451923073 0.5749722884615385 0.4220846225961538 0.5463058509615385 0.4177846586538462 0.5432480985576923 0.41154970673076924 0.5489813870192308 0.4035947716346154 0.5524213581730769 0.3952098389423077 0.5596835216346154 0.3900498798076923 0.5612123990384615 0.3825249399038461 0.5719145360576923 0.38359993028846157 0.5795589182692308 0.3823099423076923 0.5826166730769231 0.3842449254807692 0.5940832475961538 0.3859649134615385 0.6086075745192308 0.39219986298076925 0.6097542331730769 0.41541967788461537 0.6063142596153847 0.41993463942307696 0.6040209447115384
13 0.3958548341346154 0.5206971682692307 0.3827399375 0.5363681538461539 0.390479875 0.5600657427884616 0.40079979326923076 0.5543324543269231 0.40660474759615384 0.5443947572115385 0.40337977403846154 0.5336926201923077 0.39972480288461537 0.5241371394230769 0.3958548341346154 0.5206971682692307
13 0.3504901971153846 0.7205977908653847 0.33974028125 0.7110423125 0.3283453725961539 0.7087489975961538 0.31738046153846156 0.7183044759615385 0.3105005168269231 0.7431487211538462 0.3128654975961539 0.7653174326923077 0.32426040624999997 0.7832817331730768 0.33995528125 0.7871039254807692 0.35264017788461544 0.7733440360576923 0.35694014423076925 0.7553797355769232 0.3567251466346154 0.7374154350961538 0.3504901971153846 0.7205977908653847
4 0.46400928846153844 0.8547567163461539 0.4609993125 0.8524634014423077 0.45261437980769226 0.8490234302884615 0.4470244230769231 0.8631655384615384 0.4487444110576923 0.8677521682692307 0.4444444447115385 0.8673699495192307 0.44358445192307694 0.870045483173077 0.43455452403846156 0.8830409350961539 0.4278895769230769 0.8880097860576923 0.4315445480769231 0.899858579326923 0.44035947596153846 0.9055918653846154 0.453259375 0.9086496201923077 0.4622893028846154 0.8964186057692308 0.46465428365384615 0.8822764975961538 0.46486928125 0.8658410745192308 0.46400928846153844 0.8547567163461539
7 0.37908496634615385 0.7549975144230768 0.3782249735576923 0.7634063365384616 0.3730650144230769 0.7592019254807691 0.3726350192307692 0.7771662259615385 0.36618506971153847 0.7851928293269231 0.35780013701923075 0.7924549927884615 0.3504901971153846 0.8023926923076924 0.359305125 0.8077437596153847 0.36317509375 0.7985705000000001 0.36317509375 0.8081259783653846 0.3627450985576923 0.8218858701923076 0.36468008173076927 0.8276191562499999 0.37027003846153844 0.8218858701923076 0.375 0.8230325264423077 0.3855349158653846 0.8257080600961538 0.39542483653846155 0.8337346634615385 0.40595975240384613 0.8295302524038461 0.41154970673076924 0.8150059254807692 0.41004471875 0.7924549927884615 0.4074647403846154 0.7649352139423077 0.4031647740384615 0.7565263918269232 0.3939198485576923 0.7458242548076923 0.38381493028846153 0.7458242548076923 0.37908496634615385 0.7549975144230768
3 0.4754041971153846 0.7981882812500001 0.47884416826923076 0.8130948293269231 0.4984090120192307 0.8207392115384615 0.5029239759615385 0.8169170192307693 0.5080839350961539 0.8100370745192307 0.5039989687499999 0.784428391826923 0.4754041971153846 0.7981882812500001
7 0.4674492596153846 0.7507931057692308 0.4674492596153846 0.7423842836538461 0.4743292043269231 0.7305354879807692 0.46895424759615384 0.7179222572115385 0.4612143100961538 0.7228911057692307 0.4519693846153846 0.7335932427884615 0.4437994495192308 0.7339754615384616 0.43175954567307695 0.7194511322115384 0.4302545576923077 0.7293888317307692 0.4222996225961539 0.7683751875 0.42767457932692304 0.8165348004807692 0.45067939423076925 0.8211214302884616 0.46142930769230767 0.8016282548076923 0.4674492596153846 0.7507931057692308
2 0.3674750600961539 0.9927378365384616 0.34339525240384616 0.8945075096153846 0.33974028125 0.8990941418269232 0.36317509375 0.9977066850961538 0.3674750600961539 0.9927378365384616
2 0.3330753365384615 0.8662232932692308 0.33329033413461534 0.88571646875 0.3315703485576923 0.9227917283653846 0.3279153774038462 0.9973244663461538 0.33178534615384614 0.9969422475961539 0.3386652908653846 0.8669877307692307 0.3330753365384615 0.8662232932692308
2 0.3266253870192308 0.9980889038461539 0.33006536057692304 0.9212628533653846 0.3315703485576923 0.9032985504807692 0.3315703485576923 0.8983297019230769 0.3272703822115384 0.9017696754807693 0.3197454423076923 0.9984711225961539 0.3266253870192308 0.9980889038461539
2 0.3496302019230769 0.6980468605769231 0.34490024038461536 0.7022512716346154 0.3509201923076923 0.7213622283653846 0.36059511538461536 0.7664640913461539 0.3625301009615385 0.7557619543269231 0.35909012740384616 0.7305354879807692 0.3511351899038461 0.7022512716346154 0.3496302019230769 0.6980468605769231
6 0.2466460264423077 0.6433895192307693 0.2662108701923077 0.6636471346153846 0.3350103197115385 0.6154875216346153 0.3279153774038462 0.5898788365384615 0.2466460264423077 0.6433895192307693
13 0.22407120673076925 0.6919313533653846 0.23503612019230768 0.7144822836538461 0.249871 0.7232733245192308 0.2610509110576923 0.7148645024038461 0.2683608533653846 0.7003401754807693 0.26685586538461536 0.6728203942307692 0.2584709326923077 0.6560027524038462 0.24772101923076925 0.6456828341346154 0.234391125 0.6502694639423077 0.22622118990384615 0.6697626418269231 0.22407120673076925 0.6919313533653846
0 0.3608101129807692 0.8639299783653847 0.3588751298076923 0.8165348004807692 0.35651014903846157 0.7630241177884615 0.35264017788461544 0.7160111610576922 0.31501548076923075 0.7198333533653846 0.28964568269230767 0.7228911057692307 0.2887856899038461 0.7332110240384615 0.2963106298076923 0.8184458966346154 0.29932060576923075 0.8742498942307692 0.3608101129807692 0.8639299783653847
0 0.29717062259615384 0.8773076490384616 0.29308565625 0.7924549927884615 0.2610509110576923 0.7874861442307692 0.2479360168269231 0.9438137836538462 0.32060543509615386 0.9529870432692308 0.3311403509615385 0.8738676754807693 0.29717062259615384 0.8773076490384616
2 0.2563209495192308 0.9449604399038461 0.22665118750000002 0.99961778125 0.23331613221153846 0.9988533413461538 0.2649208798076923 0.9495470697115385 0.2563209495192308 0.9449604399038461
7 0.29351565144230773 0.7190689134615386 0.29308565625 0.7125711875 0.28814069471153847 0.6969002019230769 0.28126075 0.6972824206730769 0.27223082211538463 0.698811298076923 0.26642586778846156 0.7056912427884616 0.26169590625 0.7060734615384615 0.2595459230769231 0.71295340625 0.26212590384615386 0.7328288052884615 0.27223082211538463 0.74085540625 0.27889576923076925 0.7469709134615384 0.2855607163461538 0.7355043389423077 0.29351565144230773 0.7190689134615386
9 0.20859133173076924 0.7053090240384615 0.20579635336538463 0.7274777355769231 0.2137512908653846 0.7404731875 0.2260061923076923 0.741237625 0.2337461298076923 0.7278599543269231 0.2337461298076923 0.7144822836538461 0.2270811826923077 0.6991935168269231 0.22106123076923076 0.6926957908653846 0.21590127403846154 0.6957535456730769 0.20859133173076924 0.7053090240384615
7 0.1853715168269231 0.4064136370192308 0.18580151442307694 0.41864465144230767 0.19655142788461538 0.42476015865384614 0.21762125961538462 0.41138248557692303 0.21869624999999998 0.3918893100961538 0.21762125961538462 0.37545388461538465 0.2064413485576923 0.37468944711538466 0.19354145192307692 0.3903604326923077 0.1853715168269231 0.4064136370192308
7 0.20171138701923075 0.4633642932692308 0.19612143028846155 0.47712418269230766 0.21289129567307694 0.48667966105769234 0.2238562091346154 0.46909758173076926 0.22127623076923075 0.4469288701923077 0.21783625721153846 0.44463555288461537 0.21977124278846152 0.4373733894230769 0.21504127884615384 0.41864465144230767 0.21203130288461539 0.41444024038461535 0.1959064326923077 0.4274356923076923 0.19612143028846155 0.4316401033653846 0.1939714471153846 0.46068875961538464 0.20171138701923075 0.4633642932692308
0 0.18902648798076924 0.1449757283653846 0.2503009975961538 0.15873561778846154 0.23998107932692306 0.11936704567307693 0.16774165865384616 0.10331384134615385 0.16774165865384616 0.12433589423076923 0.18902648798076924 0.1449757283653846
12 0.12582884375 0.5252055480769231 0.12438987980769231 0.5451591947115385 0.12582884375 0.5464382740384616 0.12784339423076924 0.5356940024038461 0.12928236057692308 0.5188101490384616 0.13201639182692307 0.51471709375 0.132735875 0.5078100625 0.13086522115384616 0.5034611899038461 0.12798729086538463 0.5034611899038461 0.12554105048076922 0.5072984302884616 0.1265483269230769 0.5170194375 0.12582884375 0.5252055480769231
6 0.15849334615384617 0.6518344567307692 0.21000828846153846 0.58608975 0.20238177403846153 0.5599965216346153 0.19144564182692306 0.554880201923077 0.18065340624999998 0.566647735576923 0.15820555288461538 0.5901828052884615 0.14194525 0.6109039014423077 0.1474133173076923 0.6344389711538461 0.15849334615384617 0.6518344567307692
9 0.17201961538461538 0.7076023389423077 0.17374637259615386 0.6940440937500001 0.17345858173076925 0.6858579807692308 0.1628102403846154 0.6735788149038461 0.15230579807692307 0.6751137091346154 0.14597435096153846 0.6881603245192308 0.15158631490384616 0.706834891826923 0.16396141346153847 0.7168117139423077 0.17201961538461538 0.7076023389423077
8 0.15057903846153847 0.7122070264423077 0.14597435096153846 0.7127186586538462 0.13906731971153846 0.7129744735576923 0.13302366826923076 0.7165558990384615 0.12827508413461539 0.7180907932692308 0.12971404807692308 0.7239745625 0.1325919783653846 0.7247420096153847 0.13964290625 0.7290908822115385 0.15129852163461538 0.7278118004807692 0.15863724278846153 0.7260210889423077 0.1615151730769231 0.7214164014423077 0.15978841346153846 0.7145093701923078 0.15503983173076924 0.7122070264423077 0.15057903846153847 0.7122070264423077
13 0.18928719471153846 0.7874169230769231 0.17144402884615387 0.7751377572115385 0.15604710576923075 0.7996960913461538 0.1822362668269231 0.8265567692307693 0.18914329807692307 0.80916128125 0.18928719471153846 0.7874169230769231
8 0.12036077644230768 0.7746261249999999 0.1164755721153846 0.7730912283653846 0.11115140144230769 0.7817889735576924 0.08035755288461538 0.8644175336538461 0.08740848076923077 0.8697896682692308 0.12179974278846153 0.7835796850961538 0.12036077644230768 0.7746261249999999
13 0.08654510336538462 0.8938363701923078 0.08568172355769231 0.9045806418269231 0.07560896874999999 0.9247901033653847 0.05934866586538461 0.9618834182692308 0.06265828605769232 0.977232377403846 0.10453216346153846 0.9449995649038462 0.10611502403846154 0.9217203100961538 0.10971243750000001 0.9112318557692307 0.10107864903846155 0.8787432283653847 0.08654510336538462 0.8938363701923078
13 0.10712230048076923 0.9465344615384615 0.10208592307692309 0.9680230024038461 0.11532439903846153 0.9710927956730769 0.13849173557692307 0.9081620649038461 0.13618939182692308 0.8956270817307692 0.13216028846153846 0.8899991298076924 0.12798729086538463 0.8940921850961538 0.12050467307692309 0.9084178798076923 0.10712230048076923 0.9465344615384615
13 0.08611341346153846 0.8493243894230769 0.09258875480769231 0.8380684879807692 0.09302044471153846 0.8326963509615385 0.07776741826923078 0.8009751706730769 0.06251438942307692 0.8032775144230769 0.05531956490384615 0.812486889423077 0.05719021875 0.8178590240384616 0.06179490625 0.8176032091346154 0.05862918509615385 0.8257893197115386 0.0695653173076923 0.8393475673076923 0.06711907692307692 0.8516267331730769 0.07345052163461538 0.8539290769230768 0.07891858894230769 0.8488127572115385 0.08496224278846154 0.8447197019230769 0.08611341346153846 0.8493243894230769
6 0.06165100961538462 0.83218471875 0.05877308173076923 0.8293707427884616 0.017474788461538462 0.8731152764423077 0.02135999519230769 0.8943480024038462 0.03085716346153846 0.9194179663461538 0.044239536057692305 0.939115798076923 0.06179490625 0.9186505192307692 0.05978035576923077 0.9119993052884615 0.07258714423076923 0.8692780360576923 0.07848689903846154 0.876952514423077 0.08237210576923076 0.8572546850961539 0.07848689903846154 0.85060346875 0.07273104086538461 0.8569988701923077 0.06611180288461539 0.8521383653846153 0.06827025 0.8462545985576924 0.06165100961538462 0.83218471875
4 0.10136643990384615 0.6676950456730769 0.09474720192307692 0.6774160528846154 0.1265483269230769 0.7155326346153846 0.14539876682692307 0.7029976514423077 0.14798890384615385 0.6817649254807693 0.1312969110576923 0.6766486057692307 0.11057581730769231 0.6646252548076923 0.10136643990384615 0.6676950456730769
4 0.0498515 0.6083457403846154 0.06352166586538462 0.6132062427884615 0.07172376442307692 0.6098806370192308 0.07071649038461539 0.5909502548076924 0.06668738701923077 0.5894153581730769 0.054887874999999996 0.5853223028846154 0.04999539423076923 0.587113014423077 0.04884422355769231 0.5968340216346154 0.0498515 0.6083457403846154
12 0.09261378125 0.5977374110576923 0.08925897596153846 0.5991499591346154 0.08934726201923077 0.6049571057692308 0.09217235817307692 0.609351701923077 0.09473260336538461 0.6076252548076924 0.10214848798076924 0.6145310504807692 0.10320789903846153 0.6145310504807692 0.10347275240384615 0.6120198509615384 0.09588030048076922 0.6052710048076924 0.09561544711538462 0.6007194591346153 0.09261378125 0.5977374110576923
6 0.1903562908653846 0.5458811634615385 0.19604180288461537 0.5275912692307693 0.18819038221153847 0.5191682908653846 0.17736084134615385 0.5261473293269231 0.18169265865384615 0.5405867211538461 0.1903562908653846 0.5458811634615385
10 0.18643058173076923 0.6457536153846154 0.1750595625 0.6445503341346155 0.1741119783653846 0.670300579326923 0.1835878269230769 0.6712632067307692 0.1835878269230769 0.6618776009615384 0.18643058173076923 0.6457536153846154
9 0.14947476682692307 0.9263591081730769 0.16301169471153848 0.9350227427884616 0.17370587019230768 0.9213053221153846 0.17614251682692308 0.9083098701923077 0.1735705 0.8900199735576924 0.16071041826923077 0.8876134086538462 0.15177604567307693 0.8941111346153847 0.14676738221153846 0.9114384038461538 0.14947476682692307 0.9263591081730769
6 0.11116525961538462 0.39402690625 0.10561511778846154 0.3942675625 0.10426142548076923 0.39956200480769233 0.09844054567307693 0.4154453341346154 0.09424409855769231 0.4320506346153846 0.10290773317307693 0.45058118509615386 0.10927008894230769 0.4544316899038462 0.12348386298076923 0.42410896875 0.12280701682692308 0.4171299302884615 0.11698613701923076 0.4048564495192308 0.11116525961538462 0.39402690625
6 0.09695148317307692 0.9985560600961538 0.15164067548076923 0.9894111129807693 0.15177604567307693 0.9689553100961539 0.15042235096153847 0.9622169278846153 0.14866255048076923 0.9619762716346153 0.09695148317307692 0.97160253125 0.09695148317307692 0.9985560600961538
7 0.04943686298076923 0.71145284375 0.04984297115384616 0.7073616826923076 0.053362572115384616 0.6967727956730769 0.04930149519230769 0.6909970408653846 0.04781243269230769 0.6746323966346155 0.028048516826923078 0.6767983052884615 0.010315139423076923 0.6719851754807693 0.011668831730769231 0.697013451923077 0.004223521634615385 0.7408129375 0.031162009615384616 0.7369624326923077 0.04943686298076923 0.71145284375
10 0.05471626682692307 0.7927947427884615 0.036306043269230766 0.79736721875 0.04226229086538461 0.8195076177884615 0.04117933653846154 0.8368348846153846 0.05431015865384615 0.8286525649038462 0.06053714423076923 0.8204702427884616 0.05810049759615384 0.8043462572115385 0.05471626682692307 0.7927947427884615
6 0.016271389423076925 0.8726927067307693 0.021821528846153848 0.8671576057692308 0.0024637211538461536 0.8517555889423077 0.0012453966346153847 0.9961494951923077 0.008284600961538461 0.9968714663461539 0.024799653846153846 0.9073472427884616 0.016271389423076925 0.8726927067307693