10 0.3952473774038462 0.23235171153846151 0.3919985144230769 0.2360066826923077 0.39478325480769233 0.23913951442307693 0.4054580889423077 0.2430555552884615 0.41474055528846154 0.2430555552884615 0.4184535408653846 0.23548454567307694 0.4156688004807692 0.2307852956730769 0.40685045913461537 0.23052422596153846 0.3952473774038462 0.23235171153846151
8 0.4114916923076923 0.24697159615384615 0.4091710745192308 0.24958228846153846 0.41474055528846154 0.2501044278846154 0.41891766346153847 0.2524540528846154 0.42912837740384613 0.25532581490384615 0.4430520745192308 0.2566311610576923 0.45697577403846157 0.2584586466346154 0.4662582379807692 0.2584586466346154 0.4671864855769231 0.2548036754807692 0.46672236057692307 0.25167084375 0.45929638942307693 0.25036549759615384 0.45001392307692306 0.24879908173076923 0.43562610336538465 0.24644945673076923 0.42680775961538464 0.24644945673076923 0.41891766346153847 0.24566625 0.4114916923076923 0.24697159615384615
5 0.6720061033653846 0.14063691826923078 0.673136141826923 0.1372997716346154 0.6703110432692309 0.13507500721153848 0.6643783365384616 0.13459827163461538 0.6624007692307692 0.1369819471153846 0.6601406899038461 0.1396834471153846 0.6584456298076924 0.14143147596153846 0.66183575 0.14143147596153846 0.6638133173076923 0.14381515384615384 0.668615985576923 0.14174930048076922 0.6720061033653846 0.14063691826923078
11 0.6378224134615385 0.15080727163461538 0.6333022572115384 0.15795830048076923 0.6364098653846154 0.1633613028846154 0.6457326899038461 0.16590388942307693 0.6516653942307692 0.1638380360576923 0.6527954350961539 0.15859394951923075 0.6494053173076922 0.15128400721153848 0.6429075913461539 0.14953597836538463 0.6378224134615385 0.15080727163461538
7 0.7830324615384616 0.15493897836538462 0.7703195192307692 0.14588100721153846 0.7655168509615385 0.1455631826923077 0.7618442235576922 0.15144291826923076 0.7553464975961539 0.15446224278846155 0.7516738701923077 0.1608187139423077 0.7584541057692308 0.1660628028846154 0.7683419495192307 0.17623315625000002 0.7785123028846154 0.18672133173076924 0.7852925384615385 0.18974065625 0.7889651658653847 0.18767480288461538 0.7997005384615385 0.17893465625000002 0.8036556778846153 0.17496186057692306 0.7963104206730769 0.166380625 0.7830324615384616 0.15493897836538462
8 0.3739582451923077 0.1601830673076923 0.37452326442307693 0.1633613028846154 0.37339322596153846 0.16542715384615383 0.3725456947115384 0.17019450721153848 0.37621832451923076 0.17019450721153848 0.3807384807692307 0.17448512500000002 0.38949628605769226 0.17305492067307693 0.4222674230769231 0.15462115384615385 0.42678758173076925 0.14667556490384615 0.4313077379807692 0.14159038942307692 0.4250925216346154 0.13888888942307692 0.41802977644230765 0.14111365384615385 0.40616436538461537 0.14174930048076922 0.3945814615384616 0.14731121394230767 0.3821510288461539 0.1562102716346154 0.3739582451923077 0.1601830673076923
9 0.5398832620192308 0.1641612932692308 0.540993985576923 0.1693157403846154 0.544881514423077 0.17493877163461538 0.5559887379807692 0.17681311538461536 0.5665405985576923 0.1741577956730769 0.5732049326923077 0.16853476201923076 0.5715388509615384 0.16181836298076924 0.5645968365384616 0.1571325048076923 0.5554333774038461 0.1563515264423077 0.544881514423077 0.1586944567307692 0.5398832620192308 0.1641612932692308
8 0.6120802163461538 0.16666041826923078 0.6031944375 0.1576010889423077 0.5923648942307692 0.14869795673076924 0.5893104086538462 0.14807317548076923 0.5745933365384616 0.15744489423076924 0.5923648942307692 0.17228345192307692 0.6112471754807692 0.17681311538461536 0.6148570216346154 0.1730644278846154 0.6165231057692308 0.1708776923076923 0.6120802163461538 0.16666041826923078
8 0.4679639903846154 0.20914554807692307 0.4610219759615385 0.2118008701923077 0.45935589182692305 0.21648673076923078 0.4607442956730769 0.2192982451923077 0.4696300745192307 0.21976683173076922 0.4740729639423077 0.22335932451923077 0.4826810625 0.22460888701923076 0.4912891586538462 0.22460888701923076 0.49434364663461533 0.22039161298076923 0.49434364663461533 0.21711151201923076 0.4907337980769231 0.21414380048076923 0.47129615865384616 0.21008272115384616 0.4679639903846154 0.20914554807692307
8 0.5308259759615385 0.30798503605769234 0.5292333966346153 0.3047600625 0.5295519110576923 0.3017142524038462 0.5295519110576923 0.29848927884615384 0.5282778485576923 0.29598096634615384 0.5270037836538461 0.29311432211538463 0.5263667524038461 0.29060600721153845 0.523818625 0.2886351899038461 0.5126705649038461 0.28773936538461536 0.5149001778846154 0.2936518173076923 0.50948540625 0.29669762740384614 0.5117150168269231 0.29848927884615384 0.5117150168269231 0.3017142524038462 0.5152186923076922 0.3083433677884615 0.5171297884615385 0.31174750721153843 0.5187223677884615 0.3174807932692308 0.522863076923077 0.31658496634615385 0.52445565625 0.31640580288461534 0.5270037836538461 0.31676413221153843 0.5292333966346153 0.31515164663461537 0.5301889447115384 0.3128224975961539 0.5311444903846154 0.31085168028846155 0.5308259759615385 0.30798503605769234
9 0.5368777788461538 0.24402304807692307 0.5508924807692307 0.24635219471153846 0.5477073221153846 0.2363189423076923 0.5477073221153846 0.2253898629807692 0.5429295817307692 0.22682318509615385 0.5336926201923077 0.22897316826923075 0.5317815240384616 0.23524395192307693 0.5368777788461538 0.24402304807692307
9 0.5512109975961539 0.2456355360576923 0.5649071850961538 0.24223139663461538 0.5687293774038461 0.23578144711538462 0.5664997644230769 0.23058565625 0.5642701514423076 0.2278981778846154 0.5505739663461539 0.22664401923076924 0.5492999014423077 0.23578144711538462 0.5512109975961539 0.2456355360576923
13 0.5225445600961538 0.2499355 0.5247741730769231 0.24957717067307691 0.5231815913461538 0.2474271875 0.5279593317307693 0.2452772043269231 0.5241371394230769 0.24169389903846156 0.5075743100961538 0.24169389903846156 0.49770031490384614 0.2434855528846154 0.4830485793269231 0.24778551682692307 0.48368561298076923 0.2601479182692308 0.48910038221153845 0.2857685480769231 0.5457962259615384 0.2907851730769231 0.5486628701923076 0.28881435576923076 0.5413370024038462 0.2782436081730769 0.5321000384615384 0.27053950240384617 0.5225445600961538 0.25925209375 0.525411204326923 0.2578187716346154 0.5247741730769231 0.2536979711538461 0.5231815913461538 0.2522646490384615 0.5225445600961538 0.2499355
8 0.5986698774038461 0.28773936538461536 0.59612175 0.28666437259615385 0.5913440096153846 0.2825435721153846 0.5856107235576923 0.2803935889423077 0.5760552427884615 0.27985609375 0.5639516370192308 0.2753769639423077 0.5473888052884616 0.2734061466346154 0.5426110673076923 0.2753769639423077 0.5422925504807693 0.2778852764423077 0.5442036466346154 0.2807519206730769 0.5467517740384615 0.28487272115384615 0.5496184182692307 0.2891726875 0.5543961586538462 0.2891726875 0.5629960889423077 0.2891726875 0.5690478918269231 0.29132266826923076 0.5760552427884615 0.29347265144230766 0.5875218173076923 0.2936518173076923 0.5951662019230769 0.2909643389423077 0.5980328461538462 0.29060600721153845 0.5986698774038461 0.28773936538461536
8 0.5040706346153846 0.2004858966346154 0.5002484423076923 0.20711500961538462 0.5012039903846154 0.20854833173076923 0.5059817307692308 0.21141497596153844 0.5142631442307692 0.21446078365384616 0.5209519807692308 0.21643160096153846 0.5282778485576923 0.2176857596153846 0.5330555865384615 0.21643160096153846 0.5362407475961539 0.21517744471153846 0.5327370721153846 0.21248996634615386 0.5270037836538461 0.20675668028846153 0.5168112740384616 0.20299420913461536 0.5085298581730769 0.19923174038461539 0.5040706346153846 0.2004858966346154
13 0.26486513942307693 0.3409514399038462 0.25881333653846156 0.34578890144230773 0.26199849759615385 0.35026803125 0.2798353918269231 0.35259718028846154 0.2922575144230769 0.3488347091346154 0.29448712499999996 0.34363891826923076 0.2852501634615385 0.33969728125 0.27410210336538465 0.33933895192307695 0.26486513942307693 0.3409514399038462
9 0.6088623894230769 0.36155543990384614 0.6028105841346154 0.3560013197115385 0.597714329326923 0.3549263269230769 0.5907069783653847 0.3561804831730769 0.5824255625 0.35886796153846157 0.5782848557692307 0.36478041586538457 0.5843366586538461 0.37069286778846156 0.5894329134615385 0.3746345024038461 0.6044031658653846 0.37212618990384616 0.6088623894230769 0.36155543990384614
5 0.7034616322115385 0.34722222115384616 0.6990024086538462 0.34543056971153846 0.6907209927884614 0.34632639663461534 0.6862617692307692 0.34775971875 0.6782988701923076 0.3545679975961538 0.6776618389423077 0.3561804831730769 0.6821210625 0.35868879807692305 0.6878543485576922 0.35833046634615384 0.6970913125 0.35868879807692305 0.7063282740384615 0.35420966586538466 0.7034616322115385 0.34722222115384616
0 0.6266992836538462 0.19206512980769233 0.6044031658653846 0.18525685096153846 0.597077298076923 0.20191921875000002 0.6174623197115385 0.20729417548076923 0.6266992836538462 0.19206512980769233
0 0.6321140552884615 0.203173375 0.6273363149038461 0.17683608653846153 0.597714329326923 0.18274853846153846 0.5993069086538462 0.1895568173076923 0.6050401971153846 0.2038900360576923 0.6072698076923077 0.20998165384615383 0.6321140552884615 0.203173375
0 0.5903884615384615 0.19941090384615384 0.611410516826923 0.21750659375 0.6279733461538461 0.20406920192307693 0.6321140552884615 0.19779841826923078 0.6378473413461538 0.19045264423076924 0.6305214735576924 0.18669017307692307 0.6094994206730769 0.17701525 0.5903884615384615 0.19941090384615384
0 0.6260622499999999 0.20693584375000001 0.6381658581730769 0.1917068004807692 0.6302029591346153 0.1854360168269231 0.6276548317307692 0.17576109374999999 0.6136401274038461 0.17773191105769232 0.6094994206730769 0.17576109374999999 0.5894329134615385 0.20012756490384614 0.5843366586538461 0.20980248798076923 0.5951662019230769 0.21571493990384616 0.6107734831730769 0.22485236778846154 0.6260622499999999 0.20693584375000001
7 0.5773293076923077 0.17665692067307692 0.5693664086538461 0.17450693750000001 0.5610849927884616 0.17665692067307692 0.555351704326923 0.18203187740384616 0.5550331899038462 0.18597351201923076 0.5505739663461539 0.1879443293269231 0.5502554495192308 0.19206512980769233 0.5473888052884616 0.19672342548076924 0.5486628701923076 0.20478586057692308 0.5524850625 0.2062191826923077 0.5540776418269231 0.20872749759615386 0.5610849927884616 0.21069831490384613 0.567136795673077 0.20854833173076923 0.5782848557692307 0.20281504326923078 0.5875218173076923 0.19761925240384615 0.5897514302884616 0.1902734783653846 0.5948476850961538 0.17988189423076922 0.5878403341346154 0.17952356490384616 0.5773293076923077 0.17665692067307692
4 0.32251653125 0.16608617067307693 0.28747977403846153 0.17844857211538462 0.2693243629807692 0.18633184375 0.27601319951923076 0.19206512980769233 0.29671673798076925 0.20335254086538462 0.3371682668269231 0.18812349519230767 0.33939787740384614 0.18328603365384616 0.3378052980769231 0.17970272836538465 0.32251653125 0.16608617067307693
7 0.6381658581730769 0.24061890865384614 0.6330696009615384 0.2452772043269231 0.6168252884615384 0.24169389903846156 0.6130030961538462 0.23828975961538462 0.5951662019230769 0.2452772043269231 0.59612175 0.2468896923076923 0.59548471875 0.25602711778846154 0.6056772283653846 0.2612229110576923 0.6130030961538462 0.27089783173076926 0.6184178677884616 0.26982284134615386 0.6400769543269231 0.28702270432692306 0.6767062908653846 0.2630145625 0.6744766778846153 0.2578187716346154 0.6741581634615385 0.2515479879807692 0.6779803533653846 0.2474271875 0.6795729326923077 0.24330638701923077 0.6693804230769231 0.23864809134615386 0.6614175240384615 0.23685643750000002 0.6493139158653847 0.23721476923076923 0.6464472740384615 0.24008141346153847 0.6381658581730769 0.24061890865384614
7 0.6779803533653846 0.26785202403846153 0.7171578173076922 0.2533396394230769 0.7209800096153847 0.23828975961538462 0.7174763341346153 0.23667727403846153 0.6907209927884614 0.24456054326923077 0.6789359014423078 0.23649810817307693 0.6716100336538461 0.23793143028846153 0.6808469975961539 0.24241056009615386 0.6773433221153845 0.2481438485576923 0.6747951947115385 0.25172715384615385 0.6757507427884615 0.25710211057692306 0.6779803533653846 0.26426871875 0.6754322259615384 0.26606037259615384 0.6779803533653846 0.26785202403846153
7 0.6789359014423078 0.3540305 0.7002764711538462 0.3264390552884615 0.6617360384615385 0.31228500240384616 0.6442176610576923 0.33611397836538465 0.655684235576923 0.3491930408653846 0.6789359014423078 0.3540305
7 0.8276828605769231 0.37015537259615383 0.82609028125 0.34345975240384613 0.812075576923077 0.3341431610576923 0.8028386153846154 0.33468065625 0.782772108173077 0.32464740384615387 0.7770388197115385 0.34077227403846155 0.7824535913461539 0.3540305 0.81366815625 0.3594054591346154 0.799016423076923 0.3595846225961538 0.8057052572115384 0.37499283413461537 0.8276828605769231 0.37015537259615383
7 0.7786314014423077 0.2854102163461538 0.7372243245192307 0.28111025 0.7232096225961538 0.30225174759615386 0.752513091346154 0.3067308798076923 0.7521945745192308 0.3056558870192308 0.770987016826923 0.29598096634615384 0.7741721778846155 0.2956226346153846 0.7846832043269232 0.29329348798076926 0.8022015817307693 0.2911435048076923 0.8063422908653847 0.2900685120192308 0.7786314014423077 0.2854102163461538
6 0.7595204423076923 0.3156891418269231 0.8346902115384616 0.3097766875 0.8267273125 0.2907851730769231 0.8069793221153846 0.291681 0.7671648245192307 0.29920593990384614 0.7585648942307692 0.31085168028846155 0.7595204423076923 0.3156891418269231
7 0.63912140625 0.30063926201923075 0.6467657884615385 0.2922184951923077 0.627017798076923 0.2843352259615385 0.6139586442307693 0.2812894158653846 0.6050401971153846 0.26928534615384614 0.5942106538461538 0.2820060769230769 0.611092 0.30099759134615384 0.6168252884615384 0.3061933846153846 0.6085438725961538 0.3056558870192308 0.6145956754807692 0.3103141850961538 0.6031291009615385 0.32249742067307696 0.5900699471153846 0.33754730048076925 0.59612175 0.34811804807692304 0.6075883245192307 0.34220559615384616 0.6120475480769231 0.34686389182692307 0.6171438028846155 0.32751404567307696 0.6292474110576923 0.3124641658653846 0.6279733461538461 0.29705595673076923 0.6327510865384615 0.29831011298076926 0.63912140625 0.30063926201923075
4 0.26040591586538464 0.4514963870192308 0.25021340625 0.45400470192307696 0.25085043749999997 0.45866299759615387 0.24862082692307694 0.46314212740384614 0.2527615336538461 0.47371287740384616 0.2559466923076923 0.47120456490384616 0.27442062019230773 0.4703087379807692 0.2836575817307692 0.46833792067307695 0.2836575817307692 0.4522130480769231 0.26040591586538464 0.4514963870192308
4 0.27856132692307695 0.43698400480769234 0.2559466923076923 0.4475547524038461 0.25945036778846153 0.4506005625 0.2833390673076923 0.4511380576923077 0.2855686778846154 0.4583046658653846 0.2963982211538462 0.45024223076923076 0.27856132692307695 0.43698400480769234
2 0.5120335336538462 0.3977468173076923 0.5180853365384616 0.3948801754807692 0.526048235576923 0.35886796153846157 0.5352851995192307 0.31837662019230767 0.5327370721153846 0.3128224975961539 0.5333741033653846 0.31174750721153843 0.5282778485576923 0.31550997596153846 0.52572971875 0.3325306730769231 0.5184038533653846 0.3635262572115385 0.5120335336538462 0.3977468173076923
2 0.4120195192307692 0.3726636850961539 0.47635974519230767 0.45525885817307693 0.48336709615384615 0.4532880408653846 0.4187083533653846 0.37033453846153847 0.4120195192307692 0.3726636850961539
2 0.42476015865384614 0.37714281730769234 0.4712634903846154 0.43644650721153844 0.47317458413461544 0.4348340216346154 0.4043751346153846 0.3368306394230769 0.39896036298076926 0.3395181177884616 0.42476015865384614 0.37714281730769234
2 0.46521168509615385 0.44809224759615385 0.46935239423076924 0.4450464399038462 0.4394118918269231 0.43053405528846156 0.39227152884615385 0.40795923557692304 0.3594643846153846 0.39326768749999996 0.35627922355769226 0.3963134951923077 0.40978990625 0.4221132908653846 0.46521168509615385 0.44809224759615385
13 0.6031291009615385 0.4574088413461539 0.5891143990384615 0.45812550240384614 0.5821070456730769 0.46833792067307695 0.5868847860576923 0.4785503389423077 0.59548471875 0.48535861778846157 0.61172903125 0.4841044615384615 0.6196919302884615 0.47550452884615385 0.6165067716346153 0.46278379807692305 0.6031291009615385 0.4574088413461539
9 0.5973958125000001 0.4559755192307692 0.6145956754807692 0.46009631971153847 0.6222400600961537 0.4549005264423077 0.6241511538461538 0.44630059615384615 0.6193734158653845 0.44200062980769234 0.6024920697115385 0.44307562259615385 0.5973958125000001 0.4559755192307692
0 0.5317815240384616 0.4522130480769231 0.539744423076923 0.4593796586538461 0.5722330504807692 0.4486297451923077 0.5598109278846154 0.42282994951923075 0.5340111346153846 0.39111770432692305 0.4626635576923077 0.41458835096153845 0.4852781923076923 0.44880890865384615 0.5113965024038462 0.43608817788461535 0.5317815240384616 0.4522130480769231
0 0.5483443533653847 0.4661879375 0.5110779855769231 0.43734233413461543 0.46584871875 0.4670837644230769 0.48177451682692307 0.4810586514423077 0.4935596081730769 0.4850002860576923 0.50948540625 0.499871 0.5330555865384615 0.5129500625 0.5760552427884615 0.4835669639423077 0.5483443533653847 0.4661879375
13 0.4483303389423077 0.5285374375 0.4719005216346154 0.5324790745192307 0.4910114783653846 0.5251332980769231 0.4961077355769231 0.5113375769230769 0.4881448365384615 0.5025584783653846 0.4766782596153846 0.4975418533653846 0.4633005889423077 0.49682519230769234 0.45278956249999996 0.49897517548076925 0.4438711153846154 0.5041709663461538 0.43877486057692305 0.5165333677884616 0.4483303389423077 0.5285374375
13 0.5475657596153846 0.5453126129807692 0.5539832668269231 0.5270377596153846 0.53834059375 0.5175619086538462 0.5190880721153847 0.5218486033653846 0.5110661875 0.5371904567307693 0.5198902596153846 0.550953 0.5475657596153846 0.5453126129807692
10 0.08911510576923076 0.5428308413461539 0.09272495432692307 0.5292939134615385 0.05782975961538461 0.5313244519230769 0.05662647596153846 0.5387697644230769 0.08911510576923076 0.5428308413461539
8 0.11999935817307693 0.5247816033653846 0.09352714182692308 0.5297451442307692 0.09192276442307692 0.5367392235576923 0.09713699038461539 0.5367392235576923 0.10435668509615385 0.5380929182692308 0.12120264182692307 0.5349343004807692 0.15288908173076923 0.5320013004807692 0.15088361057692307 0.5204949110576923 0.11999935817307693 0.5247816033653846
2 0.2214761875 0.4852988966346154 0.21505868028846153 0.4816890480769231 0.2034269495192308 0.48146343269230774 0.19500397115384616 0.4767255072115385 0.16050987019230767 0.4889087427884615 0.14246063221153846 0.4940978990384615 0.13644421875 0.5008663629807693 0.14767485817307693 0.5162082163461539 0.21184992548076925 0.49725651682692307 0.2138553966346154 0.49251859134615383 0.2214761875 0.4852988966346154
2 0.07868665625 0.3997906298076923 0.07307133894230769 0.38828424038461534 0.08470306971153846 0.38129015865384613 0.07066477403846154 0.3709118485576923 0.05702757211538461 0.37361923317307694 0.03416520192307692 0.38219262259615383 0.03978052163461539 0.38535123798076926 0.04419255769230769 0.39302216346153845 0.05782975961538461 0.3932477788461538 0.0738735264423077 0.39911378124999997 0.07868665625 0.3997906298076923
7 0.15288908173076923 0.52207421875 0.1520868942307692 0.5333549927884615 0.11237856971153846 0.5376416875 0.11358185096153847 0.5563677716346154 0.14968032692307692 0.5617825432692307 0.16091096634615384 0.5565933870192308 0.1697350360576923 0.5606544663461539 0.19420178125 0.5462150745192308 0.1986138173076923 0.5376416875 0.20984445673076924 0.5331293774038461 0.20623460817307693 0.526135298076923 0.20262475961538462 0.5207205264423077 0.2090422668269231 0.5094397524038462 0.20463023076923076 0.5026712884615384 0.16532300240384615 0.5130495985576923 0.15730111778846154 0.5162082163461539 0.15288908173076923 0.52207421875
7 0.2696074903846154 0.4920673605769231 0.27762937259615383 0.5015432091346154 0.3309748990384615 0.4970308990384616 0.32816724038461537 0.4830427403846154 0.31974426201923073 0.47649989182692304 0.2940742355769231 0.47762796874999996 0.2740195264423077 0.48056097115384616 0.2696074903846154 0.4920673605769231
13 0.3345847475961538 0.6479676562500001 0.34902413701923074 0.6326258028846153 0.34942523076923077 0.6222474903846155 0.3458153846153846 0.6152534110576923 0.3333814639423077 0.6136741033653846 0.3077114375 0.6211194134615384 0.30169502403846155 0.6274366466346154 0.29166766826923074 0.640973576923077 0.2976840817307692 0.6522543509615384 0.3137278485576923 0.6533824278846154 0.3345847475961538 0.6479676562500001
8 0.3257606754807692 0.6030701754807692 0.32896942788461536 0.6096130240384615 0.3345847475961538 0.6134484879807692 0.3426066298076923 0.6125460264423077 0.3458153846153846 0.6089361778846154 0.34661757211538463 0.6039726370192308 0.34461210096153844 0.5976554038461539 0.3426066298076923 0.5904357091346154 0.33659021875 0.5881795528846154 0.3269639567307693 0.5881795528846154 0.32134863942307695 0.5929174783653847 0.32134863942307695 0.5958504807692308 0.3257606754807692 0.6030701754807692
4 0.1520868942307692 0.5949480192307692 0.11117528605769231 0.5782524735576924 0.10315340144230768 0.5809598581730769 0.09874136538461539 0.57983178125 0.08349978846153847 0.5852465528846154 0.1256146778846154 0.6051007139423077 0.1520868942307692 0.5949480192307692
7 0.23190463461538463 0.6319489567307692 0.20663570192307693 0.6129972572115384 0.20824007932692307 0.6087105625 0.18216895673076922 0.6161558725961539 0.16091096634615384 0.6245036466346154 0.15730111778846154 0.6319489567307692 0.16572409615384617 0.6384918052884616 0.1777569206730769 0.6470651947115384 0.19460287740384616 0.6542848894230769 0.21024555048076923 0.6560898125 0.2110477379807692 0.66127896875 0.24032761298076924 0.6660168942307692 0.2676020192307692 0.6648888173076923 0.27000858413461537 0.6549617355769232 0.2844479735576923 0.6470651947115384 0.2748217139423077 0.6463883485576923 0.25958013461538465 0.6416504230769231 0.24955278125 0.6321745721153846 0.23190463461538463 0.6319489567307692
7 0.3454142908653846 0.592015016826923 0.3482219495192308 0.6012652524038461 0.3594525865384615 0.6019420985576923 0.3754963533653846 0.5985578653846153 0.38071057932692304 0.5917894014423077 0.38472152163461537 0.5856977836538462 0.38391933173076925 0.57983178125 0.3771007307692308 0.5753194711538462 0.36867775240384615 0.5750938557692308 0.3586503990384615 0.5741913942307693 0.34621647836538466 0.5755450865384616 0.34180444230769236 0.5818623197115385 0.3361891225961538 0.5870514759615385 0.3454142908653846 0.592015016826923
7 0.53834059375 0.5635874663461539 0.5166815072115385 0.5775756274038462 0.5130716586538462 0.5899844783653846 0.5299176153846153 0.59833225 0.5343296514423077 0.6008140216346154 0.5367362163461539 0.5875027067307692 0.5475657596153846 0.5744170096153847 0.5487690408653847 0.5671973149038462 0.53834059375 0.5635874663461539
13 0.5535821730769231 0.5791549350961538 0.5455602884615385 0.5782524735576924 0.5387416875000001 0.5877283221153846 0.5363351225961538 0.592015016826923 0.5451591947115385 0.5929174783653847 0.5567909254807692 0.5938199399038462 0.5632084326923077 0.5811854735576923 0.5535821730769231 0.5791549350961538
0 0.523901201923077 0.5958504807692308 0.5162804134615384 0.5917894014423077 0.5170826009615385 0.5778012427884616 0.5379395 0.5640386971153846 0.5499723245192307 0.5665204687500001 0.5467635721153846 0.5473431514423077 0.526307766826923 0.5511786153846153 0.5118683774038462 0.55907515625 0.5030443052884616 0.5750938557692308 0.51066509375 0.6091617932692308 0.5202913557692308 0.5987834807692308 0.523901201923077 0.5958504807692308
7 0.3718865072115385 0.5006407475961538 0.3714854134615385 0.5107934447115384 0.3843204254807692 0.5243303725961538 0.40638060576923074 0.5216229879807692 0.40397404086538463 0.5094397524038462 0.4027707596153846 0.494323514423077 0.39795762740384616 0.4895855889423077 0.3787051081730769 0.4920673605769231 0.3718865072115385 0.5006407475961538
7 0.3173376971153846 0.5216229879807692 0.33859568990384614 0.5135008293269231 0.34340881971153847 0.5125983677884615 0.33939787740384614 0.5074092115384615 0.3353869350961538 0.5019944399038462 0.32736505288461537 0.4990614399038461 0.31493113221153846 0.4999639014423077 0.3004917403846154 0.5008663629807693 0.2948764230769231 0.50357375 0.28765672836538464 0.5103422139423077 0.2944753293269231 0.5204949110576923 0.3173376971153846 0.5216229879807692
7 0.2952775168269231 0.5468919206730769 0.3137278485576923 0.5516298461538461 0.3329803701923077 0.5495993076923077 0.3233541105769231 0.5430564591346154 0.3257606754807692 0.5301963749999999 0.3325792764423077 0.5286170673076923 0.3482219495192308 0.5164338317307693 0.34862304326923077 0.5148545240384615 0.3353869350961538 0.5180131394230769 0.33057380528846153 0.5171106778846154 0.3161344134615385 0.5229766802884616 0.3065081538461538 0.5259096826923076 0.3049037764423077 0.5322269158653846 0.2952775168269231 0.5468919206730769
7 0.4224243725961539 0.5577214639423077 0.4188145264423077 0.571709625 0.4488965889423077 0.5653923894230769 0.45812175721153847 0.549148076923077 0.46213269711538457 0.5380929182692308 0.4484954951923077 0.5297451442307692 0.43646267067307687 0.5184643701923076 0.42442984375 0.5171106778846154 0.4192156201923077 0.5225254495192307 0.4115948317307693 0.5310988365384616 0.41319920673076926 0.5358367620192308 0.4043751346153846 0.5459894591346154 0.4224243725961539 0.5577214639423077
7 0.39194121634615386 0.4780791995192307 0.4019685697115385 0.4755974302884616 0.40236966346153846 0.4719875817307692 0.40638060576923074 0.4677008870192308 0.40999045432692305 0.4631885793269231 0.3991609110576923 0.45822503846153845 0.38552370913461537 0.45980434615384613 0.3779029182692308 0.46273734855769233 0.3746941658653846 0.46657281009615387 0.3646668100961538 0.4667984254807692 0.35905149278846155 0.4706338894230769 0.3819138605769231 0.47514619951923076 0.39194121634615386 0.4780791995192307
0 0.5251044855769231 0.6533824278846154 0.5150771298076923 0.6533824278846154 0.49502242067307695 0.6712060504807693 0.5070552475961538 0.6897065192307692 0.5194891658653846 0.6989567548076923 0.5571920192307692 0.6863222884615384 0.5491701370192308 0.6700779735576923 0.526307766826923 0.6569922740384615 0.5251044855769231 0.6533824278846154
11 0.5708292211538462 0.6822612091346154 0.5587963966346154 0.6833892860576923 0.5539832668269231 0.6901577499999999 0.5523788894230769 0.6976030600961539 0.5620051490384615 0.6982799086538461 0.5736368822115385 0.6948956754807691 0.5768456346153846 0.6851942091346154 0.5708292211538462 0.6822612091346154
0 0.39073793269230767 0.6897065192307692 0.3542383629807692 0.7104631442307692 0.38833136778846156 0.7377626153846154 0.40317185336538464 0.7377626153846154 0.4256331274038461 0.7230976105769231 0.39073793269230767 0.6897065192307692
8 0.11117528605769231 0.7368601538461538 0.12320811057692307 0.7237744567307692 0.12962561778846154 0.7206158389423076 0.12481248798076924 0.7152010697115384 0.12441139423076922 0.7122680673076923 0.12200482932692308 0.710914375 0.11277966346153846 0.7138473750000001 0.1023512139423077 0.7226463798076923 0.09513151923076922 0.7298660745192307 0.08470306971153846 0.7375369999999999 0.08109322115384615 0.7418236947115384 0.09392823557692308 0.7470128509615385 0.11117528605769231 0.7368601538461538
8 0.06785711538461539 0.7722817836538461 0.0742746201923077 0.7731842475961539 0.08109322115384615 0.7783734014423077 0.09874136538461539 0.7806295576923077 0.12360920673076924 0.7824344807692308 0.13323546634615385 0.7828857115384615 0.14125735096153846 0.7804039423076923 0.14687266826923076 0.7740867091346153 0.14647157451923076 0.7709280913461539 0.12962561778846154 0.7682207067307693 0.11999935817307693 0.76641578125 0.0983402716346154 0.7639340120192308 0.08069212740384615 0.7659645504807693 0.07226914903846154 0.7673182451923076 0.06785711538461539 0.7722817836538461
8 0.05662647596153846 0.8070265697115384 0.07026368028846154 0.8056728750000001 0.07668118509615385 0.8049960288461538 0.08069212740384615 0.7991300264423077 0.07347243269230769 0.7970994879807692 0.057428665865384615 0.7943921009615384 0.040181615384615385 0.7907822548076923 0.03456629807692308 0.7914591009615385 0.029753165865384616 0.7952945625 0.024940036057692308 0.795745795673077 0.026544413461538463 0.7998068725961538 0.040181615384615385 0.8034167211538462 0.05662647596153846 0.8070265697115384
8 0.06023632451923077 0.7740867091346153 0.06785711538461539 0.7707024759615385 0.06986258413461538 0.7673182451923076 0.07587899759615385 0.7661901658653847 0.07226914903846154 0.7612266274038462 0.06264288942307693 0.7632571658653846 0.046198028846153844 0.7675438605769231 0.030555355769230772 0.7729586322115385 0.02092909375 0.7792758653846155 0.024538942307692307 0.786044329326923 0.04459365144230769 0.780178326923077 0.06023632451923077 0.7740867091346153
8 0.09152167067307691 0.7804039423076923 0.07988993990384616 0.7799527115384616 0.06986258413461538 0.7813064038461538 0.06585164423076922 0.7878492524038462 0.07267024519230769 0.7939408701923077 0.07868665625 0.7925871778846154 0.09432932932692308 0.7930384086538461 0.1075654375 0.7932640240384615 0.11478513461538462 0.7919103317307693 0.11879607451923077 0.7898797908653846 0.12280701682692308 0.788977329326923 0.12160373557692307 0.7873980216346154 0.11679060576923078 0.786044329326923 0.11719169951923078 0.7828857115384615 0.10796653365384616 0.7817576346153847 0.09152167067307691 0.7804039423076923
2 0.07628009134615385 0.8119901081730769 0.06865930288461539 0.8119901081730769 0.05301662980769231 0.8259782692307692 0.043390370192307695 0.8399664278846154 0.04298927403846154 0.8458324302884616 0.03817614423076923 0.8510215865384616 0.03256082692307692 0.8636560528846153 0.03978052163461539 0.8652353629807692 0.04499474519230769 0.8604974375 0.054621007211538466 0.8523752788461538 0.06825820913461539 0.8442531225961538 0.0782855625 0.8302649639423076 0.08670854086538463 0.82124034375 0.08550525721153845 0.8144718798076924 0.07628009134615385 0.8119901081730769
2 0.24313527403846152 0.7377626153846154 0.2623877932692308 0.7352808461538461 0.27442062019230773 0.7346039999999999 0.2852501634615385 0.7325734615384616 0.2872556346153846 0.7282867668269231 0.2800359375 0.7217439182692308 0.2643932644230769 0.7228719951923076 0.24915168509615387 0.7271586899038461 0.2351133894230769 0.7300916899038461 0.22909697596153847 0.7316709975961538 0.22909697596153847 0.7348296153846154 0.2307013533653846 0.7377626153846154 0.24313527403846152 0.7377626153846154
2 0.21265211538461537 0.7670926298076922 0.20663570192307693 0.77386109375 0.19981710096153846 0.7846906370192308 0.20021819471153846 0.7892029447115385 0.21144883173076925 0.793489639423077 0.21866852644230766 0.7896541754807692 0.2298991658653846 0.7761172475961539 0.2351133894230769 0.7670926298076922 0.2359155769230769 0.7628059350961538 0.23711886057692308 0.7560374711538462 0.24032761298076924 0.7488177740384615 0.2415308966346154 0.7467872355769232 0.2355144831730769 0.7447566971153846 0.22669041105769233 0.7526532379807692 0.22388275240384617 0.7578423942307692 0.2254871298076923 0.7643852427884615 0.21866852644230766 0.7623547043269231 0.21265211538461537 0.7670926298076922
3 0.28845891586538464 0.7321222283653845 0.27963484375000003 0.7355064615384616 0.2784315625 0.7388906947115385 0.29126657451923077 0.7422749254807692 0.2996895528846154 0.7549093918269231 0.31453003846153843 0.7503970841346154 0.3045026826923077 0.7404700024038462 0.29166766826923074 0.7339271538461538 0.28845891586538464 0.7321222283653845
2 0.08791182451923077 0.8214659591346154 0.0742746201923077 0.8354541177884616 0.06504945432692308 0.8487654326923076 0.05823085336538462 0.8546314350961539 0.05301662980769231 0.8611742836538461 0.0534177235576923 0.8711013653846155 0.058631947115384615 0.8711013653846155 0.06625273798076924 0.8629792067307692 0.06705492548076923 0.8557595120192307 0.06946149038461538 0.851924048076923 0.0738735264423077 0.8523752788461538 0.08149431730769231 0.8523752788461538 0.08751072836538462 0.8451555841346153 0.09473042548076924 0.8363565817307692 0.09673589423076923 0.8291368846153847 0.09994464903846154 0.8225940360576923 0.09713699038461539 0.8196610360576924 0.09071948317307693 0.8176304951923077 0.08791182451923077 0.8214659591346154
2 0.1023512139423077 0.8672659014423078 0.09633480048076923 0.8573388197115384 0.09553261298076923 0.8415457379807693 0.08991729326923077 0.843125045673077 0.08349978846153847 0.8591437451923076 0.07948884615384616 0.86568659375 0.08029103365384614 0.8932116802884615 0.10034574278846153 0.8909555264423077 0.1023512139423077 0.8672659014423078
2 0.06384617307692307 0.9311150817307693 0.057428665865384615 0.9322431586538461 0.0490056875 0.9367554687499999 0.038978334134615385 0.9399140865384615 0.028148790865384615 0.9451032427884616 0.011302834134615384 0.9520973221153847 0.002077668269230769 0.9629268653846155 0.0028798557692307695 0.9800736418269231 0.00969845673076923 0.9748844855769231 0.022132377403846156 0.9712746370192308 0.04098380288461538 0.95751209375 0.051813346153846154 0.9473593966346154 0.06705492548076923 0.9331456201923077 0.06384617307692307 0.9311150817307693
2 0.19179521634615385 0.8636560528846153 0.1833722403846154 0.8514728173076923 0.17695473317307692 0.8492166634615385 0.1697350360576923 0.8471861225961538 0.16532300240384615 0.8498935096153846 0.16291643509615383 0.8604974375 0.17454816826923075 0.8792235216346154 0.18698208653846154 0.8774185985576923 0.19901491346153846 0.8731319038461538 0.19179521634615385 0.8636560528846153
2 0.2311024471153846 0.8679427475961539 0.2170641514423077 0.8767417524038461 0.2054324206730769 0.8805772139423076 0.1893886514423077 0.9020106850961539 0.18176786298076925 0.9141939206730769 0.20142147836538463 0.9180293846153845 0.22428384615384617 0.890504295673077 0.2254871298076923 0.8853151394230768 0.23431120192307692 0.8699732860576923 0.2311024471153846 0.8679427475961539
7 0.17013613221153845 0.96044509375 0.16251534134615384 0.997897264423077 0.2363166706730769 0.9983484951923077 0.27722827884615386 0.9827810264423077 0.30089283653846155 0.9462313197115384 0.29006329326923075 0.9421702403846154 0.2643932644230769 0.9473593966346154 0.17013613221153845 0.96044509375
8 0.45370972115384617 0.8036423365384615 0.4472922139423077 0.8068009519230769 0.4476933076923077 0.8137950336538461 0.453308625 0.8169536490384615 0.4661436394230769 0.8149231105769231 0.46935239423076924 0.8122157235576922 0.46855020432692307 0.8061241057692308 0.46333598076923077 0.8049960288461538 0.45370972115384617 0.8036423365384615
7 0.5046486826923077 0.8862176009615385 0.5054508701923077 0.8979496057692308 0.5275110504807692 0.8898274495192309 0.5331263677884616 0.8747112115384615 0.526307766826923 0.8672659014423078 0.5138738485576924 0.8733575192307692 0.5070552475961538 0.8767417524038461 0.5046486826923077 0.8862176009615385
7 0.5419504399038462 0.8735831346153845 0.5519777956730769 0.8681683629807692 0.5652139038461539 0.8650097475961539 0.5688237500000001 0.8647841322115385 0.5636095264423078 0.8600462067307693 0.5563898317307692 0.8580156658653847 0.5471646658653846 0.8577900504807693 0.5351318389423076 0.8600462067307693 0.5299176153846153 0.8629792067307692 0.5279121442307693 0.8681683629807692 0.5339285576923077 0.8735831346153845 0.5419504399038462 0.8735831346153845
7 0.6325977259615385 0.9586401706730769 0.6346031971153846 0.9548047067307692 0.6321966322115385 0.9478106274038461 0.62618021875 0.9421702403846154 0.6193616177884615 0.9426214711538462 0.6085320745192307 0.9405909326923076 0.6061255096153846 0.9428470865384615 0.6073287932692307 0.9548047067307692 0.6161528653846153 0.9755613317307692 0.6378119519230769 0.9624756346153845 0.6325977259615385 0.9586401706730769
8 0.4954235144230769 0.7921359471153846 0.4930169495192308 0.7973251033653846 0.4946213269230769 0.8018374134615385 0.5086596225961538 0.7939408701923077 0.5275110504807692 0.78423940625 0.5230990144230769 0.7772453245192307 0.5194891658653846 0.7790502499999999 0.49823117548076923 0.7887517139423077 0.4954235144230769 0.7921359471153846
8 0.30169502403846155 0.7698000144230769 0.29166766826923074 0.7702512451923076 0.2896621995192308 0.7776965552884616 0.2992884591346154 0.7792758653846155 0.3093158125 0.7849162524038462 0.3309748990384615 0.7824344807692308 0.3313759927884616 0.7702512451923076 0.3105190961538461 0.7668670120192308 0.30169502403846155 0.7698000144230769
13 0.6185594302884615 0.34090498798076924 0.6325977259615385 0.3483503004807692 0.6394163269230769 0.34722222115384616 0.6454327403846154 0.3418074495192308 0.639817423076923 0.3352646009615385 0.6434272692307693 0.3282705216346154 0.6550590000000001 0.3174409783653846 0.6438283629807693 0.31450797836538463 0.6458338341346154 0.3095444375 0.6406196105769231 0.30661143509615385 0.6342021033653846 0.3070626658653846 0.6273835024038461 0.3140567475961538 0.6193616177884615 0.3273680600961538 0.6173561466346154 0.33391090865384615 0.6185594302884615 0.34090498798076924
7 0.7469095697115384 0.3497039927884616 0.7601456778846154 0.34902714663461537 0.76896975 0.35444191826923077 0.7789971033653846 0.3528626081730769 0.7749861610576924 0.3449660673076923 0.7765905384615385 0.3332340625 0.7737828798076923 0.32172767307692307 0.7493161346153846 0.32172767307692307 0.7320690841346154 0.31766659375 0.7216406346153845 0.31631290144230767 0.726052670673077 0.33842321875000003 0.7336734615384616 0.3454172980769231 0.7469095697115384 0.3497039927884616
13 0.7565358293269231 0.4807865865384615 0.76856865625 0.46950581249999995 0.7477117572115385 0.46048119230769236 0.7372833100961539 0.4647678870192308 0.7445030048076924 0.4706338894230769 0.7497172283653846 0.47356688942307695 0.7461073822115385 0.4774023533653846 0.7453051923076923 0.48056097115384616 0.7565358293269231 0.4807865865384615
6 0.6947673245192308 0.45348711298076927 0.68233340625 0.44874918750000004 0.6694983918269231 0.4462674182692308 0.6614765072115384 0.4570969615384615 0.6602732259615384 0.48417081730769235 0.6606743197115384 0.4884575120192308 0.6751137091346154 0.49026243509615386 0.6843388774038461 0.4900368197115385 0.6947673245192308 0.46341419471153844 0.6947673245192308 0.45348711298076927
9 0.6426250817307693 0.43476102884615386 0.6510480600961538 0.4408526466346154 0.6666907331730769 0.4394989543269231 0.6682951081730769 0.43182802644230767 0.6578666610576923 0.4259620240384615 0.6470371177884615 0.4243827163461538 0.640218516826923 0.42912064182692305 0.6426250817307693 0.43476102884615386
7 0.31412894471153846 0.4471698798076923 0.2940742355769231 0.4541639591346154 0.2852501634615385 0.4640910408653846 0.2960797043269231 0.4726644278846154 0.3133267548076923 0.4683777355769231 0.3309748990384615 0.4591275 0.3353869350961538 0.4550664206730769 0.3337825576923077 0.4410782620192307 0.31412894471153846 0.4471698798076923
7 0.4472922139423077 0.3239838269230769 0.4256331274038461 0.3005198173076923 0.4115948317307693 0.29848927884615384 0.38672699038461544 0.3120262067307692 0.3835182379807692 0.3169897475961539 0.4067816995192307 0.3377463725961538 0.4472922139423077 0.3239838269230769
8 0.48218740624999995 0.9584145552884615 0.4845939735576923 0.9505180120192308 0.4825885024038462 0.9498411658653846 0.47817646634615385 0.9502923966346154 0.45210534375000005 0.9559327836538463 0.45210534375000005 0.9615731706730769 0.48218740624999995 0.9584145552884615
10 0.020527999999999998 0.8128925697115386 0.021731283653846155 0.8095083389423077 0.013709399038461538 0.8083802620192307 0.005687514423076924 0.8086058774038462 0.0028798557692307695 0.8113132620192308 0.0008743846153846154 0.8155999567307692 0.002077668269230769 0.8280088076923077 0.009297362980769231 0.8271063461538462 0.020527999999999998 0.8128925697115386
8 0.3117223774038462 0.8007093341346153 0.31493113221153846 0.8049960288461538 0.31894207451923073 0.8140206490384615 0.3309748990384615 0.8255270384615384 0.3361891225961538 0.8311674254807693 0.34340881971153847 0.8309418100961538 0.34902413701923074 0.8289112692307692 0.34902413701923074 0.8243989615384616 0.3345847475961538 0.8072521850961538 0.3309748990384615 0.8034167211538462 0.32455739182692306 0.8018374134615385 0.3205464495192307 0.7977763341346154 0.3165355096153846 0.798678795673077 0.3117223774038462 0.8007093341346153
6 0.36185915144230774 0.9751101009615385 0.3586503990384615 0.9633780961538462 0.3329803701923077 0.9753357163461539 0.33979897115384616 0.9836834879807692 0.36185915144230774 0.9751101009615385
7 0.2355144831730769 0.7727330168269231 0.19981710096153846 0.7643852427884615 0.17494926201923075 0.7578423942307692 0.14205953846153846 0.7952945625 0.14566938701923077 0.7966482572115384 0.222278375 0.8095083389423077 0.2355144831730769 0.7727330168269231
0 0.7773927283653846 0.5967529423076923 0.7793981971153846 0.6017164831730769 0.7757883509615385 0.6051007139423077 0.783409139423077 0.6093874086538462 0.8022605673076922 0.5967529423076923 0.7862168004807693 0.5904357091346154 0.7773927283653846 0.5967529423076923
7 0.6751137091346154 0.3059345889423077 0.6967727956730769 0.30435528125 0.7019870216346155 0.2892390432692308 0.7100089038461538 0.2772814230769231 0.7035913966346155 0.26938488221153845 0.7088056225961539 0.2639701105769231 0.71081109375 0.26081149278846155 0.7023881153846154 0.2601346466346154 0.6755148052884615 0.2707385745192308 0.65465790625 0.27863511778846156 0.65465790625 0.2858548125 0.6723060504807693 0.29961735576923076 0.6751137091346154 0.3059345889423077
7 0.4613305096153846 0.6495469639423077 0.45892394471153847 0.6527055817307693 0.4525064375 0.6545105048076922 0.4629348870192308 0.6617301995192307 0.46855020432692307 0.6712060504807693 0.47095676923076923 0.6766208221153847 0.4705556754807692 0.6705292043269231 0.47376443028846155 0.6657912788461539 0.4845939735576923 0.6637607403846153 0.4894071033653846 0.6585715841346154 0.4930169495192308 0.6556385817307693 0.4906103846153846 0.6490957331730769 0.4882038197115385 0.6427784999999999 0.4853961610576923 0.6443578076923077 0.4777753701923077 0.6448090384615385 0.4697534879807692 0.6470651947115384 0.4613305096153846 0.6495469639423077
6 0.5856697067307692 0.5297451442307692 0.6105375456730769 0.4868782043269231 0.5952959663461539 0.4866525889423077 0.5692248461538462 0.5281658365384615 0.5680215625 0.533580608173077 0.5812576706730769 0.5315500697115385 0.5856697067307692 0.5297451442307692
7 0.7854146105769231 0.3756497716346154 0.7729806923076924 0.3594054591346154 0.7493161346153846 0.3830950841346154 0.7605467716346154 0.3950527043269231 0.7854146105769231 0.3756497716346154
4 0.7051957740384616 0.41197386538461533 0.6915585721153845 0.4128763269230769 0.6799268413461538 0.41400440384615383 0.6690972980769231 0.41603494230769233 0.6642841682692308 0.4261876394230769 0.6911574783653845 0.42212656009615385 0.6991793605769231 0.41964479086538464 0.7112121874999999 0.41648617548076927 0.712014375 0.4128763269230769 0.7051957740384616 0.41197386538461533
4 0.4849950673076923 0.2114017043269231 0.49221476201923076 0.2100480120192308 0.4938191394230769 0.19741354326923075 0.4886049134615385 0.18590715384615386 0.4853961610576923 0.1768825360576923 0.4825885024038462 0.17259584134615386 0.4629348870192308 0.1795899206730769 0.4721600528846154 0.18974261778846155 0.4785775600961539 0.19741354326923075 0.4777753701923077 0.20937116346153847 0.4849950673076923 0.2114017043269231
8 0.6452241706730769 0.4158442980769231 0.6500974663461538 0.42214912259615384 0.6520467836538462 0.4208698822115385 0.6551332043269231 0.41913377163461535 0.6575698509615384 0.41812865384615383 0.6587069519230769 0.4158442980769231 0.6600064975961538 0.41264619951923076 0.6619558149038463 0.41063596394230767 0.6590318389423077 0.40862573076923075 0.6577322932692307 0.4092653509615385 0.6549707596153845 0.41063596394230767 0.651072125 0.4119152043269231 0.647985704326923 0.4134685673076923 0.6452241706730769 0.4158442980769231
8 0.6496101370192308 0.38998537980769227 0.6585445096153847 0.3896198822115385 0.6525341129807691 0.3471308485576923 0.6491228076923077 0.34210526201923075 0.6439246274038462 0.3422880120192308 0.6423001947115385 0.3502375721153846 0.6458739447115385 0.3691520456730769 0.6496101370192308 0.38998537980769227
4 0.7342751033653846 0.41603494230769233 0.7242477475961538 0.4244955240384615 0.7304647067307692 0.4299102956730769 0.7455057403846154 0.422464985576923 0.7400909687499999 0.4163733677884615 0.7342751033653846 0.41603494230769233
7 0.7567363774038461 0.3671891923076923 0.7565358293269231 0.36132318990384615 0.7523243413461539 0.3609847668269231 0.7521237932692307 0.3571493028846154 0.7459068341346153 0.35489314903846153 0.7047946802884616 0.3566980721153846 0.6951684182692308 0.36053353605769234 0.6949678725961538 0.3738448485576923 0.7144209399038461 0.3676404230769231 0.7451046466346154 0.36673796153846155 0.7567363774038461 0.3671891923076923
7 0.7015859254807691 0.33255721634615387 0.7021875673076923 0.34733502884615386 0.7088056225961539 0.3493655697115384 0.7100089038461538 0.3559084182692308 0.7360800264423077 0.3543291105769231 0.7300636129807692 0.34801187740384615 0.724448295673077 0.34722222115384616 0.7059979615384615 0.33188037019230765 0.7015859254807691 0.33255721634615387
7 0.7007837379807692 0.33537740865384613 0.7021875673076923 0.3317675625 0.7057974158653846 0.33142913942307695 0.711412733173077 0.32409663461538457 0.7112121874999999 0.32082521153846155 0.7059979615384615 0.3184562475961539 0.7037919447115384 0.3140567475961538 0.7068001514423077 0.31168778365384614 0.7041930384615385 0.30762670673076925 0.6953689663461537 0.3060473966346154 0.6817317644230769 0.31800501682692306 0.6997810024038462 0.3261271754807692 0.6965722499999999 0.3352646009615385 0.7007837379807692 0.33537740865384613
8 0.2673254014423077 0.7162902475961539 0.2770346466346154 0.7074679038461539 0.26247077884615383 0.7007461177884615 0.23371647596153847 0.7198611947115385 0.23184931250000002 0.7297338173076924 0.24603974759615385 0.7278433149038462 0.2673254014423077 0.7162902475961539
10 0.1795687596153846 0.6923438870192308 0.17583443509615385 0.6885628822115385 0.17471413701923078 0.6864623245192308 0.16276429807692308 0.6904533846153846 0.1549222139423077 0.6938142764423076 0.1538019158653846 0.700115951923077 0.16388459375 0.70347684375 0.16724548798076924 0.699065670673077 0.1791953269230769 0.6952846682692309 0.1795687596153846 0.6923438870192308
8 0.17284697596153847 0.6772198701923077 0.17882189423076925 0.6839416538461538 0.20384187259615386 0.6763796466346155 0.19077173557692306 0.6602053509615384 0.17284697596153847 0.6772198701923077
8 0.19039830288461537 0.6587349591346154 0.2030950096153846 0.6719684759615384 0.2131776875 0.6610455745192307 0.20757619951923076 0.6564243461538461 0.19413262740384615 0.6551640120192308 0.19039830288461537 0.6587349591346154
4 0.5560899471153846 0.8310788653846154 0.5484991466346154 0.8121208389423077 0.5418192427884615 0.8109252884615384 0.5363538653846154 0.8158782860576923 0.5427301370192308 0.8293709350961538 0.5469809855769231 0.8339823461538463 0.5560899471153846 0.8310788653846154
7 0.05023895913461539 0.5868448389423077 0.019875754807692308 0.5731813966346154 0.0013541995192307694 0.5687407764423077 0.0019614639423076925 0.606656829326923 0.012892216346153847 0.6064860360576924 0.03748641346153846 0.6044365192307692 0.059347920673076926 0.5957260745192308 0.0657241923076923 0.5888943533653846 0.06025881730769231 0.584453735576923 0.05023895913461539 0.5868448389423077
7 0.011677687499999999 0.6213450288461538 0.023822971153846153 0.6327881610576923 0.03080650721153846 0.6315926105769231 0.03353919471153846 0.62681040625 0.032021036057692305 0.624760889423077 0.0277701875 0.6196370985576922 0.018964858173076922 0.6155380673076922 0.009552264423076924 0.612293 0.0016578317307692307 0.6128053774038462 0.0016578317307692307 0.61912471875 0.011677687499999999 0.6213450288461538
7 0.7249479639423076 0.6055481225961539 0.7260492716346154 0.5985788990384615 0.7326571298076924 0.5964106947115385 0.7243973076923077 0.5906804447115385 0.7194414158653846 0.5917645456730769 0.7122829038461538 0.5899060865384615 0.7026464471153846 0.5917645456730769 0.7001685000000001 0.6033799182692308 0.7081529927884616 0.6106588870192308 0.7249479639423076 0.6055481225961539
7 0.6795189471153846 0.5216076923076923 0.6855761490384615 0.5321389639423078 0.6974152259615385 0.5381789567307692 0.7155868317307692 0.5296610168269231 0.7087036490384615 0.5194394879807692 0.6921840072115385 0.5157225697115385 0.6795189471153846 0.5216076923076923