0 0.6550017019230769 0.11313004807692308 0.6247179639423077 0.10288598798076923 0.6116835288461538 0.13923698076923077 0.6098806370192308 0.15224248317307693 0.6364367716346154 0.16099275961538462 0.6704724783653847 0.17230576442307693 0.7137906490384616 0.17752715144230768 0.7230731153846153 0.15664160336538463 0.7292614254807692 0.13053467067307692 0.6874903317307692 0.12183235817307692 0.6550017019230769 0.11313004807692308
13 0.9061439615384616 0.04496194230769231 0.8906731850961538 0.044381788461538466 0.8813907187500001 0.044381788461538466 0.8762337932692308 0.044381788461538466 0.8746867163461538 0.05511463942307692 0.8875790288461538 0.05424440625 0.8984085721153845 0.05424440625 0.8875790288461538 0.05540471634615385 0.8880947235576924 0.06149633413461538 0.8932516466346154 0.06497725721153846 0.9020184206730769 0.06236656490384615 0.9066596538461538 0.05163371394230769 0.9061439615384616 0.04496194230769231
6 0.8195076177884615 0.10848881490384615 0.8406510096153846 0.1009468125 0.838072548076923 0.09427503846153845 0.8298214663461538 0.07483987740384615 0.8231174639423077 0.06294671875 0.8133193052884615 0.0548245625 0.8009426850961539 0.05511463942307692 0.8102251514423077 0.06613756730769231 0.8024897644230768 0.06149633413461538 0.7957857596153846 0.06352687259615385 0.7870189879807692 0.06816810576923077 0.7865032956730769 0.07193910817307693 0.7963014543269231 0.08006126442307693 0.8086780745192308 0.08557272836538463 0.8060996105769231 0.09949642548076923 0.8086780745192308 0.10616819711538462 0.8195076177884615 0.10848881490384615
0 0.9618387524038461 0.13488582451923076 0.9628701394230769 0.11951174278846154 0.9628701394230769 0.10877889182692307 0.9391482812499999 0.11051935336538461 0.9376012043269231 0.12647359134615385 0.9432738221153846 0.13053467067307692 0.9546190576923077 0.13604613461538462 0.9618387524038461 0.13488582451923076
6 0.9494621322115384 0.13749651923076922 0.9427581298076924 0.13082474759615387 0.930897201923077 0.13430567067307692 0.9329599711538462 0.13662628846153846 0.9376012043269231 0.14764921634615386 0.9566818293269231 0.14445836778846155 0.9494621322115384 0.13749651923076922
7 0.8746867163461538 0.12241251201923077 0.8633414807692308 0.13198505528846155 0.8746867163461538 0.14474844471153847 0.8813907187500001 0.14909960096153846 0.8984085721153845 0.14445836778846155 0.9025341129807691 0.13024459375 0.8746867163461538 0.12241251201923077
7 0.9123322716346153 0.08238187980769231 0.9143950408653846 0.08760326682692308 0.9200676586538462 0.08847349759615385 0.9272873533653846 0.08731318990384616 0.9324442788461538 0.07919103365384615 0.9262559687499999 0.07919103365384615 0.9205833509615384 0.07512995432692307 0.9113008870192308 0.06526733413461538 0.9030498052884616 0.06613756730769231 0.9020184206730769 0.07019864423076923 0.9123322716346153 0.08238187980769231
9 0.77232378125 0.044751807692307695 0.7669516466346155 0.041873877403846155 0.7587655336538461 0.03870815384615385 0.7485328942307692 0.03885205048076923 0.7377886250000001 0.041154394230769234 0.7395793365384615 0.046622461538461536 0.7370211754807693 0.05453676923076923 0.7457189206730769 0.05813418028846154 0.7572306394230769 0.05899756009615385 0.7682307259615384 0.05525625 0.7741144927884616 0.049500391826923076 0.77232378125 0.044751807692307695
9 0.7444398389423077 0.09223764903846154 0.7449514711538462 0.08676958173076922 0.7431607596153846 0.08101372115384617 0.7403467836538462 0.07655293028846154 0.7354862812499999 0.07151655288461539 0.7329281201923077 0.07122876201923077 0.7301141442307693 0.07309941586538461 0.7244861947115384 0.07482617307692307 0.7160442668269231 0.07842358413461539 0.7139977379807692 0.08259658413461539 0.7193698749999999 0.08964751201923077 0.7203931370192307 0.09353271634615384 0.7247420096153847 0.09453999278846154 0.7354862812499999 0.09338881971153846 0.7418816802884615 0.0931010264423077 0.7444398389423077 0.09223764903846154
6 0.7362537283653846 0.053961182692307694 0.7375328076923077 0.04806142548076923 0.7270443533653845 0.04432011778846154 0.7165558990384615 0.037844776442307694 0.709137235576923 0.04446401442307692 0.6994162283653846 0.04201777403846153 0.6945557235576924 0.04993208173076923 0.6909743004807692 0.061156007211538466 0.6989045961538461 0.06345835096153846 0.7180907932692308 0.06648017788461538 0.7293466971153847 0.068638625 0.7334397524038461 0.06648017788461538 0.7347188317307692 0.058709766826923075 0.7362537283653846 0.053961182692307694
0 0.6748578942307693 0.08403554807692307 0.6653927019230769 0.07885527403846154 0.6643694399038461 0.07525786298076922 0.6526019038461539 0.06748745192307692 0.637764576923077 0.06144380048076924 0.6213923557692307 0.05352949278846154 0.5981131009615385 0.045183497596153845 0.5784152716346154 0.07122876201923077 0.5740663990384616 0.07756020673076923 0.5633221298076923 0.09194985576923077 0.5582058100961539 0.09885688701923077 0.5692058966346154 0.10490053846153846 0.5840432235576923 0.10993691586538461 0.5955549423076923 0.11626836057692308 0.5983689182692308 0.11986577403846153 0.5947874927884615 0.12231201442307693 0.5950433100961539 0.12461435817307692 0.6042526850961538 0.1253338389423077 0.6037410528846153 0.12893125240384615 0.6126946129807692 0.13281645673076922 0.6178109302884616 0.12087304807692309 0.6234388822115384 0.10259819471153847 0.6313691778846154 0.10533222836538461 0.6515786394230769 0.11339043028846155 0.6728113653846154 0.11842680769230769 0.6730671826923077 0.11756343028846154 0.6804858461538461 0.10950522596153847 0.6889277740384615 0.09957636778846155 0.6930208293269231 0.09468388701923078 0.6853463485576923 0.08964751201923077 0.6748578942307693 0.08403554807692307
13 0.7669516466346155 0.21138393990384616 0.7730912283653846 0.2053402860576923 0.7748819399038461 0.1974259807692308 0.77232378125 0.18994336298076925 0.7638818533653846 0.1824607451923077 0.7513468701923076 0.17886333173076924 0.738044439903846 0.1792950216346154 0.7298583293269231 0.18231684855769228 0.7188582427884616 0.18807270913461538 0.713741923076923 0.19598701442307692 0.713741923076923 0.20203066826923077 0.70785815625 0.2077865264423077 0.7093930504807692 0.2180031778846154 0.7178349783653846 0.22649306971153849 0.7306257764423076 0.23239282692307692 0.7421374951923077 0.2348390673076923 0.7546724783653846 0.23354399759615385 0.7590213509615384 0.22893931009615384 0.7605562451923077 0.22419072596153844 0.7572306394230769 0.21757148798076922 0.7605562451923077 0.21627641826923077 0.7669516466346155 0.21138393990384616
2 0.7403467836538462 0.2875051802884615 0.72627690625 0.2826126995192308 0.7122070264423077 0.27815190865384615 0.6973696995192308 0.27584956490384616 0.6912301177884616 0.27757632211538463 0.6904626682692308 0.2854906298076923 0.6876486923076922 0.29210986778846154 0.6976255168269231 0.2945561081730769 0.7165558990384615 0.2971462451923077 0.7260210889423077 0.2974340384615385 0.7377886250000001 0.2988730024038462 0.7423933125000001 0.29311714423076923 0.7403467836538462 0.2875051802884615
8 0.743672391826923 0.028779298076923074 0.7416258629807693 0.02489409134615385 0.7406026009615385 0.023167334134615383 0.7416258629807693 0.019138233173076922 0.7377886250000001 0.017843163461538462 0.7336955697115385 0.01841875 0.7326723052884615 0.02158447355769231 0.7290908822115385 0.027772021634615382 0.7278118004807692 0.03194501923076923 0.7198815072115384 0.03842036298076923 0.7244861947115384 0.04259336057692308 0.7298583293269231 0.045183497596153845 0.7375328076923077 0.04244946394230769 0.7400909687499999 0.03798867307692308 0.7408584158653846 0.034966846153846154 0.743672391826923 0.028779298076923074
2 0.5569267283653846 0.009209375 0.5510429615384616 0 0.5420894014423077 0.00028779326923076924 0.54925225 0.009641064903846154 0.5605081538461538 0.026476954326923076 0.5689500793269231 0.03913984375 0.5781594543269231 0.052810009615384616 0.5840432235576923 0.06259497115384616 0.5886479110576923 0.05611962980769231 0.58608975 0.052234425480769224 0.5763687427884615 0.03741308653846154 0.5669035528846154 0.023886817307692307 0.5569267283653846 0.009209375
13 0.3338551971153846 0.08072592788461538 0.3259249014423077 0.0814454110576923 0.3205527668269231 0.08691347836538463 0.31620389663461534 0.09123037259615385 0.30878523317307693 0.09238154326923077 0.3108317596153846 0.09684233653846154 0.31697134375 0.10029585096153845 0.3231109278846154 0.10087143750000001 0.33129703846153846 0.09957636778846155 0.34025059855769235 0.09554726682692308 0.34408783653846153 0.09036699278846154 0.3433203894230769 0.08432334134615385 0.3338551971153846 0.08072592788461538
4 0.34511110096153846 0.1253338389423077 0.34025059855769235 0.1067711923076923 0.3325761177884615 0.10720288221153845 0.32183184615384614 0.10821015865384614 0.32106439903846157 0.12202422115384616 0.3241341899038461 0.12778007932692306 0.33027377403846153 0.12662890865384616 0.34511110096153846 0.1253338389423077
7 0.3494599735576923 0.17411475 0.33411101442307695 0.16418589182692309 0.3269481658653846 0.1592934110576923 0.32004113461538464 0.16001289423076923 0.32515745432692306 0.16217134134615385 0.32336674278846156 0.16562485576923078 0.3179946081730769 0.16548095913461539 0.31441318269230767 0.16907837259615383 0.3108317596153846 0.17181240384615387 0.3141573677884616 0.17497812740384616 0.32183184615384614 0.17454643749999998 0.3348784615384615 0.18361191586538464 0.34485528605769233 0.18720932932692308 0.35380884375000005 0.17943891826923078 0.3494599735576923 0.17411475
8 0.4159721274038462 0.3063556201923077 0.4126465192307692 0.30419717307692307 0.4042045913461539 0.2997363822115385 0.3967859278846154 0.3027582067307692 0.38808818509615384 0.30894575721153844 0.3765764663461538 0.31542109855769235 0.36992525 0.32016968269230767 0.3709485144230769 0.32477437019230765 0.37452993749999997 0.32837178365384617 0.38297186538461536 0.3267889206730769 0.3885998173076923 0.3239109903846154 0.4008789831730769 0.31671616586538465 0.41085580769230773 0.3106725144230769 0.4159721274038462 0.3063556201923077
5 0.3755532019230769 0.32894736778846156 0.3714601466346154 0.3252060600961538 0.3648089302884615 0.32218423317307693 0.3627624038461539 0.3236231995192308 0.35304139663461537 0.3273645072115385 0.34204131009615385 0.33139360817307695 0.3438320216346154 0.33556660576923075 0.34920415625 0.33973960576923073 0.35483210817307687 0.3404590865384615 0.35943679567307696 0.3391640192307692 0.36839035576923074 0.33657388221153844 0.37452993749999997 0.3349910216346154 0.3783671778846154 0.3339837451923077 0.3755532019230769 0.32894736778846156
0 0.3471576298076923 0.36319473317307693 0.3517623173076923 0.37125293509615387 0.36173913942307695 0.37398696875 0.3755532019230769 0.3724041081730769 0.37350667307692303 0.36866279807692304 0.3681345384615385 0.3587339423076923 0.3625065865384615 0.35053184134615384 0.3507390528846154 0.35139522115384614 0.33999478125 0.3542731490384616 0.3471576298076923 0.36319473317307693
13 0.027899290865384615 0.47946309375 0.02585276201923077 0.4823410240384615 0.040434274038461546 0.4869457115384615 0.057573942307692305 0.48896026201923076 0.08622533413461539 0.48795298557692307 0.10362081971153847 0.4844994711538462 0.09633480048076923 0.4778535841346154 0.09210910096153846 0.4701098221153846 0.06908566346153847 0.4737072331730769 0.05117854326923077 0.47788023317307693 0.036085401442307694 0.47773633653846154 0.027899290865384615 0.47946309375
6 0.06192281490384615 0.5019109447115384 0.07164382211538461 0.49255767307692305 0.07496943028846154 0.4892480552884615 0.057573942307692305 0.48967974278846155 0.04964364903846154 0.48867246875 0.030201634615384613 0.5046449783653846 0.028410923076923077 0.5075229086538461 0.04759712019230769 0.5122714927884615 0.06192281490384615 0.5019109447115384
7 0.008201459134615384 0.5118398028846154 0.008713091346153846 0.5157250072115385 0.01945736298076923 0.5194663173076923 0.03301561057692308 0.5216247644230769 0.043248249999999995 0.5243587980769231 0.06371352644230768 0.5304024495192308 0.08136482932692307 0.5351510336538461 0.10131847596153845 0.5352949302884615 0.10899295432692307 0.5299707596153846 0.11410927403846155 0.5270928317307693 0.1207604903846154 0.5236393149038462 0.1307373125 0.5188907307692308 0.12894660096153848 0.5131348701923076 0.12306283413461538 0.5098252524038461 0.11641161778846154 0.5046449783653846 0.1194814110576923 0.500903670673077 0.11206274759615384 0.4938527427884616 0.09876031490384615 0.48708960817307695 0.07982993269230769 0.48852857211538464 0.06038791826923077 0.48896026201923076 0.05117854326923077 0.4882407788461538 0.03992264182692307 0.4882407788461538 0.032503978365384614 0.49327715624999996 0.025596947115384613 0.4951478100961539 0.01843409855769231 0.4981696370192308 0.01715501923076923 0.5049327716346154 0.023038786057692308 0.5057961514423077 0.01843409855769231 0.5086740793269231 0.008201459134615384 0.5118398028846154
7 0.025596947115384613 0.5499723725961538 0.035829586538461536 0.5455115817307692 0.04196916826923077 0.5475261322115385 0.052457625 0.5462310625 0.060643735576923076 0.5491089927884615 0.06729494951923078 0.5545770600961538 0.07420198317307693 0.5535697836538461 0.07317871875000001 0.5459432692307693 0.07010892548076923 0.5422019615384616 0.06473679086538461 0.540043514423077 0.06371352644230768 0.5373094807692308 0.06908566346153847 0.5351510336538461 0.06729494951923078 0.5318414134615385 0.04171335336538461 0.5242149014423076 0.02815510576923077 0.5256538653846154 0.010759620192307693 0.523207625 0.0012944278846153848 0.5242149014423076 0.0003248870192307692 0.5267388461538461 0.0005269807692307693 0.5351510336538461 0.0005269807692307693 0.5424897548076923 0.0003248870192307692 0.5488211995192308 0.007945644230769232 0.5488211995192308 0.016387572115384615 0.547382235576923 0.025596947115384613 0.5499723725961538
4 0.06269026201923077 0.7009197860576923 0.04964364903846154 0.7026465432692308 0.04606222596153846 0.7063878533653847 0.036085401442307694 0.708114610576923 0.03455050480769231 0.7118559182692308 0.03122489903846154 0.7207775024038461 0.04222498557692308 0.7259577740384615 0.05296925721153846 0.7278284302884616 0.05962047115384616 0.7285479110576923 0.07343453365384615 0.729986877403846 0.09415562740384614 0.7298429807692308 0.089295125 0.7230798461538461 0.07931830048076922 0.7131509879807693 0.07241126923076922 0.7071073365384616 0.06269026201923077 0.7009197860576923
1 0.03015426201923077 0.6903833653846154 0.0742746201923077 0.6924139062500001 0.08991729326923077 0.6935419831730769 0.1119774735576923 0.6721085120192308 0.15329017548076923 0.6382661899038461 0.14246063221153846 0.6355588052884615 0.1260157716346154 0.6292415721153847 0.1119774735576923 0.623149951923077 0.08831291826923077 0.6193144903846155 0.08670854086538463 0.6091617932692308 0.09753808413461539 0.5829903990384616 0.08911510576923076 0.5685510072115385 0.06264288942307693 0.5714840072115385 0.0490056875 0.5737401634615384 0.028950978365384614 0.571709625 0.012105021634615383 0.5680997764423077 0.0024787620192307696 0.5714840072115385 0.0016765745192307694 0.5841184759615385 0.0016765745192307694 0.6044238677884615 0.0008743846153846154 0.62721103125 0.0012754783653846154 0.6619558149038463 0.0008743846153846154 0.6903833653846154 0.03015426201923077 0.6903833653846154
7 0.7637555240384616 0.8343260408653846 0.7625522427884615 0.8280088076923077 0.7597445841346153 0.8257526538461538 0.7481128509615385 0.8259782692307692 0.754931451923077 0.8205634975961539 0.7641566201923078 0.8165024182692308 0.7617500552884615 0.8255270384615384 0.7697719375 0.8257526538461538 0.783008045673077 0.8259782692307692 0.7886233653846154 0.8192098052884614 0.7918321177884615 0.8090571081730769 0.7970463413461538 0.8016117980769231 0.7938375889423077 0.7993556418269231 0.7966452475961538 0.7943921009615384 0.7918321177884615 0.7907822548076923 0.7806014807692307 0.7880748677884615 0.7729806923076924 0.7923615625 0.7617500552884615 0.7925871778846154 0.7517226995192308 0.7878492524038462 0.7441019110576923 0.7901054086538462 0.74089315625 0.7950689471153846 0.74089315625 0.7991300264423077 0.7376844038461539 0.8036423365384615 0.7352778389423077 0.8072521850961538 0.7428986274038463 0.819435420673077 0.7445030048076924 0.8277831923076923 0.7493161346153846 0.8318442716346154 0.7441019110576923 0.8386127355769231 0.7485139471153845 0.8377102740384615 0.7569369230769231 0.8341004254807692 0.7637555240384616 0.8343260408653846
8 0.7220417307692307 0.8068009519230769 0.726052670673077 0.8126669543269232 0.7300636129807692 0.8250758076923077 0.7320690841346154 0.8291368846153847 0.7453051923076923 0.8277831923076923 0.7428986274038463 0.823045266826923 0.7412942499999999 0.8119901081730769 0.7368822139423077 0.8047704134615384 0.7320690841346154 0.8018374134615385 0.7292614254807692 0.7989044110576924 0.7220417307692307 0.8068009519230769
7 0.8106835456730769 0.6892552884615385 0.8154966754807693 0.6791025913461539 0.8006561899038461 0.6723341274038461 0.7826069519230768 0.6707548197115384 0.7597445841346153 0.673462204326923 0.7416953461538461 0.6772976682692308 0.7404920625 0.6892552884615385 0.7360800264423077 0.6976030600961539 0.7324701778846153 0.7120424519230769 0.7372833100961539 0.7165547620192307 0.7641566201923078 0.7181340697115384 0.7878211754807692 0.7106887596153846 0.7998540024038461 0.7021153701923077 0.8106835456730769 0.6892552884615385
8 0.8126890144230768 0.6928651370192308 0.8030627548076923 0.7007616778846154 0.7970463413461538 0.7054996033653846 0.7918321177884615 0.7115912211538462 0.7930354014423078 0.7136217596153845 0.7914310240384614 0.7176828389423077 0.7962441538461539 0.7194877620192308 0.8018594735576923 0.7163291466346154 0.8102824495192308 0.7106887596153846 0.8183043341346153 0.7043715264423077 0.8235185576923078 0.6980542908653846 0.8126890144230768 0.6928651370192308
8 0.7729806923076924 0.7197133774038461 0.7737828798076923 0.7163291466346154 0.7641566201923078 0.7179084543269231 0.7621511490384615 0.7221951490384615 0.7621511490384615 0.7312197668269231 0.7601456778846154 0.7377626153846154 0.7597445841346153 0.7456591586538461 0.7677664663461539 0.7449823125 0.7761894447115385 0.7449823125 0.7781949158653846 0.7420493100961539 0.7761894447115385 0.7312197668269231 0.7761894447115385 0.7235488413461538 0.7729806923076924 0.7197133774038461
7 0.7589423942307693 0.7296404591346154 0.7597445841346153 0.7264818413461539 0.7573380192307693 0.7212926875 0.7489150408653846 0.7212926875 0.7400909687499999 0.7221951490384615 0.7344756490384616 0.7197133774038461 0.7224428245192308 0.7255793798076924 0.7180307884615384 0.73234784375 0.7128165625 0.735732076923077 0.7176296947115385 0.7382138485576923 0.7256515769230769 0.7429517716346153 0.7376844038461539 0.7413724639423077 0.7485139471153845 0.7406956177884615 0.754530358173077 0.7359576923076923 0.7621511490384615 0.7359576923076923 0.7625522427884615 0.7339271538461538 0.7589423942307693 0.7296404591346154
7 0.6775202740384615 0.6741390504807693 0.6690972980769231 0.6784257451923076 0.6610754134615384 0.6824868245192307 0.6554600961538462 0.6856454399038461 0.6610754134615384 0.6910602115384615 0.6783224639423077 0.6967005985576923 0.6883498173076923 0.6939932139423076 0.6919596658653846 0.6906089807692308 0.695970608173077 0.6838405168269232 0.6867454423076923 0.6709804350961538 0.6775202740384615 0.6741390504807693
4 0.6654874495192308 0.7181340697115384 0.6498447764423076 0.7138473750000001 0.6370097620192308 0.7073045264423077 0.6273835024038461 0.7120424519230769 0.6137463004807693 0.7179084543269231 0.6049222283653847 0.7233232259615385 0.6121419230769231 0.7260306105769231 0.6209659951923077 0.7303173052884616 0.62417475 0.7350552307692308 0.6321966322115385 0.7346039999999999 0.6394163269230769 0.73234784375 0.6438283629807693 0.7262562259615385 0.651850247596154 0.7235488413461538 0.6654874495192308 0.7181340697115384
8 0.5888784615384616 0.71610353125 0.5884773653846154 0.7215183028846154 0.5932904975961538 0.7305429206730769 0.5993069086538462 0.7325734615384616 0.6081309807692308 0.7305429206730769 0.6073287932692307 0.7203902235576923 0.6025156634615384 0.7142986057692308 0.5981036274038461 0.7113656057692308 0.59609815625 0.706853295673077 0.5892795552884615 0.7084326033653846 0.5888784615384616 0.71610353125
7 0.44969877884615383 0.7702512451923076 0.4593250384615385 0.7641596274038461 0.4697534879807692 0.7526532379807692 0.4661436394230769 0.7418236947115384 0.4681491105769231 0.7291892283653846 0.4629348870192308 0.7167803774038461 0.45170425 0.7163291466346154 0.437264858173077 0.7215183028846154 0.4328528221153846 0.7271586899038461 0.4216221850961538 0.7298660745192307 0.42362765625 0.7343783846153846 0.41761124278846157 0.7418236947115384 0.41119373557692307 0.7483665432692308 0.41079264182692304 0.7573911634615385 0.4184134326923077 0.7679950913461538 0.4248309399038461 0.7743123245192307 0.43566048076923075 0.7758916322115385 0.4480944014423077 0.7776965552884616 0.44969877884615383 0.7702512451923076
7 0.43806704567307697 0.6969262139423077 0.42723750480769235 0.6953469062500001 0.4200178076923077 0.6969262139423077 0.40597951201923077 0.7136217596153845 0.3983587235576923 0.7188109158653847 0.40798498317307696 0.7235488413461538 0.42523203365384615 0.7133961442307692 0.44087470673076923 0.7018897548076922 0.43806704567307697 0.6969262139423077
2 0.4256331274038461 0.6840661322115384 0.4328528221153846 0.6739134350961538 0.4416768942307692 0.6626326610576924 0.4388692355769231 0.6574435048076922 0.42442984375 0.6565410432692308 0.4164079615384615 0.6574435048076922 0.4103915480769231 0.6741390504807693 0.4043751346153846 0.6829380552884616 0.40638060576923074 0.6894809038461538 0.4035729471153846 0.6948956754807691 0.40236966346153846 0.7032434471153847 0.4087871706730769 0.7034690625 0.41239701923076927 0.6982799086538461 0.4160068677884615 0.6960237524038462 0.4256331274038461 0.6840661322115384
7 0.3004917403846154 0.8101851850961539 0.3121234735576923 0.8115388774038461 0.32014535576923075 0.8189841899038461 0.32896942788461536 0.8189841899038461 0.34340881971153847 0.8140206490384615 0.34461210096153844 0.8068009519230769 0.3518317980769231 0.8020630288461538 0.3574471153846154 0.7916847163461539 0.35824930528846155 0.7810807884615384 0.3550405504807692 0.7736354783653846 0.3550405504807692 0.7614522427884616 0.3522328918269231 0.751299545673077 0.34140334855769233 0.7479153125 0.3249584855769231 0.7485921586538461 0.3045026826923077 0.7510739302884615 0.2960797043269231 0.7431773870192308 0.2784315625 0.7465616201923078 0.26559654807692307 0.749043389423077 0.26559654807692307 0.7569399326923077 0.2579757572115385 0.7625803197115384 0.2471462139423077 0.7729586322115385 0.2459429326923077 0.7907822548076923 0.2519593461538462 0.8034167211538462 0.2623877932692308 0.8106364158653846 0.27442062019230773 0.8126669543269232 0.28083812740384617 0.8106364158653846 0.3004917403846154 0.8101851850961539
6 0.3065081538461538 0.8158255721153846 0.3000906466346154 0.8097339543269231 0.2924698581730769 0.8106364158653846 0.2836457860576923 0.8106364158653846 0.2659976418269231 0.8144718798076924 0.2559702860576923 0.8207891129807692 0.2535637211538461 0.8309418100961538 0.2543659110576923 0.8352285024038462 0.2639921706730769 0.8343260408653846 0.2688053004807692 0.830490579326923 0.27883265625 0.8273319615384616 0.27803046634615386 0.8187585745192307 0.2844479735576923 0.8149231105769231 0.2940742355769231 0.8128925697115386 0.2932720456730769 0.8216915745192307 0.2996895528846154 0.8192098052884614 0.3065081538461538 0.8158255721153846
8 0.19059193509615383 0.6590228149038461 0.21024555048076923 0.6626326610576924 0.22468493990384616 0.6651144326923077 0.2355144831730769 0.6680474326923077 0.24112980288461536 0.6691755096153845 0.249953875 0.6675962019230769 0.2527615336538461 0.6673705865384616 0.26078341826923074 0.6687242788461538 0.26359107692307693 0.6628582764423077 0.25958013461538465 0.6621814302884614 0.25757466346153846 0.6621814302884614 0.2551680985576923 0.6601508918269231 0.2507560625 0.6558641971153846 0.23792104807692308 0.6533824278846154 0.22869588221153844 0.6511262716346154 0.21144883173076925 0.6479676562500001 0.1982127235576923 0.643906576923077 0.19059193509615383 0.643906576923077 0.18537771153846153 0.6490957331730769 0.1829711442307692 0.6549617355769232 0.19059193509615383 0.6590228149038461
10 0.2615856057692308 0.7045971418269231 0.27161295913461536 0.7064020649038463 0.27803046634615386 0.7032434471153847 0.2800359375 0.6985055240384616 0.27762937259615383 0.697151829326923 0.27883265625 0.6928651370192308 0.27442062019230773 0.6888040576923077 0.26359107692307693 0.6951212908653847 0.2563713822115385 0.6989567548076923 0.2615856057692308 0.7045971418269231
4 0.22588822355769228 0.7639340120192308 0.21305320913461537 0.7612266274038462 0.20021819471153846 0.7605497788461538 0.1929985 0.7591960865384616 0.18016348557692308 0.7558118557692308 0.1729437908653846 0.7655133197115384 0.1693339423076923 0.7720561682692307 0.16411971875 0.7828857115384615 0.18176786298076925 0.7833369423076924 0.20021819471153846 0.7844650216346154 0.2110477379807692 0.7858187139423076 0.2174652451923077 0.7747635552884616 0.22588822355769228 0.7639340120192308
11 0.7990518125 0.7230976105769231 0.7966452475961538 0.7228719951923076 0.7765905384615385 0.7242256875 0.7773927283653846 0.7425005408653846 0.7765905384615385 0.7483665432692308 0.7721785024038461 0.75017146875 0.7673653725961539 0.7587448557692308 0.7701730312499999 0.7594217019230769 0.7850135168269231 0.7585192403846153 0.798249625 0.7578423942307692 0.8046671322115385 0.7544581610576924 0.8030627548076923 0.7461103894230768 0.8022605673076922 0.7307685360576923 0.7990518125 0.7230976105769231
8 0.7657609951923077 0.7607753942307693 0.770574125 0.7522020072115385 0.7589423942307693 0.7510739302884615 0.7565358293269231 0.7587448557692308 0.754530358173077 0.7652877043269231 0.7593434879807692 0.7673182451923076 0.7657609951923077 0.7607753942307693
8 0.8463809278846154 0.7871724062500001 0.8475842091346154 0.78423940625 0.8499907740384616 0.7826600961538461 0.8544028100961539 0.7799527115384616 0.8560071875 0.7776965552884616 0.8596170360576922 0.7725073990384614 0.8644301658653847 0.7707024759615385 0.8656334471153847 0.7675438605769231 0.8588148461538462 0.764610858173077 0.85480390625 0.7632571658653846 0.8519962451923077 0.7648364735576922 0.8511940576923076 0.7679950913461538 0.8471831153846154 0.7722817836538461 0.8439743629807693 0.7772453245192307 0.8415677980769231 0.7795014807692309 0.8403645144230769 0.7828857115384615 0.8395623269230769 0.7855930985576923 0.8411667019230769 0.7869467908653847 0.8463809278846154 0.7871724062500001
3 0.8652323533653846 0.7808551730769231 0.8588148461538462 0.7795014807692309 0.8479853028846154 0.7853674831730769 0.841968891826923 0.7885260985576923 0.8331448197115384 0.7937152548076922 0.8255240288461538 0.7989044110576924 0.8267273125 0.8036423365384615 0.8359524783653847 0.8034167211538462 0.8439743629807693 0.8000324879807692 0.8507929639423076 0.793489639423077 0.8604192235576923 0.7880748677884615 0.8668367307692308 0.7837881730769231 0.8652323533653846 0.7808551730769231
7 0.872452048076923 0.7373113846153847 0.8660345432692308 0.7325734615384616 0.8592159423076923 0.7296404591346154 0.8519962451923077 0.7321222283653845 0.8483863990384616 0.7366345384615385 0.8515951514423077 0.7458847740384615 0.8467820216346154 0.7483665432692308 0.8443754567307693 0.7544581610576924 0.8491885865384615 0.7619034735576923 0.8596170360576922 0.7623547043269231 0.8716498605769231 0.7625803197115384 0.8788695552884616 0.7546837764423077 0.8752597091346155 0.749043389423077 0.8772651802884616 0.7456591586538461 0.8732542379807692 0.7402443870192308 0.872452048076923 0.7373113846153847
8 0.8018594735576923 0.717231608173077 0.8062715096153846 0.7240000721153846 0.8162988629807693 0.7253537644230769 0.8331448197115384 0.7212926875 0.8367546658653846 0.7149754519230769 0.8283316899038462 0.70865821875 0.8195076177884615 0.7093350649038462 0.8078758846153846 0.7138473750000001 0.8018594735576923 0.717231608173077
8 0.8824794038461538 0.6824868245192307 0.870446579326923 0.6813587475961539 0.8692432956730769 0.6872247499999999 0.872452048076923 0.6921882884615385 0.8796717451923077 0.6939932139423076 0.8824794038461538 0.6969262139423077 0.8824794038461538 0.7021153701923077 0.8824794038461538 0.7061764495192308 0.8856881562500001 0.7064020649038463 0.8909023822115384 0.7023409855769231 0.8884958173076923 0.6955725216346154 0.8824794038461538 0.6824868245192307
7 0.8784684615384616 0.6955725216346154 0.870847673076923 0.691962673076923 0.8628257884615385 0.6897065192307692 0.854001716346154 0.6948956754807691 0.8507929639423076 0.6982799086538461 0.855205 0.7061764495192308 0.8544028100961539 0.7113656057692308 0.8600181298076923 0.7158779158653845 0.8668367307692308 0.7163291466346154 0.8740564254807693 0.7120424519230769 0.8800728389423077 0.7077557572115385 0.8824794038461538 0.7025666009615384 0.8784684615384616 0.6955725216346154
8 0.8872925336538462 0.6872247499999999 0.8921056634615384 0.6930907524038462 0.8981220769230769 0.6937675985576923 0.9029352067307692 0.6928651370192308 0.9053417716346155 0.6872247499999999 0.899325360576923 0.6815843629807692 0.8913034759615385 0.6793282067307692 0.8856881562500001 0.6827124399038461 0.8872925336538462 0.6872247499999999
8 0.900528641826923 0.6962493677884616 0.8933089471153846 0.7007616778846154 0.8896990985576922 0.7073045264423077 0.8884958173076923 0.7129449134615384 0.8913034759615385 0.7133961442307692 0.8989242644230769 0.7113656057692308 0.9033363004807692 0.7082069879807692 0.9097538076923077 0.7034690625 0.9157702211538462 0.6935419831730769 0.9077483365384615 0.6910602115384615 0.900528641826923 0.6962493677884616
8 0.8828804975961538 0.6696267427884616 0.8925067572115384 0.666468125 0.8872925336538462 0.6608277379807692 0.8796717451923077 0.6644375865384615 0.868441108173077 0.6642119711538462 0.8648312596153847 0.669852358173077 0.8656334471153847 0.6736878197115386 0.8736553317307691 0.67459028125 0.8828804975961538 0.6696267427884616
7 0.870045483173077 0.6761695913461538 0.8592159423076923 0.6705292043269231 0.854001716346154 0.6666937403846155 0.842771079326923 0.6673705865384616 0.8319415360576923 0.6687242788461538 0.8247218413461539 0.6768464375000001 0.8187054278846154 0.6854198245192307 0.8122879206730769 0.6888040576923077 0.8211119927884615 0.6955725216346154 0.82793059375 0.7009872932692307 0.8347491947115385 0.7027922163461539 0.8495896802884615 0.6964749831730769 0.8624246947115384 0.6894809038461538 0.870045483173077 0.6761695913461538
9 0.7497172283653846 0.7688975528846154 0.754530358173077 0.7745379399038461 0.7609478653846153 0.7804039423076923 0.7761894447115385 0.7729586322115385 0.7669642788461538 0.7673182451923076 0.7497172283653846 0.7688975528846154
8 0.753728170673077 0.7558118557692308 0.7497172283653846 0.7562630865384615 0.74089315625 0.7623547043269231 0.7368822139423077 0.7659645504807693 0.7328712740384616 0.7695743990384615 0.7288603317307693 0.7731842475961539 0.7328712740384616 0.7761172475961539 0.7384865913461538 0.775666016826923 0.7400909687499999 0.7729586322115385 0.7445030048076924 0.7675438605769231 0.7497172283653846 0.7639340120192308 0.754931451923077 0.7587448557692308 0.753728170673077 0.7558118557692308
2 0.7557336418269232 0.5552396947115384 0.7505194158653846 0.5439589206730769 0.7461073822115385 0.544635766826923 0.7481128509615385 0.5505017692307692 0.7465084759615385 0.5543372307692308 0.7441019110576923 0.5602032355769231 0.7424975336538462 0.570581545673077 0.7465084759615385 0.5832160144230769 0.7593434879807692 0.583892860576923 0.7637555240384616 0.5823135504807693 0.7625522427884615 0.5775756274038462 0.7625522427884615 0.5671973149038462 0.7621511490384615 0.5599776177884616 0.7557336418269232 0.5552396947115384
2 0.7100089038461538 0.5473431514423077 0.6995804543269231 0.5423796105769231 0.6899541947115384 0.5430564591346154 0.6907563822115385 0.5471175360576923 0.6915585721153845 0.5552396947115384 0.7051957740384616 0.5579470793269231 0.7204373533653846 0.5644899278846154 0.7292614254807692 0.55907515625 0.7292614254807692 0.5554653100961539 0.7224428245192308 0.5514042307692308 0.7100089038461538 0.5473431514423077
8 0.7653599014423077 0.4647678870192308 0.7649588076923077 0.45980434615384613 0.7589423942307693 0.45438957451923073 0.7521237932692307 0.4546151899038462 0.7412942499999999 0.4566457283653846 0.7356789326923077 0.45845065384615385 0.7352778389423077 0.4620605 0.7292614254807692 0.46386542548076926 0.7240472019230769 0.4631885793269231 0.7240472019230769 0.46995704326923077 0.7332723677884616 0.46747527163461544 0.7400909687499999 0.46747527163461544 0.7453051923076923 0.47085950480769234 0.7605467716346154 0.4670240408653846 0.7653599014423077 0.4647678870192308
3 0.6915585721153845 0.43634033653846155 0.6847399711538462 0.44333441586538463 0.6907563822115385 0.4453649567307692 0.7015859254807691 0.4446881081730769 0.7136187524038462 0.44874918750000004 0.7220417307692307 0.45100534375 0.7284592379807692 0.4428831850961539 0.7164264110576923 0.44062703125 0.6999815504807692 0.43791964423076923 0.6915585721153845 0.43634033653846155
8 0.6895531009615384 0.43340733413461535 0.6799268413461538 0.43002310336538463 0.6751137091346154 0.4304743341346154 0.6622786971153847 0.4385964903846154 0.65385571875 0.44356003125 0.6486414951923076 0.44784672596153846 0.6426250817307693 0.4507797259615384 0.6486414951923076 0.4541639591346154 0.6562622836538462 0.4525846514423077 0.669899485576923 0.4469442644230769 0.6811301225961538 0.44152949278846154 0.6883498173076923 0.4385964903846154 0.6895531009615384 0.43340733413461535
2 0.6795257451923077 0.47446935336538465 0.6727071442307693 0.4706338894230769 0.6666907331730769 0.4566457283653846 0.6598721322115384 0.45822503846153845 0.6614765072115384 0.4607068076923077 0.6630808846153846 0.46815211778846155 0.6666907331730769 0.46905458173076925 0.6666907331730769 0.4728900432692308 0.6606743197115384 0.4762742764423077 0.6626797908653846 0.4873294350961539 0.6654874495192308 0.49793336298076923 0.6751137091346154 0.49838459375 0.6843388774038461 0.4959028221153846 0.6795257451923077 0.47446935336538465
4 0.7023881153846154 0.5071835961538461 0.6955695144230769 0.4974821322115384 0.6867454423076923 0.47695112259615385 0.6819323100961537 0.47762796874999996 0.6827345 0.4855245096153846 0.6851410649038462 0.49725651682692307 0.6783224639423077 0.4986102091346154 0.6658885432692307 0.5004151322115384 0.6622786971153847 0.4920673605769231 0.6574655649038461 0.47875604567307695 0.62457584375 0.4783048149038462 0.6297900673076923 0.4970308990384616 0.6338010096153847 0.5141776778846153 0.6674929206730769 0.5132752139423077 0.7023881153846154 0.5071835961538461
8 0.8860892524038462 0.4620605 0.8981220769230769 0.45980434615384613 0.8961166057692308 0.45687134615384617 0.8892980048076923 0.45281026682692305 0.8780673677884615 0.4537127283653846 0.8756608028846155 0.4579994230769231 0.8772651802884616 0.4625117331730769 0.8860892524038462 0.4620605
2 0.7505194158653846 0.4275413317307692 0.752925983173077 0.4135531730769231 0.7392887788461538 0.41423001923076924 0.7336734615384616 0.4167117908653846 0.7332723677884616 0.42709010096153843 0.7400909687499999 0.4286694110576923 0.7505194158653846 0.4275413317307692
7 0.7673653725961539 0.45642011298076923 0.7818047644230769 0.4670240408653846 0.7874200817307693 0.46905458173076925 0.7998540024038461 0.4656703485576923 0.8070736971153847 0.46048119230769236 0.79865071875 0.44784672596153846 0.7870189879807692 0.43791964423076923 0.7769916322115384 0.43679156730769225 0.7725795961538461 0.44378564663461534 0.7665631850961538 0.45100534375 0.7673653725961539 0.45642011298076923
4 0.7577391129807692 0.4686033509615385 0.7453051923076923 0.4704082740384615 0.7368822139423077 0.46792650240384615 0.7256515769230769 0.46950581249999995 0.7196351658653846 0.46341419471153844 0.7112121874999999 0.46657281009615387 0.7011848317307692 0.4706338894230769 0.7104099975961538 0.4868782043269231 0.7196351658653846 0.48755505048076925 0.7428986274038463 0.48710381971153843 0.7617500552884615 0.4852988966346154 0.7577391129807692 0.4686033509615385
6 0.3093158125 0.5638130817307693 0.30971690865384616 0.5674229302884616 0.32295301682692307 0.5658436201923077 0.3233541105769231 0.5620081586538461 0.33899678365384617 0.5631362355769232 0.3570460216346154 0.5326781466346154 0.3706832235576923 0.5112446754807692 0.38111167307692306 0.49545159134615385 0.38632589663461536 0.4866525889423077 0.3766996370192308 0.4832683557692308 0.36707337740384616 0.4834939711538461 0.3526339855769231 0.4839452019230769 0.34902413701923074 0.4873294350961539 0.33739240625 0.49838459375 0.3261617692307693 0.5121471370192308 0.3105190961538461 0.5326781466346154 0.2984862716346154 0.550953 0.29888736538461536 0.5586239254807692 0.31573331971153845 0.5608800817307692 0.3093158125 0.5638130817307693
2 0.3526339855769231 0.5845697067307692 0.34621647836538466 0.5877283221153846 0.34942523076923077 0.5913381706730769 0.36787556490384615 0.5888563990384615 0.3771007307692308 0.5888563990384615 0.3931444975961539 0.5872770913461538 0.40758388942307694 0.5845697067307692 0.40557841826923074 0.5755450865384616 0.3955510625 0.5759963173076923 0.3819138605769231 0.5778012427884616 0.3694799423076923 0.5805086274038461 0.3610569639423077 0.5820879350961539 0.3526339855769231 0.5845697067307692
8 0.33057380528846153 0.6511262716346154 0.3165355096153846 0.6563154278846154 0.3217497331730769 0.6642119711538462 0.33819459375 0.6788769759615385 0.34501319471153846 0.6822612091346154 0.34942523076923077 0.6818099783653846 0.3518317980769231 0.6858710552884616 0.35985368028846154 0.6845173629807693 0.3594525865384615 0.6811331322115385 0.3574471153846154 0.6770720528846154 0.3570460216346154 0.6714316658653845 0.34421100721153847 0.6610533533653846 0.33057380528846153 0.6511262716346154
7 0.36346352884615385 0.6894809038461538 0.37108431730769226 0.6872247499999999 0.3799083894230769 0.6851942091346154 0.3843204254807692 0.6770720528846154 0.3835182379807692 0.6639863557692307 0.3843204254807692 0.6610533533653846 0.3771007307692308 0.6606021225961538 0.37028212980769226 0.6637607403846153 0.3646668100961538 0.6610533533653846 0.3594525865384615 0.6630838918269231 0.3602547740384615 0.6675962019230769 0.35905149278846155 0.6703035889423077 0.35985368028846154 0.6869991346153845 0.36346352884615385 0.6894809038461538
5 0.24794840384615385 0.30322720432692307 0.23872323798076925 0.3034528197115385 0.2351133894230769 0.30480651201923076 0.23350901201923074 0.3106725144230769 0.24353636778846152 0.3122518221153846 0.24794840384615385 0.3086419759615385 0.24794840384615385 0.30322720432692307
6 0.20102038461538463 0.18974261778846155 0.21505868028846153 0.18365099999999998 0.2303002596153846 0.17665692067307692 0.22348165865384614 0.16582737740384615 0.2182674326923077 0.16424806971153846 0.20783898557692307 0.1692116081730769 0.19580615865384615 0.17417514903846154 0.1881853701923077 0.17778499759615382 0.18658099278846155 0.1800411514423077 0.20102038461538463 0.18974261778846155
7 1 0.6827124399038461 0.9947857764423076 0.6775232836538462 0.9843573269230769 0.6732365889423076 0.9659069951923077 0.6784257451923076 0.9566818293269231 0.6892552884615385 0.9526708870192307 0.6991823701923077 0.9639015240384615 0.7032434471153847 0.9755332548076924 0.7093350649038462 0.9815496682692307 0.7034690625 0.985159514423077 0.6969262139423077 0.9795441971153847 0.694218829326923 0.9815496682692307 0.688352826923077 0.985159514423077 0.6869991346153845 0.9987967163461539 0.6888040576923077 1 0.6827124399038461
11 0.9486599447115385 0.6669193557692308 0.9566818293269231 0.6723341274038461 0.9618960528846153 0.6750415120192308 0.9743299711538461 0.6743646658653847 0.9783409134615385 0.6691755096153845 0.9663080889423077 0.66127896875 0.9522697932692308 0.6592484302884615 0.9462533798076923 0.662407045673077 0.9486599447115385 0.6669193557692308
9 0.9410391538461538 0.6481932716346154 0.9334183653846153 0.6481932716346154 0.9253964807692309 0.6484188870192308 0.9189789735576923 0.6524799663461539 0.9173745985576923 0.6569922740384615 0.9237921057692307 0.6633095072115385 0.9310118004807693 0.6660168942307692 0.9366271177884615 0.6671449711538462 0.9458522860576923 0.6637607403846153 0.9490610384615384 0.6578947379807693 0.9486599447115385 0.65090065625 0.9410391538461538 0.6481932716346154
10 0.9145669375000001 0.6718828966346154 0.9109570913461538 0.6707548197115384 0.9045395841346154 0.6721085120192308 0.9045395841346154 0.6766208221153847 0.9185778798076923 0.6836149014423077 0.9249953870192308 0.6802306682692307 0.927401951923077 0.6770720528846154 0.9209844447115384 0.6750415120192308 0.9145669375000001 0.6718828966346154
8 0.9233910096153846 0.6869991346153845 0.9189789735576923 0.6885784423076923 0.9221877283653845 0.6944444447115384 0.9241931995192308 0.6991823701923077 0.9302096105769231 0.7021153701923077 0.9322150817307692 0.7043715264423077 0.94144025 0.7059508341346153 0.943044625 0.7036946802884615 0.9466544735576924 0.7007616778846154 0.94264353125 0.697151829326923 0.9342205528846154 0.6915114423076923 0.9282041418269231 0.6890296730769231 0.9233910096153846 0.6869991346153845
13 0.7432997211538462 0.09340480769230769 0.7324701778846153 0.09385603846153846 0.7192340697115385 0.09724027163461539 0.7140198461538462 0.10310627403846154 0.7168275048076923 0.115515125 0.7292614254807692 0.12296043509615386 0.7465084759615385 0.12769836057692308 0.7557336418269232 0.1270215144230769 0.7669642788461538 0.12205797355769231 0.7633544302884616 0.11122843028846154 0.7553325480769231 0.0983683485576923 0.7432997211538462 0.09340480769230769
6 0.7641566201923078 0.12499097596153846 0.7477117572115385 0.12905205528846153 0.7501183221153845 0.1342412091346154 0.7597445841346153 0.16199191346153846 0.7605467716346154 0.18026676682692308 0.76856865625 0.18568153846153848 0.7745850673076924 0.18162046153846154 0.7810025745192307 0.17778499759615382 0.7810025745192307 0.17349830288461537 0.7729806923076924 0.15454660336538462 0.7669642788461538 0.13536928846153845 0.7641566201923078 0.12499097596153846
7 0.6634819783653847 0.20508447115384615 0.6791246514423077 0.2019258533653846 0.68393778125 0.19335246634615383 0.668696204326923 0.1967366971153846 0.6662896370192308 0.19335246634615383 0.6743115216346154 0.18680961778846153 0.669899485576923 0.18139484615384616 0.6626797908653846 0.17598007451923078 0.6622786971153847 0.16853476201923076 0.6594710360576923 0.1581564519230769 0.6442294591346154 0.16221752884615384 0.6350042908653847 0.16402245432692306 0.639817423076923 0.1678579158653846 0.6342021033653846 0.17778499759615382 0.62537803125 0.1800411514423077 0.6313944447115385 0.18884015625 0.6217681826923077 0.1967366971153846 0.6221692788461539 0.2037307764423077 0.6325977259615385 0.20756624038461538 0.6502458701923076 0.20801747115384617 0.6634819783653847 0.20508447115384615
7 0.6626797908653846 0.25629918509615385 0.6634819783653847 0.2587809543269231 0.6638830721153847 0.26419572596153845 0.6654874495192308 0.26983611298076926 0.6707016730769231 0.27254349759615387 0.6775202740384615 0.27209226682692306 0.6871465360576923 0.27096418990384613 0.695970608173077 0.2718666514423077 0.6991793605769231 0.26915926682692304 0.696371701923077 0.2585553389423077 0.6891520072115385 0.24524402644230767 0.6827345 0.2348657139423077 0.6739104278846154 0.22381055528846155 0.6622786971153847 0.22020070673076922 0.6442294591346154 0.21298101201923075 0.6285867836538461 0.21117608894230772 0.6209659951923077 0.2188470144230769 0.6221692788461539 0.2242617860576923 0.6141473942307693 0.2256154783653846 0.6093342644230769 0.22899971153846155 0.6193616177884615 0.23080463461538464 0.6301911610576922 0.23824994471153846 0.6305922548076922 0.24592087259615386 0.640218516826923 0.2515612596153846 0.6558611899038461 0.2560735697115385 0.6626797908653846 0.25629918509615385
7 0.670300579326923 0.2797631947115385 0.6630808846153846 0.2716410360576923 0.6638830721153847 0.26600064903846155 0.6582677548076923 0.2587809543269231 0.6510480600961538 0.2610371081730769 0.6422239879807693 0.2655494182692308 0.6370097620192308 0.27141542067307695 0.6350042908653847 0.27773265384615387 0.641020704326923 0.28111688701923077 0.6438283629807693 0.2838242716346154 0.6498447764423076 0.28653165865384617 0.6530535288461539 0.28811096634615385 0.6618776009615384 0.2903671225961538 0.6682951081730769 0.2894646586538462 0.6682951081730769 0.28608042788461535 0.670300579326923 0.2797631947115385
7 0.6378119519230769 0.31473359375 0.6462349278846153 0.3113493605769231 0.6542568125 0.30638581971153844 0.6534546250000001 0.29871489423076925 0.6494436826923077 0.2903671225961538 0.6366086682692308 0.28269619471153845 0.6273835024038461 0.2849523509615385 0.6209659951923077 0.2869828894230769 0.6117408293269231 0.28969027403846154 0.6073287932692307 0.29330012259615384 0.612543016826923 0.2975868173076923 0.6117408293269231 0.30187351201923074 0.6105375456730769 0.30503212740384616 0.6189605240384615 0.3057089735576923 0.6269824086538461 0.30909320673076923 0.6301911610576922 0.31292866826923077 0.6378119519230769 0.31473359375
13 0.6550590000000001 0.3309779086538462 0.6394163269230769 0.32804490625 0.6313944447115385 0.33052667788461537 0.6249769375 0.33458775480769226 0.6189605240384615 0.3420330673076923 0.6189605240384615 0.3519601466346154 0.6205649014423076 0.36211284375 0.6305922548076922 0.3695581538461538 0.6450316466346154 0.3713630793269231 0.6542568125 0.36459461298076923 0.6602732259615384 0.35917984375 0.6634819783653847 0.34812468509615385 0.6594710360576923 0.3361670649038461 0.6550590000000001 0.3309779086538462
7 0.5796532932692308 0.3977600889423077 0.5900817427884616 0.39933939903846155 0.6041200384615385 0.39527831971153843 0.6277845961538462 0.39392462740384615 0.6374108557692307 0.38535123798076926 0.6446305528846155 0.376552235576923 0.6333999158653847 0.3713630793269231 0.6225703725961539 0.37158869471153844 0.6061255096153846 0.3722655408653846 0.5952959663461539 0.36933253846153846 0.5784500120192309 0.3688813076923077 0.5680215625 0.3711374639423077 0.5579942091346154 0.3688813076923077 0.5427526298076922 0.36459461298076923 0.5295165216346154 0.3585029951923077 0.5198902596153846 0.3700093846153846 0.51066509375 0.37835715865384617 0.50906071875 0.388058625 0.5222968269230769 0.3934733966346154 0.5463624759615384 0.39527831971153843 0.5624062451923076 0.3970832427884616 0.5720325048076923 0.3950527043269231 0.5796532932692308 0.3977600889423077
4 0.41199592548076924 0.3700093846153846 0.43044625721153845 0.3722655408653846 0.45370972115384617 0.3722655408653846 0.4645392620192308 0.37429607932692305 0.47456661778846154 0.35917984375 0.4525064375 0.35827737980769225 0.42884187980769234 0.3573749182692308 0.42081999759615385 0.3623384591346154 0.41199592548076924 0.3700093846153846
7 0.3771007307692308 0.4072359399038462 0.39073793269230767 0.4015955528846154 0.4007652884615384 0.3927965480769231 0.40638060576923074 0.38332069951923076 0.39274340384615386 0.3774546971153846 0.38672699038461544 0.3810645432692308 0.3766996370192308 0.3774546971153846 0.365469 0.3749729254807692 0.35143070192307696 0.376552235576923 0.33899678365384617 0.3774546971153846 0.33418365384615384 0.3864793149038462 0.33819459375 0.3977600889423077 0.34421100721153847 0.40069309134615383 0.3502274206730769 0.40407732211538466 0.36266134134615385 0.41174825 0.3771007307692308 0.4072359399038462
6 0.4653414519230769 0.37474731009615386 0.45451190865384616 0.3733936177884616 0.4396714230769231 0.38490000721153844 0.4316495408653846 0.3927965480769231 0.42603422115384615 0.40746155528846156 0.4144024903846154 0.4209984831730769 0.40557841826923074 0.4325048725961539 0.4144024903846154 0.4394989543269231 0.42202327884615387 0.42844379567307694 0.42523203365384615 0.4189679447115384 0.43325391586538464 0.40565663221153847 0.44929768509615386 0.39099162499999995 0.46213269711538457 0.37835715865384617 0.4653414519230769 0.37474731009615386
2 0.4184134326923077 0.03677532211538462 0.43846814182692306 0.04805609615384616 0.47416552403846157 0.06610533653846154 0.5359340288461538 0.09566096394230769 0.5920872139423077 0.12363728365384616 0.5924883076923076 0.12047866586538461 0.5844664254807692 0.11528950961538462 0.5640106201923077 0.10558804326923078 0.5379395 0.09137426923076923 0.5038464927884616 0.07377626201923076 0.4224243725961539 0.0340679375 0.4184134326923077 0.03677532211538462
2 0.5198902596153846 0.09408165384615384 0.5836642355769232 0.12431412980769231 0.610136451923077 0.13672298076923076 0.6137463004807693 0.13401559375 0.5900817427884616 0.12363728365384616 0.5343296514423077 0.09498411778846154 0.47175895913461535 0.06678218269230769 0.4705556754807692 0.07016641346153846 0.48700053846153846 0.07873980288461538 0.5198902596153846 0.09408165384615384
2 0.46855020432692307 0.11416143269230769 0.4488965889423077 0.11145404567307692 0.44528674278846153 0.11664320192307692 0.5094618125 0.12341166586538461 0.5624062451923076 0.12927766826923076 0.5932904975961538 0.1326619014423077 0.5936915913461539 0.1288264375 0.5740379759615385 0.12657028365384615 0.522697920673077 0.12025305048076923 0.46855020432692307 0.11416143269230769
7 0.3815127668269231 0 0.3787051081730769 0.0045123100961538464 0.37308978846153845 0.011506389423076923 0.37589744951923076 0.019628545673076925 0.3799083894230769 0.025043317307692308 0.39514996874999997 0.027073858173076924 0.40838607692307693 0.027750704326923076 0.42442984375 0.03203739903846154 0.43927032932692306 0.02684824278846154 0.4416768942307692 0.019628545673076925 0.4484954951923077 0.011732004807692308 0.4440834591346154 0.0013536923076923077 0.40838607692307693 0 0.3815127668269231 0
4 0.3754963533653846 0.13356436298076924 0.38993574519230767 0.15386975721153845 0.4360615769230769 0.13920475000000002 0.42081999759615385 0.1168688173076923 0.3754963533653846 0.13356436298076924
4 0.4480944014423077 0.20305393028846153 0.4480944014423077 0.19132192548076923 0.4284407860576923 0.18635838461538462 0.41721014903846154 0.1861327692307692 0.4140013966346154 0.18996823317307693 0.4115948317307693 0.204407625 0.41680905528846157 0.20756624038461538 0.4396714230769231 0.19854162259615385 0.4480944014423077 0.20305393028846153
4 0.43485829326923076 0.2244874014423077 0.4569184735576923 0.21456031971153847 0.45170425 0.20576131730769232 0.43927032932692306 0.1989928533653846 0.4160068677884615 0.20756624038461538 0.4196167139423077 0.21546278365384616 0.42723750480769235 0.22200563221153846 0.43485829326923076 0.2244874014423077
0 0.8728531442307692 0.3431611442307692 0.8844848750000001 0.3291729831730769 0.8672378245192308 0.32330698076923076 0.8531995288461538 0.3190202884615384 0.8315404423076923 0.31292866826923077 0.823919653846154 0.31315428605769235 0.8179032403846154 0.3174409783653846 0.8158977692307693 0.3282705216346154 0.8110846394230768 0.33594144711538465 0.823919653846154 0.3422586826923077 0.842369985576923 0.34609414423076923 0.8451776442307692 0.35060645432692306 0.8632268822115384 0.3524113774038462 0.8728531442307692 0.3431611442307692
7 0.8527984350961538 0.6199913365384616 0.8624246947115384 0.6127716418269231 0.85480390625 0.5978810192307692 0.8632268822115384 0.5893076322115385 0.8620236009615384 0.5814110889423076 0.8391612307692308 0.5811854735576923 0.8287327836538462 0.5915637860576923 0.8126890144230768 0.5987834807692308 0.7942386826923078 0.6053263293269231 0.7717774086538461 0.6152534110576923 0.770574125 0.6236011850961538 0.7866178942307692 0.6373637283653846 0.7990518125 0.6486445024038462 0.8070736971153847 0.6531568125 0.8183043341346153 0.6470651947115384 0.8347491947115385 0.6362356514423078 0.8527984350961538 0.6199913365384616
6 0.8981220769230769 0.5987834807692308 0.9073472427884616 0.6023933293269231 0.9165724086538461 0.5985578653846153 0.9217866346153846 0.5895332475961539 0.9137647499999999 0.5856977836538462 0.9081494326923077 0.5852465528846154 0.9021330192307692 0.5929174783653847 0.8981220769230769 0.5987834807692308
7 0.7677664663461539 0.2592321850961538 0.7870189879807692 0.25990903125 0.8050682259615385 0.25381741346153847 0.8002550961538462 0.23757309855769232 0.7906288365384615 0.22809725 0.7713763149038461 0.22335932451923077 0.7569369230769231 0.24028048557692308 0.7581402067307692 0.251786875 0.7677664663461539 0.2592321850961538
0 0.79784853125 0.39798570432692304 0.7641566201923078 0.3851256225961538 0.7400909687499999 0.3790340048076923 0.7160253173076924 0.40340047596153844 0.7773927283653846 0.4182910985576923 0.7870189879807692 0.42032163701923075 0.79784853125 0.39798570432692304
2 0.3791062019230769 0.27209226682692306 0.3694799423076923 0.2849523509615385 0.39354559134615386 0.2957818942307692 0.4067816995192307 0.2957818942307692 0.42723750480769235 0.26803118990384617 0.43325391586538464 0.2531405673076923 0.4164079615384615 0.24366471634615383 0.4067816995192307 0.25246372115384613 0.3911390264423077 0.25246372115384613 0.3791062019230769 0.27209226682692306
7 0.46935239423076924 0.2429878701923077 0.48138521874999995 0.24975633653846152 0.49823117548076923 0.2429878701923077 0.5222968269230769 0.2294509423076923 0.5198902596153846 0.2179445528846154 0.49221476201923076 0.21252978125000002 0.47536880528846154 0.21726770673076923 0.4609294158653846 0.2335120216346154 0.46935239423076924 0.2429878701923077
4 0.608933170673077 0.2240361706730769 0.5932904975961538 0.2037307764423077 0.5740379759615385 0.1956086201923077 0.5559887379807692 0.20846870192307693 0.56681828125 0.2294509423076923 0.5884773653846154 0.23148148076923075 0.608933170673077 0.2240361706730769
9 0.3911390264423077 0.7932640240384615 0.38271605048076923 0.7993556418269231 0.3815127668269231 0.8101851850961539 0.3983587235576923 0.8155999567307692 0.4188145264423077 0.8149231105769231 0.4320506346153846 0.8054472596153845 0.4284407860576923 0.7952945625 0.41761124278846157 0.7905566394230769 0.4067816995192307 0.7871724062500001 0.3911390264423077 0.7932640240384615
9 0.5632084326923077 0.8501191250000001 0.580054389423077 0.8480885865384615 0.580054389423077 0.8277831923076923 0.5644117139423077 0.8257526538461538 0.5463624759615384 0.8284600384615385 0.5343296514423077 0.8413201201923077 0.5403460649038462 0.8501191250000001 0.5632084326923077 0.8501191250000001
11 0.5932904975961538 0.8480885865384615 0.6077298870192307 0.8426738149038461 0.6354053870192308 0.8386127355769231 0.6462349278846153 0.8311674254807693 0.6426250817307693 0.8095083389423077 0.6317955384615386 0.8101851850961539 0.6149495817307693 0.8149231105769231 0.5896806490384615 0.8223684206730769 0.5884773653846154 0.8331979639423076 0.5932904975961538 0.8480885865384615
8 0.38993574519230767 0.8365821971153846 0.39595215865384614 0.8453811995192309 0.4103915480769231 0.84199696875 0.4284407860576923 0.8338748100961539 0.4513031538461538 0.8223684206730769 0.43927032932692306 0.8135694182692308 0.4188145264423077 0.8223684206730769 0.3983587235576923 0.8291368846153847 0.38993574519230767 0.8365821971153846
8 0.5692248461538462 0.6206681826923077 0.5608018677884615 0.6172839495192307 0.5559887379807692 0.6199913365384616 0.5463624759615384 0.6233755697115384 0.53914278125 0.6321745721153846 0.5210935432692307 0.649772579326923 0.50906071875 0.665340048076923 0.5210935432692307 0.6707548197115384 0.5331263677884616 0.673462204326923 0.5415493461538461 0.6646632019230769 0.5632084326923077 0.640973576923077 0.5728346923076922 0.6308208798076923 0.5692248461538462 0.6206681826923077
8 0.56681828125 0.6836149014423077 0.5523788894230769 0.7005360625 0.5475657596153846 0.7120424519230769 0.5439559110576924 0.720841454326923 0.5463624759615384 0.7235488413461538 0.5571920192307692 0.7215183028846154 0.5764445408653847 0.7133961442307692 0.5884773653846154 0.6978286778846154 0.5981036274038461 0.6795538221153846 0.5788511057692308 0.6754927451923076 0.56681828125 0.6836149014423077
2 0.4404736129807692 0.6551873509615385 0.4513031538461538 0.6660168942307692 0.46213269711538457 0.6727853581730769 0.46574254567307694 0.6809075168269231 0.47897865384615385 0.6782001298076923 0.4777753701923077 0.6707548197115384 0.47296224038461543 0.6599252764423077 0.4681491105769231 0.649772579326923 0.4513031538461538 0.63758934375 0.43566048076923075 0.6436809615384615 0.4404736129807692 0.6551873509615385
8 0.5463624759615384 0.4622861177884615 0.5475657596153846 0.4812378173076923 0.5475657596153846 0.4886831274038462 0.5608018677884615 0.4913905144230769 0.56681828125 0.4832683557692308 0.56681828125 0.47446935336538465 0.56681828125 0.4656703485576923 0.5680215625 0.4589018846153846 0.5583953028846154 0.45213342067307694 0.5499723245192307 0.45213342067307694 0.5463624759615384 0.4622861177884615
6 0.49221476201923076 0.5049274423076923 0.5114672836538461 0.479884125 0.524703391826923 0.46431665625 0.5487690408653847 0.4473954951923077 0.5343296514423077 0.4392733365384615 0.5174836947115384 0.4541639591346154 0.5042475865384616 0.4683777355769231 0.4898081971153846 0.4866525889423077 0.47897865384615385 0.5028969038461539 0.47175895913461535 0.5096653677884615 0.46333598076923077 0.49815897836538464 0.4476933076923077 0.5049274423076923 0.46574254567307694 0.5238791418269231 0.4861983485576923 0.5320013004807692 0.49221476201923076 0.5245559879807693 0.4825885024038462 0.5171106778846154 0.49221476201923076 0.5049274423076923
2 0.6739104278846154 0.6118691802884615 0.6618776009615384 0.6267598004807693 0.6510480600961538 0.6545105048076922 0.6666907331730769 0.6578947379807693 0.6763169927884616 0.6477420408653847 0.6811301225961538 0.6240524158653845 0.6739104278846154 0.6118691802884615
2 0.6161528653846153 0.5360623774038461 0.5920872139423077 0.5401234567307692 0.59690034375 0.570581545673077 0.608933170673077 0.5807342427884615 0.6233725600961539 0.5759963173076923 0.608933170673077 0.5604288509615385 0.6161528653846153 0.5360623774038461