8 0.19957300721153848 0.47301017788461536 0.2042142403846154 0.47490886298076923 0.20590196153846152 0.4732475120192308 0.20337037980769232 0.47016214903846154 0.20294844951923074 0.46636477644230767 0.19071247115384615 0.4592447019230769 0.18775895913461538 0.45283663701923077 0.17763263461538464 0.45378598076923077 0.17636684375 0.4573460168269231 0.18269579567307692 0.46138072355769233 0.19408791346153847 0.47182349759615383 0.19957300721153848 0.47301017788461536
1 0.1590677019230769 0.5000664543269231 0.15273874999999998 0.5036264903846154 0.15231681971153846 0.5221386802884616 0.16159928365384615 0.5233253581730769 0.17636684375 0.5240373653846153 0.17763263461538464 0.5375655048076923 0.17256947115384616 0.5584510528846154 0.21940372836538463 0.5650964543269231 0.24218796153846153 0.5299707596153846 0.21096512259615385 0.5159679495192308 0.20379231009615387 0.5100345552884615 0.19493177403846154 0.4991171105769231 0.16497472596153845 0.4965064182692308 0.1590677019230769 0.5000664543269231
9 0.08944921153846154 0.47704488461538463 0.09999746875000001 0.4817916009615385 0.11054572355769231 0.4765702139423077 0.11982818990384615 0.47419685576923076 0.10885800240384615 0.46731411778846155 0.09409044471153846 0.46636477644230767 0.08185446875 0.4696874759615385 0.08312025961538462 0.4711114903846154 0.08944921153846154 0.47704488461538463
8 0.1611773533653846 0.5952380961538462 0.16370893509615386 0.6002221466346154 0.16792823798076922 0.6023581682692307 0.16919402884615384 0.5983234591346154 0.1751010528846154 0.598560795673077 0.17467912259615387 0.5909660504807692 0.17721070432692307 0.5833713076923077 0.17805456490384616 0.5757765625 0.17299140144230768 0.5729285336538461 0.16286507451923077 0.5738778774038461 0.16202121394230767 0.5817099567307692 0.15948963221153845 0.5909660504807692 0.1611773533653846 0.5952380961538462
8 0.12995451682692308 0.6111395913461538 0.12995451682692308 0.6135129495192307 0.1312203076923077 0.6192090072115385 0.1312203076923077 0.6249050649038461 0.13290802644230768 0.6287024375 0.1375492596153846 0.6327371466346154 0.14092470192307693 0.6332118173076923 0.14092470192307693 0.6315504663461537 0.14640979567307694 0.62775309375 0.1451440048076923 0.6251424014423077 0.1438782139423077 0.6201583509615385 0.14219049278846155 0.6135129495192307 0.1396589110576923 0.610664920673077 0.12995451682692308 0.6111395913461538
8 0.060757954326923075 0.6697615240384616 0.06793076923076923 0.6752202475961538 0.08143253846153847 0.6783056129807693 0.09324658413461538 0.6830523269230769 0.10252905048076923 0.6821029855769231 0.1075922139423077 0.6783056129807693 0.10463870192307692 0.6737962331730769 0.09493430528846154 0.6711855384615385 0.08396411778846155 0.6681001754807692 0.07425972355769231 0.6657268173076923 0.06455532692307692 0.6666761610576923 0.05949216586538461 0.6671508317307692 0.060757954326923075 0.6697615240384616
8 0.003797372596153846 0.630601125 0.012235978365384616 0.6258544086538461 0.01518948798076923 0.6220570360576924 0.017721069711538463 0.6194463437500001 0.009282466346153847 0.6184970000000001 0.002953512019230769 0.6199210144230769 0.0012657908653846152 0.6249050649038461 0 0.6322624735576923 0.003797372596153846 0.630601125
8 0.02953511778846154 0.6192090072115385 0.02953511778846154 0.6173103221153846 0.016877209134615385 0.6135129495192307 0.014345627403846152 0.6158863076923077 0.017721069711538463 0.6173103221153846 0.025315814903846153 0.6201583509615385 0.02953511778846154 0.6192090072115385
8 0.02573774519230769 0.6341611610576923 0.02995704807692308 0.6324998100961537 0.035442141826923075 0.6289397740384615 0.03291056009615385 0.6251424014423077 0.026581605769230767 0.6253797379807692 0.020252651442307694 0.6301264519230769 0.01518948798076923 0.6346358317307692 0.02405002403846154 0.6370091899038461 0.02573774519230769 0.6341611610576923
2 0.1075922139423077 0.6555213798076923 0.11138958413461539 0.6616921081730769 0.11729660817307692 0.6695241899038462 0.12067205048076923 0.6685748461538462 0.11898432932692307 0.6638281298076923 0.11940625961538462 0.6595560865384615 0.11645274759615386 0.6555213798076923 0.11096765384615384 0.6415185697115385 0.10632642307692307 0.6424679134615385 0.1067483533653846 0.6462652836538462 0.1075922139423077 0.6555213798076923
2 0.07721323557692307 0.6619294447115384 0.08480797836538462 0.6626414519230769 0.09282465384615385 0.660742766826923 0.09746588701923077 0.6578947379807693 0.10252905048076923 0.6550467067307693 0.10506063221153845 0.6507746634615384 0.09746588701923077 0.651486670673077 0.08902728124999999 0.6543346995192307 0.07974481730769231 0.6574200649038461 0.07721323557692307 0.6619294447115384
10 0.18143000480769228 0.6194463437500001 0.18269579567307692 0.6163609783653846 0.17932035576923078 0.6132756129807693 0.1717256105769231 0.6139876201923077 0.17130368028846155 0.6182596634615384 0.1751010528846154 0.6211076947115385 0.18143000480769228 0.6194463437500001
2 0.12446942307692307 0.6526733509615384 0.1303764471153846 0.6562333870192307 0.1303764471153846 0.653385358173077 0.13332995673076925 0.6498253197115385 0.12531328365384614 0.6441292620192307 0.1160308173076923 0.6441292620192307 0.1147650264423077 0.6450786057692308 0.11645274759615386 0.6498253197115385 0.12446942307692307 0.6526733509615384
4 0.15695805048076925 0.6643028028846154 0.17467912259615387 0.6588440793269231 0.1751010528846154 0.6538600288461538 0.16539665625 0.6510119999999999 0.1611773533653846 0.6529106850961538 0.15105102884615385 0.6538600288461538 0.14303435336538461 0.6569453942307693 0.15695805048076925 0.6643028028846154
7 0.059044550480769224 0.5442728197115385 0.052829336538461544 0.5468154086538461 0.052829336538461544 0.5487223485576923 0.03785631490384615 0.5528540552884615 0.03164109855769231 0.5574624975961538 0.08757804326923077 0.576055173076923 0.10113851442307692 0.5662026442307693 0.09379325961538461 0.565249173076923 0.09040314182692308 0.56111746875 0.07853772836538461 0.5569857620192308 0.06893239423076923 0.5519005841346154 0.059044550480769224 0.5442728197115385
7 0.01921066826923077 0.5244088485576923 0.020623216346153845 0.5280638197115385 0.016103060096153844 0.5272692596153846 0.011865413461538462 0.5264747019230769 0.004802665865384615 0.5277459951923077 0.0025425889423076925 0.5318777019230769 0 0.5310831418269231 0.003672627403846154 0.5439549951923077 0.007345254807692308 0.5512649374999999 0.014125490384615386 0.5484045264423076 0.02570839423076923 0.5504703798076923 0.03022855048076923 0.5422069663461538 0.0341836875 0.5418891442307692 0.044636550480769234 0.5360094086538462 0.03192361057692308 0.5296529375 0.035031216346153846 0.528381641826923 0.03164109855769231 0.5239321129807692 0.020058197115384615 0.5213895240384615 0.01921066826923077 0.5244088485576923
8 0.013277961538461539 0.6332634110576923 0.020623216346153845 0.630403 0.02147074519230769 0.6253178245192307 0.016950588942307693 0.6237287067307692 0.013560471153846152 0.6246821754807693 0.005085177884615385 0.6307208245192307 0.0025425889423076925 0.6332634110576923 0.006215216346153846 0.6346936177884616 0.013277961538461539 0.6332634110576923
2 0.012995451923076922 0.6432748533653846 0.013842980769230769 0.6454996177884615 0.01921066826923077 0.6513793533653847 0.025143372596153846 0.6571001778846154 0.02881600240384615 0.6591660312500001 0.034748706730769234 0.6647279423076923 0.03926886538461538 0.6642512067307693 0.03785631490384615 0.6612318846153846 0.033901177884615386 0.6563056201923078 0.034748706730769234 0.6524917355769231 0.025990903846153844 0.6496313245192307 0.027120942307692304 0.6450228822115385 0.025425884615384618 0.6413679134615384 0.017798117788461538 0.641209 0.012995451923076922 0.6432748533653846
8 0.363731389423077 0.7317887115384616 0.3806819783653846 0.7321859903846154 0.3990451177884615 0.7321859903846154 0.4046953125 0.7305968725961538 0.41175805769230767 0.7305968725961538 0.41246433413461536 0.726226798076923 0.3912760961538462 0.7226512836538461 0.37291295913461536 0.7214594447115386 0.35878746875 0.7230485625 0.3559623701923077 0.7278159158653845 0.363731389423077 0.7317887115384616
8 0.21046981490384614 0.7361587836538461 0.2196513822115385 0.7333778293269231 0.23236432451923078 0.7309941514423077 0.2380145216346154 0.7290077548076923 0.2380145216346154 0.7266240793269231 0.23095177644230772 0.7254322403846154 0.22388903125 0.7258295192307693 0.20481961778846153 0.7274186370192308 0.2055258918269231 0.7305968725961538 0.21046981490384614 0.7361587836538461
9 0.1833286923076923 0.7933897235576922 0.19075466346153844 0.7941729326923077 0.19910888221153847 0.7933897235576922 0.20189362259615384 0.7905179615384615 0.2056066081730769 0.7837301586538461 0.19632414423076924 0.7769423557692308 0.1879699254807692 0.7772034254807692 0.1819363221153846 0.7800751875 0.17683096634615386 0.7868629903846155 0.1833286923076923 0.7933897235576922
11 0.15269655528846154 0.7962614879807692 0.15316068028846155 0.8022660817307692 0.16337139182692306 0.8108813701923077 0.17497447355769233 0.8132309951923078 0.18750580048076923 0.8072263990384615 0.19168291105769233 0.8043546370192308 0.18611343269230768 0.7980889735576924 0.17590271875000002 0.7918233076923078 0.1675485 0.7889515456730769 0.15965840625 0.7926065168269231 0.15269655528846154 0.7962614879807692
9 0.21164021153846152 0.7017543870192308 0.20607073317307692 0.7025375937499999 0.19818063701923078 0.70018796875 0.1888981706730769 0.7056704254807692 0.19121878846153845 0.7150689230769232 0.20328599278846154 0.7182017548076923 0.21581732211538462 0.710369673076923 0.21164021153846152 0.7017543870192308
10 0.1786874591346154 0.7320384302884615 0.17404622596153846 0.7322994975961539 0.1661561298076923 0.7377819543269231 0.1777592139423077 0.7453529663461538 0.1847210625 0.7448308269230769 0.1786874591346154 0.7320384302884615
8 0.12531328365384614 0.7913011706730769 0.12160029807692307 0.7926065168269231 0.12113617307692308 0.8006996658653847 0.12252854326923077 0.8082706778846155 0.12345679086538461 0.8134920625 0.12624152884615383 0.8134920625 0.12995451682692308 0.8100981610576923 0.13738048798076924 0.8038324975961538 0.13088276201923077 0.8025271514423077 0.13088276201923077 0.7988721802884615 0.12949039182692307 0.7954782788461539 0.12531328365384614 0.7913011706730769
8 0.0840063125 0.8740601514423076 0.09189640865384616 0.8717105264423076 0.08122157211538461 0.8654448629807692 0.07193910576923077 0.8636173774038463 0.06636962740384615 0.8683166250000001 0.07518796875 0.8714494567307691 0.0840063125 0.8740601514423076
3 0.07797270913461539 0.8798036754807692 0.08725517548076923 0.8798036754807692 0.09978650240384615 0.8795426057692308 0.10442773557692307 0.87432121875 0.09746588701923077 0.8745822884615385 0.09050403846153846 0.8745822884615385 0.08447043509615385 0.8758876346153847 0.07936507932692308 0.87432121875 0.07797270913461539 0.8798036754807692
7 0.14294996634615384 0.8847639927884615 0.15687366586538462 0.8907685889423077 0.15873015865384615 0.8886800336538462 0.15269655528846154 0.8834586466346154 0.16429963701923075 0.8769319134615384 0.16476376201923076 0.868838764423077 0.15826603605769232 0.8644005841346154 0.14573470673076924 0.8667502091346153 0.1327392548076923 0.8683166250000001 0.1280980216346154 0.8795426057692308 0.14294996634615384 0.8847639927884615
8 0.14016522836538461 0.8476921466346153 0.1387728581730769 0.852130326923077 0.15316068028846155 0.8534356730769231 0.16708437740384616 0.8516081875 0.17033324038461536 0.8469089399038462 0.1675485 0.842731829326923 0.15965840625 0.84325396875 0.1499118173076923 0.845081454326923 0.14294996634615384 0.8437761057692307 0.134131625 0.8453425240384616 0.14016522836538461 0.8476921466346153
7 0.1243850360576923 0.8140142019230769 0.12763389903846153 0.8213241442307692 0.13784461057692307 0.830722639423077 0.16012252884615386 0.8322890552884614 0.16847674759615383 0.8275898076923076 0.168012625 0.82419590625 0.15965840625 0.8168859639423077 0.15408892548076925 0.8082706778846155 0.13598811778846154 0.80748746875 0.1243850360576923 0.8140142019230769
8 0.13645224278846155 0.8484753557692308 0.13459574759615384 0.8445593149038462 0.134131625 0.842731829326923 0.1327392548076923 0.8362050961538461 0.1304186394230769 0.8317669182692308 0.12206442067307692 0.8296783629807692 0.12206442067307692 0.8309837091346155 0.12160029807692307 0.8356829567307693 0.1243850360576923 0.8416875528846154 0.12949039182692307 0.8503028413461539 0.13505987259615385 0.8516081875 0.13645224278846155 0.8484753557692308
8 0.08725517548076923 0.8505639086538461 0.09236053125 0.8492585625 0.09700176442307692 0.8437761057692307 0.10257124278846154 0.8385547211538462 0.09746588701923077 0.8348997499999999 0.09003991346153846 0.8380325817307692 0.08539868269230769 0.8424707596153845 0.08447043509615385 0.8474310769230768 0.08725517548076923 0.8505639086538461
11 0.06497725721153846 0.8025271514423077 0.052445930288461534 0.8067042596153846 0.059871901442307696 0.8215852139423077 0.06544138221153846 0.8312447788461538 0.07379560096153846 0.830722639423077 0.08354218990384615 0.8286340841346154 0.08307806490384614 0.8226294903846154 0.0770444639423077 0.8163638269230769 0.08168569471153846 0.8121867163461538 0.07472384615384615 0.8059210528846154 0.07008261298076923 0.8072263990384615 0.06497725721153846 0.8025271514423077
8 0.047340574519230766 0.8048767740384615 0.04966118990384615 0.8025271514423077 0.0505894375 0.798611110576923 0.03991460096153846 0.7965225552884616 0.032024504807692304 0.7973057644230769 0.033416875 0.8027882211538462 0.047340574519230766 0.8048767740384615
8 0.041306971153846156 0.8223684206730769 0.047340574519230766 0.8221073509615385 0.0501253125 0.8171470336538462 0.048268819711538465 0.8087928149038461 0.04223521875 0.80513784375 0.03805810817307692 0.805659983173077 0.033880997596153845 0.8106203004807693 0.03805810817307692 0.8168859639423077 0.041306971153846156 0.8223684206730769
2 0.15362480288461539 0.7422201346153846 0.14480646153846155 0.7396094399038462 0.14294996634615384 0.7477025889423078 0.15408892548076925 0.7477025889423078 0.15362480288461539 0.7422201346153846
8 0.07518796875 0.7085421899038462 0.08725517548076923 0.7119360913461539 0.10628422836538462 0.7176796153846153 0.11556669471153845 0.717418545673077 0.12252854326923077 0.7145467836538462 0.12299266586538461 0.7093253966346154 0.10999721634615385 0.7051482884615384 0.09421702403846154 0.7020154543269231 0.08307806490384614 0.7009711778846154 0.07518796875 0.7085421899038462
2 0.05940777884615385 0.7163742692307692 0.05801540865384615 0.7119360913461539 0.052445930288461534 0.7106307427884615 0.044555834134615384 0.7056704254807692 0.03620161538461539 0.7020154543269231 0.02552678125 0.6991436923076922 0.02413441105769231 0.7035818701923078 0.033416875 0.7074979110576923 0.03434512259615385 0.7116750216346154 0.04269934134615384 0.7158521298076923 0.05569479326923077 0.7210735168269231 0.05940777884615385 0.7163742692307692
7 0.04037872355769231 0.8461257307692308 0.04223521875 0.8550020889423077 0.044555834134615384 0.8589181298076922 0.05708716346153846 0.8607456129807692 0.06869024278846153 0.8510860480769231 0.0575512860576923 0.8476921466346153 0.0501253125 0.8395989975961539 0.04223521875 0.837249372596154 0.041771093749999995 0.8416875528846154 0.04037872355769231 0.8461257307692308
13 0.8702311346153846 0.8615288221153846 0.8744082427884615 0.8644005841346154 0.8846189543269231 0.865967 0.8994708990384616 0.865967 0.9008632692307692 0.8644005841346154 0.8994708990384616 0.8597013365384616 0.89761440625 0.8565685048076923 0.8864754471153845 0.8529135336538461 0.8744082427884615 0.8518692572115385 0.8683746394230769 0.8534356730769231 0.8702311346153846 0.8615288221153846
13 0.9556298149038462 0.7226399326923078 0.9495962139423076 0.7239452788461538 0.939849625 0.7307330817307692 0.9421702403846154 0.7380430240384614 0.9533091995192307 0.7390873004807692 0.9598069254807692 0.7346491225961539 0.9574863076923077 0.7320384302884615 0.9602710480769231 0.7281223894230769 0.9602710480769231 0.7234231418269231 0.9556298149038462 0.7226399326923078
7 0.1572177019230769 0.6787255144230768 0.15108348557692308 0.6779587379807693 0.13972382451923077 0.6774475528846153 0.13654311778846154 0.6830705841346153 0.13881505048076923 0.6862654879807693 0.1390422451923077 0.6939332596153847 0.15426418990384613 0.7033901778846154 0.16471507692307694 0.7036457692307692 0.17289403365384615 0.7093965985576923 0.18084579567307693 0.7056905072115385 0.1833449206730769 0.7005786610576923 0.17880105528846152 0.698406125 0.17493877163461538 0.7014732331730769 0.16971332692307695 0.7005786610576923 0.1747115793269231 0.6991729038461538 0.1774378966346154 0.6953390168269231 0.18016421634615384 0.6950834254807692 0.1774378966346154 0.6911217427884615 0.17266683894230767 0.6863932860576922 0.16903174759615383 0.681664826923077 0.1572177019230769 0.6787255144230768
8 0.05975181490384615 0.7108023557692308 0.06088778125 0.7171921634615385 0.06634041826923077 0.7151474254807693 0.06247813221153846 0.710291170673077 0.06293251923076923 0.7055627115384616 0.06270532692307693 0.7028789927884616 0.05952462019230769 0.6936776682692307 0.05907023557692308 0.6883102283653847 0.057934269230769234 0.6871600625000001 0.0522544375 0.6874156538461539 0.054071983173076925 0.6930386875000001 0.054526370192307695 0.7028789927884616 0.05520794951923077 0.7049237307692308 0.05816146153846154 0.7054349158653845 0.05975181490384615 0.7108023557692308
2 0.026808798076923077 0.6759139975961539 0.025445639423076923 0.6709299471153846 0.023173706730769232 0.6662014879807692 0.020901774038461537 0.6645401370192308 0.01908423076923077 0.6623676033653846 0.015221944711538461 0.6631343798076923 0.015903524038461538 0.6706743557692308 0.01862984375 0.6793644951923077 0.02022019471153846 0.6829427884615384 0.025218447115384617 0.6828149927884616 0.02703599278846154 0.681409233173077 0.026808798076923077 0.6759139975961539
2 0.01317720673076923 0.6465208774038461 0.011132466346153846 0.6475432451923078 0.012268432692307691 0.6532940745192307 0.016585103365384615 0.6587893100961538 0.021128968749999998 0.6618564182692308 0.024991252403846156 0.6630065841346154 0.025218447115384617 0.6650513221153846 0.02908073076923077 0.6679906346153845 0.03135266346153846 0.6659458966346155 0.02794476442307692 0.6624953990384616 0.027490377403846154 0.6598116802884615 0.022946514423076922 0.6555944062500001 0.01885703605769231 0.6511215384615384 0.01317720673076923 0.6465208774038461
7 0.1799370216346154 0.6530384807692309 0.17402999759615384 0.661089641826923 0.17834667067307694 0.6686296153846154 0.1872072043269231 0.6759139975961539 0.2008387980769231 0.6852431201923077 0.21310723076923077 0.6902271706730769 0.23037391346153846 0.6892048004807693 0.23628093749999998 0.6802590673076924 0.2401432235576923 0.6714411322115384 0.24809498557692308 0.6653069158653846 0.2435511201923077 0.6546998317307692 0.2319642668269231 0.6465208774038461 0.21151687740384617 0.6426869903846154 0.18947913701923078 0.6474154495192308 0.1799370216346154 0.6530384807692309
7 0.18379930769230768 0.6853709158653847 0.1842536923076923 0.6893325961538461 0.18947913701923078 0.6912495408653846 0.19788528605769232 0.6921441129807693 0.2085633653846154 0.6903549663461538 0.19856686538461538 0.6854987115384615 0.1935686153846154 0.6806424567307693 0.1833449206730769 0.6755306105769231 0.18379930769230768 0.6812814374999999 0.18379930769230768 0.6853709158653847
10 0.181527375 0.6966169783653846 0.18470807932692307 0.6987895144230769 0.19243264903846152 0.7003230697115386 0.19674931971153847 0.6964891826923078 0.19674931971153847 0.6952112211538461 0.19152387499999998 0.69278309375 0.18448088701923077 0.6917607235576924 0.181527375 0.6931664831730769 0.181527375 0.6966169783653846
8 0.05861584855769231 0.8001318846153846 0.060433394230769225 0.8049881394230769 0.06543164423076922 0.8084386370192308 0.07315621394230769 0.805243733173077 0.07247463461538461 0.8037101778846154 0.06906673557692308 0.7984705360576924 0.06315971153846153 0.7943810576923076 0.057707074519230774 0.7959146105769231 0.05861584855769231 0.8001318846153846
8 0.014767557692307691 0.8287582307692307 0.010223694711538462 0.8231351971153846 0.006134216346153846 0.8199402932692308 0.003862283653846154 0.8187901274038462 0 0.8207070697115384 0.0004543870192307692 0.8246687524038462 0.0070429903846153845 0.8323365240384616 0.01363159375 0.8334866899038461 0.016812298076923075 0.8331033004807692 0.014767557692307691 0.8287582307692307
8 0.02567283173076923 0.8406432740384615 0.019765810096153844 0.8380873509615385 0.014767557692307691 0.8360426129807692 0.007270182692307692 0.8348924471153846 0.005225444711538462 0.8369371850961538 0.007497375 0.8389819254807692 0.012722819711538462 0.8417934399038463 0.019311423076923077 0.8429436057692308 0.022946514423076922 0.8410266634615385 0.019765810096153844 0.8434547908653846 0.022719322115384615 0.8435825865384616 0.02635441346153846 0.8446049567307692 0.02908073076923077 0.842304625 0.02567283173076923 0.8406432740384615
8 0.008860536057692308 0.8585347403846153 0.009769307692307692 0.8521449302884616 0.009542115384615385 0.8465218990384616 0.0077245697115384615 0.8414100528846155 0.0034078990384615385 0.8417934399038463 0.0009087740384615384 0.842688014423077 0.0004543870192307692 0.8483110456730769 0.0015903533653846154 0.8582791490384616 0.008860536057692308 0.8585347403846153
7 0.02794476442307692 0.7611540504807692 0.015903524038461538 0.7663936947115384 0.01317720673076923 0.7770007764423077 0.009087728365384616 0.7785343317307691 0.010905274038461539 0.7842851586538462 0.026581605769230767 0.7901637836538461 0.04066758413461539 0.7945088533653847 0.054071983173076925 0.78773565625 0.06111497355769231 0.7781509423076923 0.05997900721153847 0.7730390961538463 0.0522544375 0.7654991201923077 0.03998600480769231 0.7589815144230769 0.02794476442307692 0.7611540504807692
7 0.089514125 0.8046047524038461 0.09292202163461538 0.7964257956730769 0.09042289663461538 0.7874800649038461 0.08746938461538462 0.7831349927884615 0.08815096634615385 0.7771285721153846 0.08587903365384617 0.7749560384615385 0.07156586057692307 0.776234 0.06202374519230769 0.7748282427884615 0.06543164423076922 0.7832627908653845 0.0711114735576923 0.7919529302884616 0.0831527139423077 0.8010264591346155 0.089514125 0.8046047524038461
5 0.1083711610576923 0.8291416177884615 0.11268783173076923 0.8276080649038462 0.10950712740384616 0.8254355288461538 0.10405449038461538 0.8236463822115384 0.10405449038461538 0.8245409567307692 0.10496326201923077 0.8274802692307692 0.1083711610576923 0.8291416177884615
5 0.09451237500000001 0.8076718605769231 0.10019220432692308 0.8079274519230769 0.10382729807692306 0.8056271201923076 0.10110097836538462 0.8038379759615384 0.09723869471153845 0.8016654399038461 0.09542114903846154 0.8024322163461538 0.09428518269230769 0.8047325480769231 0.09451237500000001 0.8076718605769231
5 0.10246413701923077 0.8245409567307692 0.10064659134615385 0.8213460504807693 0.09042289663461538 0.8245409567307692 0.09019570432692309 0.82786365625 0.09587553365384616 0.82786365625 0.10360010336538461 0.8297805985576924 0.10450887740384615 0.8287582307692307 0.10246413701923077 0.8245409567307692
8 0.09337640865384615 0.813294891826923 0.0970115 0.8163619999999999 0.1042816826923077 0.81661759375 0.1154141514423077 0.8199402932692308 0.11632292307692307 0.8167453894230768 0.11336941105769231 0.8150840384615384 0.10541764903846153 0.8124003197115385 0.09882904567307692 0.8100999879807692 0.0970115 0.8115057451923077 0.09337640865384615 0.813294891826923
4 0.25021943990384615 0.5700471947115384 0.24166980048076925 0.5649174110576923 0.2354000673076923 0.56203190625 0.23369013942307693 0.5722914735576923 0.23995987259615384 0.5793449278846153 0.24565963221153847 0.5825510408653846 0.24907948798076923 0.5783830913461538 0.25021943990384615 0.5700471947115384
6 0.07223942307692308 0.8591331274038462 0.07835492788461539 0.8638630889423078 0.08638153125 0.86321809375 0.08752818990384616 0.8578431370192308 0.08103046394230769 0.8526831778846155 0.07338607932692308 0.8498882019230769 0.07071054567307691 0.8509631923076924 0.06765279326923077 0.85547815625 0.07223942307692308 0.8591331274038462
3 0.1343636875 0.7693713461538461 0.13738048798076924 0.7718515048076923 0.14016522836538461 0.7696324134615384 0.14341409134615385 0.7663690480769231 0.13993316586538462 0.7608865913461538 0.13482781009615386 0.7577537596153847 0.13227513221153847 0.7602339182692308 0.13088276201923077 0.763888889423077 0.13297131730769232 0.7654553052884616 0.1343636875 0.7693713461538461
6 0.14573470673076924 0.7781171682692307 0.14225378365384617 0.7749843365384615 0.13738048798076924 0.7755064735576924 0.13250719471153846 0.7830774855769231 0.13645224278846155 0.7830774855769231 0.13993316586538462 0.7839912283653846 0.14689501442307693 0.7813805336538462 0.14573470673076924 0.7781171682692307
5 0.11974380528846154 0.7790309110576923 0.11765525 0.7782477019230769 0.10930103125 0.7790309110576923 0.10767659855769231 0.7815110697115385 0.1104613389423077 0.7820332091346154 0.11487050961538461 0.7820332091346154 0.11904761778846154 0.78125 0.11974380528846154 0.7790309110576923
4 0.09769794951923078 0.7372598173076923 0.09166434615384615 0.7377819543269231 0.08795136057692308 0.7388262331730769 0.08980785336538462 0.7416979951923076 0.08887960576923078 0.7450918966346154 0.08586280528846155 0.7474415216346154 0.08214981971153847 0.7516186298076923 0.08725517548076923 0.7529239759615384 0.09375290144230769 0.7517491634615384 0.1004826875 0.7507048870192308 0.10883690625 0.7495300745192307 0.1104613389423077 0.7449613605769231 0.11208576923076922 0.7418285288461538 0.11022927644230769 0.7372598173076923 0.10628422836538462 0.7372598173076923 0.09769794951923078 0.7372598173076923
7 0.05708716346153846 0.7351712620192308 0.05407036057692308 0.7386956971153846 0.05847953125 0.7398705096153846 0.05940777884615385 0.7416979951923076 0.059871901442307696 0.7461361730769231 0.06776199759615385 0.7456140360576923 0.07031467548076922 0.7437865504807692 0.07565209375000001 0.7392178365384615 0.07658033894230769 0.73595446875 0.07263529326923077 0.7332132403846153 0.06799406009615384 0.7321689639423077 0.0659055048076923 0.7330827067307693 0.05708716346153846 0.7351712620192308
7 0.030864197115384615 0.8040935673076923 0.030864197115384615 0.7979584375000001 0.02877564182692308 0.7963920216346154 0.020885548076923076 0.7965225552884616 0.018796992788461538 0.7941729326923077 0.013227514423076923 0.7911706346153846 0.004177110576923077 0.7889515456730769 0.0006961850961538462 0.7906484951923077 0.0002320625 0.793781329326923 0.0030168004807692305 0.7956088149038462 0.0009282475961538462 0.8000469927884615 0.0034809254807692306 0.8052683798076923 0.011603081730769231 0.8111424399038462 0.02343822596153846 0.8129699254807693 0.03527336778846154 0.8157111538461539 0.03179244471153846 0.8124477860576923 0.03132831971153846 0.8098370937499999 0.03457718269230769 0.8055294495192308 0.030864197115384615 0.8040935673076923
8 0.08450499759615385 0.8117728942307691 0.08156719711538461 0.8127449615384615 0.07983907692307693 0.8150779206730768 0.08294968990384616 0.8169248485576923 0.0910718485576923 0.8207159086538461 0.09729307451923078 0.8218823870192308 0.10213180769230769 0.8205214951923078 0.10126774759615385 0.8189661874999999 0.09625620432692307 0.8169248485576923 0.09262715384615385 0.8147863004807692 0.08830685817307692 0.8131337884615385 0.08450499759615385 0.8117728942307691
5 0.02018524278846154 0.8476720649038462 0.020569723557692307 0.8445361442307693 0.014225790865384615 0.8424815745192308 0.012495627403846153 0.8441036009615386 0.010765463942307691 0.8474557932692307 0.013649069711538462 0.848320875 0.02018524278846154 0.8476720649038462
7 0.12118774278846155 0.28804650480769234 0.11860928125 0.2947182764423077 0.12428189903846154 0.30022974038461536 0.13459574759615384 0.30255035817307696 0.14748806250000002 0.2990694326923077 0.15109790865384615 0.29065719951923075 0.1454252908653846 0.2857258894230769 0.13459574759615384 0.2851457355769231 0.13768990384615384 0.28311519471153845 0.12582897596153847 0.2834052716346154 0.12118774278846155 0.28804650480769234
8 0.1203491826923077 0.7376684471153846 0.11808910336538461 0.735125858173077 0.11441647596153846 0.7298817692307692 0.10283357451923078 0.7230485625 0.1008560048076923 0.7238431225961539 0.10339859375 0.728928298076923 0.10650620192307692 0.7330600048076923 0.11130886778846152 0.73830409375 0.11724157451923077 0.7400521225961539 0.1203491826923077 0.7376684471153846
11 0.11159137740384616 0.6946033557692307 0.11724157451923077 0.6928553269230769 0.11921914182692307 0.6885647091346154 0.11724157451923077 0.682049326923077 0.11130886778846152 0.6796656490384615 0.10791875 0.6791889134615385 0.1025510625 0.6828438846153847 0.10170353365384616 0.6852275624999999 0.10396361298076923 0.6914251201923077 0.11159137740384616 0.6946033557692307
7 0.1206316923076923 0.8500190697115385 0.12204424038461538 0.8428680384615385 0.11837161298076923 0.8325387740384615 0.11130886778846152 0.830472920673077 0.1107438485576923 0.8355580985576924 0.11130886778846152 0.8430269519230769 0.10565867067307691 0.8449338918269231 0.10368110336538461 0.8536740408653846 0.10904878846153847 0.8579646586538462 0.11356894711538461 0.8632087475961538 0.11865412259615385 0.8674993653846154 0.13164957451923076 0.8711543341346153 0.13249710336538462 0.868293923076923 0.14068988942307692 0.8657513341346154 0.14408000721153846 0.8641622163461539 0.14266745673076925 0.8584413942307693 0.13673475240384614 0.860189423076923 0.12797694711538463 0.8613018052884616 0.12317428125 0.8571700985576923 0.1206316923076923 0.8500190697115385
8 0.05189742067307693 0.57482721875 0.045990396634615384 0.5769632403846153 0.042614954326923075 0.5781499206730769 0.04683425721153846 0.5831339711538461 0.053163211538461534 0.5807606129807692 0.05358514182692308 0.5779125841346153 0.06202374519230769 0.5755392259615385 0.06371146634615385 0.5726911971153846 0.07004042067307692 0.5707925120192308 0.06582111778846154 0.5698431682692308 0.06160181730769231 0.5703178389423077 0.05949216586538461 0.5717418557692308 0.054007072115384615 0.573403204326923 0.05189742067307693 0.57482721875
6 0.02486086298076923 0.8490655985576924 0.026555923076923078 0.8517670985576923 0.032771139423076925 0.8517670985576923 0.04039890384615385 0.8516081875 0.03955137500000001 0.8487477740384615 0.03870384615384615 0.846681923076923 0.03672627644230769 0.8442982451923077 0.03305364903846154 0.8441393341346154 0.027403451923076923 0.8450928052884615 0.023448314903846152 0.8455695408653846 0.022318276442307692 0.8471586586538462 0.02486086298076923 0.8490655985576924