7 0.9312127115384615 0.9062001586538462 0.94893378125 0.9062001586538462 0.9666548533653846 0.8962320576923077 0.9459802716346153 0.8713118028846154 0.9341662235576924 0.8696504519230769 0.9075846177884616 0.8729731514423077 0.9075846177884616 0.8912480072115384 0.9312127115384615 0.9062001586538462
7 0.8559670793269232 0.9885477572115384 0.8732943461538463 0.9989035096153847 0.9005847956730769 1 0.9057829759615385 0.9982943461538463 0.9166125192307693 0.9903752427884616 0.914446610576923 0.9775828461538462 0.9025341129807691 0.9666179326923078 0.8873727524038462 0.9672270961538462 0.8592159423076923 0.9763645216346154 0.8559670793269232 0.9885477572115384
7 0.9350227427884616 0.9605263149038462 0.9155295649038462 0.9611354783653846 0.9090318389423077 0.9641812860576924 0.9166125192307693 0.9733187139423076 0.942603423076923 0.9873294350961538 0.9512670576923077 0.9915935673076923 0.9750920504807692 0.9800194927884616 0.9664284158653846 0.9672270961538462 0.9599306899038461 0.9605263149038462 0.9350227427884616 0.9605263149038462
10 0.5917262283653846 0.9343323581730769 0.5798137307692308 0.9178849903846154 0.5689841899038461 0.9197124759615385 0.5614035096153847 0.9306773870192308 0.5743989615384616 0.93615984375 0.5917262283653846 0.9343323581730769
0 0.9393545600961539 0.9586988293269231 0.9512670576923077 0.9574805072115384 0.9469352403846153 0.93615984375 0.9241931995192308 0.93615984375 0.9079488846153846 0.94651559375 0.9068659302884616 0.9568713461538461 0.9393545600961539 0.9586988293269231
0 0.8029023173076923 0.9538255360576924 0.8018193629807692 0.9678362572115385 0.8202295865384616 0.9836744639423076 0.8538011706730769 0.9769736850961538 0.8787091177884616 0.9653996105769231 0.870045483173077 0.9580896682692307 0.8483863990384616 0.9446881081730769 0.8288932211538461 0.9550438605769231 0.8029023173076923 0.9538255360576924
6 0.668615985576923 0.6912768028846153 0.6664500745192308 0.7040692019230769 0.7065193846153845 0.714424951923077 0.7444227860576924 0.7217348918269231 0.7758284591346154 0.7253898629807692 0.7920727740384615 0.7125974663461538 0.7888239110576923 0.7040692019230769 0.7346761971153846 0.6882309951923078 0.7065193846153845 0.6797027283653846 0.6826943894230768 0.6730019495192308 0.668615985576923 0.6912768028846153
9 0.6556205336538461 0.6577729038461538 0.6761966634615385 0.6644736850961538 0.6924409783653847 0.6589912283653846 0.7000216586538461 0.6443713461538461 0.6859432524038461 0.6358430793269231 0.66753303125 0.6358430793269231 0.6512887163461538 0.6425438605769231 0.6556205336538461 0.6577729038461538
0 0.8516352620192307 0.6553362572115385 0.8375568557692308 0.6608187139423076 0.8830409350961539 0.663255360576923 0.9501841033653846 0.671783625 0.9956681826923077 0.67848440625 0.9945852283653847 0.6602095528846154 0.972926141826923 0.6577729038461538 0.9220272908653846 0.6535087716346154 0.8657136658653847 0.6449805072115384 0.8516352620192307 0.6553362572115385
6 0.9339397884615385 0.714424951923077 0.9599306899038461 0.7174707596153845 0.9826727307692308 0.7065058485576923 0.9783409134615385 0.6955409350961539 0.9642625072115384 0.6857943461538463 0.9393545600961539 0.6949317740384615 0.9339397884615385 0.714424951923077
0 0.912280701923077 0.5858918125 0.9252761538461538 0.61330409375 0.940437514423077 0.6126949326923077 0.9956681826923077 0.6102582836538462 0.9956681826923077 0.5182748533653846 0.9512670576923077 0.5213206634615385 0.9047000216346154 0.5243664711538462 0.9068659302884616 0.5554337235576923 0.912280701923077 0.5858918125
0 0.8852068437499999 0.48050682211538465 0.8029023173076923 0.49634502884615384 0.8234784495192307 0.5304580889423077 0.8570500336538461 0.5816276802884615 0.9068659302884616 0.5706627692307692 0.9047000216346154 0.5231481490384615 0.9512670576923077 0.5201023389423077 0.940437514423077 0.49573586778846157 0.9209443365384615 0.47258771874999994 0.8852068437499999 0.48050682211538465
9 0.6144682692307692 0.5335038990384615 0.6382932644230769 0.5420321634615385 0.6567034879807692 0.5395955168269231 0.668615985576923 0.5353313846153847 0.6599523509615385 0.5194931778846154 0.6447909903846154 0.5152290456730769 0.6177171322115385 0.518884014423077 0.6144682692307692 0.5335038990384615
2 0.6437080360576922 0.4183723197115385 0.6307125841346154 0.4226364519230769 0.63937621875 0.42811890865384616 0.7000216586538461 0.4500487331730769 0.7552523293269231 0.4707602331730769 0.7877409567307693 0.48416179326923076 0.8169807235576924 0.49329922115384617 0.8223954951923077 0.48659843990384616 0.7888239110576923 0.4744152043269231 0.7260125625 0.4512670552884615 0.6729478004807692 0.43116471634615383 0.6437080360576922 0.4183723197115385
2 0.9783409134615385 0.5036549711538462 0.9913363653846154 0.4701510721153846 1 0.44578460096153844 0.9989170456730769 0.4208089663461539 0.9891704567307692 0.4396929831730769 0.9783409134615385 0.47136939663461536 0.9664284158653846 0.5012183245192308 0.9783409134615385 0.5036549711538462
2 0.9274420625 0.45553118990384617 0.9371886514423077 0.4823343076923077 0.9458522860576923 0.5030458100961538 0.9512670576923077 0.5213206634615385 0.9620965985576924 0.5182748533653846 0.9393545600961539 0.4646686153846154 0.9252761538461538 0.4269005841346154 0.9187784278846153 0.40070662740384616 0.9101147932692307 0.4037524375 0.9133636562499999 0.4269005841346154 0.9274420625 0.45553118990384617
2 0.8862897980769231 0.36293859615384616 0.8797920721153846 0.36537524278846156 0.884123889423077 0.39217836298076925 0.8982022956730769 0.4208089663461539 0.9068659302884616 0.4433479543269231 0.9155295649038462 0.4701510721153846 0.9350227427884616 0.4926900576923077 0.9285250168269231 0.4695419110576923 0.9198613822115385 0.4470029230769231 0.9101147932692307 0.4269005841346154 0.9047000216346154 0.4141081875 0.8938704783653846 0.3799951274038461 0.8862897980769231 0.36293859615384616
7 0.7422568774038462 0.3562378173076923 0.7411739230769231 0.37085769951923075 0.753086420673077 0.3891325528846154 0.7942386826923078 0.3946150096153846 0.8234784495192307 0.3830409350961539 0.8343079927884616 0.37268518509615384 0.8202295865384616 0.3550194927884615 0.7996534543269231 0.35014619951923076 0.7585011923076923 0.348927875 0.7422568774038462 0.3562378173076923
8 0.6285466754807693 0.3257797259615384 0.6112194062499999 0.34466374278846157 0.6263807668269231 0.348927875 0.6491228076923077 0.33918128605769227 0.6610353052884614 0.3196881081730769 0.6567034879807692 0.31237816826923076 0.6437080360576922 0.3160331394230769 0.6285466754807693 0.3257797259615384
7 0.7227636995192307 0.05470272836538462 0.7260125625 0.06505847836538461 0.7422568774038462 0.0711500985576923 0.7465886947115384 0.0632309951923077 0.754169375 0.07054093509615385 0.7682477812499999 0.06505847836538461 0.7725795961538461 0.05653021394230769 0.7563352836538461 0.04617446394230769 0.7422568774038462 0.038255360576923074 0.7270955168269231 0.04251949278846154 0.7227636995192307 0.05470272836538462
10 0.6707818942307693 0.30750487259615383 0.6740307572115385 0.29714912259615384 0.6696989375 0.29349415144230767 0.6512887163461538 0.2916666658653846 0.6447909903846154 0.29714912259615384 0.6469568990384615 0.3068957115384615 0.6707818942307693 0.30750487259615383
8 0.47260125721153845 0.22709551682692306 0.4747671658653846 0.23135964903846154 0.48776261538461535 0.23440545913461538 0.5083387475961538 0.23927875240384616 0.5484080576923077 0.24110623798076924 0.5841455480769231 0.23866959134615387 0.5863114567307692 0.22100389903846154 0.5679012355769231 0.21917641346153843 0.5213341995192308 0.21734892788461538 0.49642624999999996 0.21978557451923075 0.47260125721153845 0.22709551682692306
4 0.6512887163461538 0.8338206634615385 0.6718648461538461 0.8149366466346154 0.6415421274038462 0.7948343076923077 0.6144682692307692 0.800316764423077 0.6068875889423077 0.8125 0.6350444014423077 0.8356481490384616 0.6512887163461538 0.8338206634615385
11 0.8050682259615385 0.6230506826923077 0.7920727740384615 0.6120857692307692 0.7693307331730769 0.6126949326923077 0.7585011923076923 0.6218323581730769 0.7606670985576923 0.6352339182692308 0.7877409567307693 0.640716375 0.8061511802884616 0.6486354783653846 0.841888673076923 0.6571637427884615 0.8732943461538463 0.6455896682692307 0.8732943461538463 0.6376705649038462 0.8559670793269232 0.6212231971153847 0.8234784495192307 0.6157407403846153 0.8050682259615385 0.6230506826923077
6 0.8223954951923077 0.038255360576923074 0.8494693533653846 0.031554581730769235 0.8689625288461538 0.031554581730769235 0.8982022956730769 0.013279725961538461 0.8754602548076923 0.0010964903846153846 0.8353909471153845 0.002314814903846154 0.8288932211538461 0.00901559375 0.7899068653846153 0.022417153846153844 0.8223954951923077 0.038255360576923074
7 0.6859432524038461 0.12780214423076924 0.7065193846153845 0.14059454086538462 0.7151830192307693 0.13023879086538462 0.7498375576923078 0.11683723076923076 0.7335932427884615 0.10282650961538461 0.7076023389423077 0.1089181298076923 0.7000216586538461 0.12049220192307691 0.6816114350961539 0.11440058413461539 0.6859432524038461 0.12780214423076924