2 0.8547008557692308 0.9686047379807692 0.6714316658653845 0.9150980745192308 0.6714316658653845 0.9215704182692307 0.7885260985576923 0.9562164951923078 0.8521496634615384 0.9752528028846155 0.85824128125 0.9733491706730769 0.8547008557692308 0.9686047379807692
2 0.8054472596153845 0.8351455889423077 0.7052739879807692 0.8477095528846154 0.5956248653846153 0.8621771442307692 0.5963017115384616 0.8667458581730769 0.8081546466346154 0.8416179326923078 0.8054472596153845 0.8351455889423077
2 0.5563677716346154 0.8629385961538462 0.5563677716346154 0.8682687620192309 0.6057775600961539 0.8606542403846155 0.7404700024038462 0.8408564807692307 0.7323478461538462 0.8351455889423077 0.5563677716346154 0.8629385961538462
2 0.7018897548076922 0.7841282884615384 0.697151829326923 0.7818439326923077 0.5692278533653846 0.8534204447115384 0.570581545673077 0.85798915625 0.5759963173076923 0.8576084302884616 0.66127896875 0.8084947620192308 0.7018897548076922 0.7841282884615384
13 0.4649935024038462 0.9543128653846153 0.44671864903846153 0.9623081129807692 0.44130387740384613 0.9756335288461538 0.4541639591346154 0.9862938605769231 0.47311565865384614 0.9939083822115384 0.49545159134615385 0.9923854783653846 0.5103422139423077 0.9824865985576923 0.5157569855769231 0.9722069927884616 0.5089885216346154 0.9619273870192308 0.4934210528846154 0.9535514134615385 0.4649935024038462 0.9543128653846153
9 0.5435076899038461 0.987816764423077 0.5374160721153847 0.979821514423077 0.5184643701923076 0.9775371586538462 0.5022200552884615 0.9866745865384616 0.500189516826923 0.9961927379807692 0.5089885216346154 0.9973349182692307 0.53538553125 0.9992385480769231 0.5435076899038461 0.987816764423077
6 0.3548367451923077 0.9254728629807693 0.4375812211538461 0.9731588076923077 0.4436728389423077 0.9631647475961539 0.44874918750000004 0.9580249447115385 0.38732537259615385 0.9246162283653846 0.35991309375 0.9094823653846155 0.3548367451923077 0.9254728629807693
13 0.3380847956730769 0.8952051346153845 0.3563596490384615 0.9014871153846153 0.3731115985576923 0.8992027596153847 0.38478719951923074 0.8954906802884615 0.3949398966346154 0.8854966201923078 0.39798570432692304 0.8743603798076923 0.39087881730769236 0.8600831514423077 0.3822490264423077 0.8586554278846154 0.3700657884615385 0.8657940432692308 0.3512833004807692 0.8723615673076923 0.3294550024038462 0.8689350336538462 0.32590156009615384 0.8755025576923077 0.32894736778846156 0.8880665216346154 0.3380847956730769 0.8952051346153845
13 0.3710810600961538 0.8657940432692308 0.37920321634615384 0.8603686947115385 0.3842795649038461 0.853515625 0.37920321634615384 0.8438071081730769 0.3629589014423077 0.8358118605769231 0.33960769951923075 0.8335275048076922 0.3218404807692308 0.8380962163461538 0.30914961057692303 0.8466625552884615 0.31118014903846153 0.8586554278846154 0.32133284615384616 0.8672217644230769 0.3309779086538462 0.8695061225961538 0.3462069519230769 0.8717904783653846 0.3594054591346154 0.8709338461538461 0.3710810600961538 0.8657940432692308
13 0.24646546153846155 0.876277139423077 0.25990903125 0.882158701923077 0.26849798076923076 0.8817385889423076 0.2767134951923077 0.8716559110576922 0.2651370865384615 0.861573233173077 0.25505440865384615 0.8613631778846155 0.24534516346153845 0.8708156874999999 0.24646546153846155 0.876277139423077
0 0.3121895841346154 0.8603128990384616 0.3106958533653846 0.8472894399038461 0.31891137019230764 0.8372067620192307 0.3043475024038461 0.8288045312500001 0.23264845913461538 0.8271240841346154 0.25318724759615385 0.8409877668269231 0.2729791706730769 0.8393073197115384 0.29053049759615385 0.8445587139423077 0.3065880961538462 0.8590525649038461 0.3118161514423077 0.8666145721153846 0.31368331490384616 0.8729162475961538 0.32488629086538456 0.8724961346153847 0.3275003173076923 0.8685050745192308 0.3177910721153846 0.8676648509615384 0.3121895841346154 0.8603128990384616
7 0.29650541826923077 0.8775374735576923 0.3118161514423077 0.8708156874999999 0.31330988221153844 0.8687151298076923 0.309202125 0.86598440625 0.3047209326923077 0.8567419495192308 0.2968788509615385 0.850230221153846 0.2931445264423077 0.8441386033653846 0.2718588725961538 0.8388872091346153 0.25094665144230766 0.8456089927884616 0.23937024278846156 0.85422128125 0.26065589663461536 0.8573721177884616 0.2767134951923077 0.8666145721153846 0.29650541826923077 0.8775374735576923
11 0.07393963942307692 0.8374168173076922 0.06535068990384615 0.8374168173076922 0.06497725721153846 0.8353162596153846 0.06012263461538462 0.8348961490384615 0.049666524038461536 0.8315352548076922 0.04593219951923077 0.8351062043269231 0.04294474038461538 0.841407877403846 0.04481190144230769 0.8504402764423078 0.056388310096153846 0.8535911129807693 0.06535068990384615 0.8517006105769231 0.07281934134615385 0.8462391610576923 0.07393963942307692 0.8374168173076922
0 0.4626828894230769 0.8647240697115385 0.4148835264423077 0.8813184783653847 0.46380318509615387 0.9353028173076924 0.5056276274038461 0.9210190216346154 0.5418505817307693 0.9100961225961538 0.5818078605769231 0.8995933317307692 0.5325147692307692 0.8466592716346154 0.49741211298076926 0.8540112259615384 0.47948735096153844 0.8657743485576923 0.4626828894230769 0.8647240697115385
0 0.6766597211538462 0.9350927596153846 0.6423039302884616 0.8640939038461538 0.5612690721153846 0.8739665264423077 0.5847953221153847 0.9002235 0.5254195504807693 0.9170279615384616 0.53624909375 0.9489564423076923 0.5881562139423078 0.9468558846153846 0.6303540889423077 0.9434949927884616 0.6766597211538462 0.9350927596153846
0 0.06348352884615384 0.8023375 0.0687115841346154 0.8330056466346154 0.0769270985576923 0.8357363725961539 0.10642826682692307 0.8319553677884616 0.1441449519230769 0.8269140288461538 0.16169627884615384 0.8233430793269231 0.15908225240384616 0.8107397331730769 0.1295810841346154 0.7903643197115385 0.06348352884615384 0.8023375
13 0.9989319831730769 0.9563083966346154 0.9257392091346154 0.9474860528846154 0.91565653125 0.9981094975961539 0.9963179543269232 0.9974793317307692 0.9989319831730769 0.9563083966346154
8 0.9059472860576924 0.9819352019230769 0.9167768293269231 0.9815150913461538 0.91565653125 0.9689117427884616 0.8633759783653846 0.9607195673076923 0.8551604639423077 0.9754234735576923 0.8652431418269231 0.9758435841346155 0.8798070096153846 0.9764737524038462 0.9059472860576924 0.9819352019230769
7 0.8166969134615385 0.8491799423076922 0.8335013774038462 0.8840492043269231 0.8921302836538462 0.8800581442307693 0.8954911754807693 0.8731263028846155 0.8633759783653846 0.8361564831730769 0.8166969134615385 0.8491799423076922
13 0.8159500504807693 0.7395308197115384 0.8140828870192307 0.7336492572115384 0.8092282644230769 0.7300783076923077 0.7972784230769231 0.7309185312500001 0.7879426105769232 0.7393207644230769 0.7890629086538462 0.7479330504807693 0.8021330456730769 0.7531844447115384 0.8133360216346154 0.7525542788461539 0.8152031850961539 0.7468827716346154 0.8159500504807693 0.7395308197115384
2 0.30285377163461535 0.7704090216346154 0.2890367692307692 0.7701989639423077 0.2632699254807692 0.7828023125 0.24721232692307693 0.7937252139423077 0.24422486538461538 0.7983464399038461 0.2614027620192308 0.803807891826923 0.2640167884615385 0.7975062187499999 0.27783379326923074 0.7945654375 0.2916507956730769 0.794985548076923 0.3065880961538462 0.7888939302884614 0.3129364495192308 0.7804916995192308 0.30285377163461535 0.7704090216346154
7 0.4526002115384615 0.8493899975961539 0.4630563221153846 0.8544313365384616 0.4791139182692307 0.8653542379807693 0.4955449495192308 0.8517006105769231 0.4925574903846154 0.8474994951923077 0.4828482451923077 0.8472894399038461 0.4869560024038462 0.8275441947115384 0.4727655673076923 0.8222928004807692 0.46044229326923075 0.8077989519230768 0.4335551514423077 0.8168313509615385 0.42235217788461543 0.8296447548076924 0.41376322836538465 0.8439285480769231 0.4212318798076923 0.8428782692307693 0.4305676923076923 0.8330056466346154 0.4376629110576923 0.8367866514423077 0.4361691802884616 0.8464492163461539 0.4526002115384615 0.8493899975961539
4 0.5933842692307693 0.7170548509615385 0.6064544086538461 0.7292380865384616 0.6213917091346153 0.7248269134615384 0.6325946826923077 0.7206257980769231 0.6340884134615384 0.7172649062500001 0.6191511129807693 0.7002503870192308 0.6161636538461538 0.7008805528846154 0.6064544086538461 0.7174749615384616 0.5933842692307693 0.7170548509615385
4 0.6109355985576923 0.6985699399038462 0.6045872451923077 0.6931084903846153 0.5866624831730769 0.690797875 0.5724720480769231 0.6914280432692308 0.5765798052884615 0.6994101634615385 0.5724720480769231 0.7103330649038462 0.5791938341346154 0.7134839014423077 0.6034669471153846 0.7168447932692307 0.6105621658653846 0.7082325072115385 0.6109355985576923 0.6985699399038462
7 0.5388631225961539 0.7351196490384615 0.5493192331730768 0.7304984206730769 0.5556675865384615 0.7136939567307692 0.5519332596153845 0.7052917259615386 0.5470786370192308 0.6989900528846154 0.53624909375 0.6935286009615385 0.5224320913461539 0.6949989927884614 0.5138431442307693 0.7002503870192308 0.5089885216346154 0.7124336225961538 0.5086150889423077 0.72503696875 0.5093619543269231 0.7304984206730769 0.5216852259615384 0.7355397596153845 0.5388631225961539 0.7351196490384615
4 0.481354514423077 0.7804916995192308 0.4944246514423077 0.7823821995192308 0.5033870336538462 0.7821721442307693 0.5078682235576923 0.7758704711538461 0.5041338990384616 0.7655777379807692 0.4906903269230769 0.7571755048076922 0.46791094471153843 0.7554950600961539 0.44251753365384616 0.7628470120192308 0.4428909663461538 0.7769207499999999 0.4630563221153846 0.7762905817307693 0.481354514423077 0.7804916995192308
7 0.37007162499999996 0.8086391754807691 0.38351519471153844 0.8107397331730769 0.4077883076923077 0.8098995096153847 0.43542231490384614 0.8023375 0.44326439663461537 0.79939671875 0.4455049927884615 0.7903643197115385 0.43542231490384614 0.7859531490384615 0.4391566394230769 0.7765006394230769 0.42571306971153844 0.7777609735576922 0.40368055048076923 0.770619076923077 0.36559043509615385 0.7777609735576922 0.3622295408653846 0.7828023125 0.34841253846153847 0.7741900240384615 0.3390767259615384 0.7859531490384615 0.3364626971153846 0.7939352692307692 0.37007162499999996 0.8086391754807691
7 0.36596386778846157 0.7181051298076924 0.3457985096153846 0.7105431201923077 0.32525972115384616 0.714744235576923 0.3140567475961538 0.7151643485576924 0.31144271875 0.7283978629807693 0.3196582355769231 0.7355397596153845 0.33198150721153846 0.7462526057692307 0.3457985096153846 0.7464626610576922 0.35214686298076925 0.7468827716346154 0.3618561081730769 0.7309185312500001 0.36596386778846157 0.7181051298076924
0 0.1377965985576923 0.6895375408653847 0.06086950000000001 0.7031911682692308 0.07393963942307692 0.7313386442307692 0.13443570673076924 0.7225163004807692 0.15161360096153847 0.7183151850961539 0.1377965985576923 0.6895375408653847
13 0.3047383028846154 0.6872025024038462 0.2923976610576923 0.6706276346153845 0.2659534278846154 0.6638276899038461 0.24882763942307692 0.67048596875 0.24630914182692307 0.6794108990384615 0.2447980408653846 0.6904608100961538 0.2578942331730769 0.70193571875 0.2742644735576923 0.7076023389423077 0.2861014158653846 0.7101523197115385 0.29693095673076925 0.7046273629807692 0.30096055528846155 0.7006607283653847 0.3047383028846154 0.6872025024038462
8 0.3070049519230769 0.69669409375 0.29995315625 0.7053356899038461 0.3122937980769231 0.7117106394230769 0.3291677379807692 0.7107189807692307 0.3402491298076923 0.7108606466346153 0.3462935264423077 0.7093023245192308 0.34881202403846157 0.7034940384615385 0.3440268774038462 0.6975440865384616 0.3070049519230769 0.69669409375
7 0.01863688701923077 0.6656693413461539 0.002014798076923077 0.6646776826923078 0.0030221971153846154 0.6765775865384616 0.01863688701923077 0.6860691778846154 0.04558481971153846 0.6847941875000001 0.05389586538461539 0.6796942283653846 0.04105152403846154 0.6677943245192307 0.01863688701923077 0.6656693413461539
6 0.17654673557692308 0.6713359615384615 0.13801371153846154 0.6656693413461539 0.014355439903846154 0.6489528076923077 0.008814745192307693 0.6604277163461538 0.13977665865384614 0.6754442620192307 0.17150973798076924 0.6791275673076923 0.17679858653846156 0.6747359350961539 0.17654673557692308 0.6713359615384615
8 0.15740614903846153 0.6260029927884615 0.16017649759615382 0.6203363701923077 0.15639875 0.6163697355769231 0.15765799759615387 0.6139614206730769 0.14959880288461538 0.6121197692307693 0.14808770432692306 0.6166530673076923 0.14078405769230767 0.6204780360576923 0.13196931490384614 0.6417278653846155 0.1342359639423077 0.6438528485576923 0.1463247548076923 0.6458361658653846 0.15287285096153846 0.6435695192307692 0.1551395 0.6388945552884615 0.1543839495192308 0.6325196057692307 0.15740614903846153 0.6260029927884615
3 0.09091779086538462 0.652777778846154 0.09746588701923077 0.6544777644230769 0.12617676923076923 0.6472528221153847 0.1327248653846154 0.6461194975961538 0.13146561538461538 0.6435695192307692 0.12869526682692306 0.6380445625 0.10980652884615384 0.6421528629807691 0.08789559374999999 0.6448445072115384 0.09091779086538462 0.652777778846154
8 0.06874203365384615 0.63269896875 0.061630790865384616 0.6312871778846154 0.05884206730769231 0.6368559086538461 0.04768717307692308 0.6361500144230768 0.032628064903846156 0.6481502403846153 0.04224916105769231 0.6544248677884615 0.048942098557692305 0.65481703125 0.05521672596153847 0.6537974038461538 0.06372233173076923 0.6472874783653846 0.06637162019230769 0.6419540456730769 0.06400120432692308 0.640306954326923 0.0681842908653846 0.6362284471153846 0.06874203365384615 0.63269896875
2 0.5584315985576923 0.665959639423077 0.562958701923077 0.6697044855769231 0.5685510072115385 0.6662592283653846 0.5688173076923076 0.6589193269230769 0.5741433125 0.65727159375 0.5784041153846153 0.6514296322115385 0.5709477091346155 0.6373490072115384 0.56668690625 0.6247663221153845 0.5565674975961539 0.6175762139423077 0.54085578125 0.6169770384615384 0.5238125673076923 0.6258148798076923 0.538459079326923 0.6592189158653846 0.555502295673077 0.6620649975961539 0.5584315985576923 0.665959639423077
7 0.5009107475961538 0.5966050721153846 0.4907913389423077 0.5937589879807692 0.4710851201923077 0.5945079567307693 0.45910161057692306 0.6000503317307693 0.45404190624999996 0.6087383749999999 0.45777010817307695 0.6168272451923078 0.4495148004807692 0.6199729182692307 0.4532430048076923 0.6238675576923077 0.4628298125 0.630009108173077 0.46096571153846155 0.6354016875 0.4878620360576923 0.6472354038461539 0.4995792451923077 0.6452880841346154 0.5027748485576923 0.6406444735576924 0.4971825432692307 0.6367498317307692 0.4969162427884615 0.6321062211538462 0.5001118461538462 0.6288107572115386 0.5070356514423077 0.6261144663461539 0.5104975552884615 0.618924360576923 0.5019759471153846 0.6183251850961539 0.4969162427884615 0.6156288942307693 0.49851404567307694 0.6087383749999999 0.5009107475961538 0.5966050721153846
8 0.5088997548076923 0.6192239471153846 0.5131605576923077 0.6177260096153846 0.5150246586538462 0.6123334302884615 0.5176876610576924 0.6019976514423078 0.5182202620192308 0.5921112548076923 0.5136931586538462 0.5870182620192308 0.5115627572115384 0.5840223846153847 0.5054378509615385 0.5840223846153847 0.5043726490384615 0.5871680576923077 0.5001118461538462 0.5898643461538462 0.49878034615384614 0.6151795120192308 0.5006444471153846 0.6186247716346155 0.5088997548076923 0.6192239471153846
10 0.49638364182692307 0.5822248581730769 0.5187528629807692 0.5874676442307692 0.5256766682692308 0.5718890817307692 0.5094323533653846 0.5679944399038461 0.49638364182692307 0.5822248581730769
2 0.13474792067307692 0.6139811610576923 0.12462851201923077 0.6060420865384615 0.11610690384615384 0.6043943533653846 0.11291130048076922 0.6022972379807693 0.11424280288461539 0.5970544519230769 0.08601497596153845 0.5820750649038462 0.07429776682692307 0.5891153774038462 0.10279189182692307 0.6066412620192307 0.11371020192307692 0.6084387884615384 0.13101971634615384 0.6169770384615384 0.13474792067307692 0.6139811610576923
8 0.2897346586538462 0.6175762139423077 0.2841423533653846 0.6141309567307692 0.2814793509615385 0.6082889951923077 0.26656653846153844 0.6082889951923077 0.25724602884615383 0.6081391995192308 0.2649687355769231 0.61502971875 0.27349034375000003 0.6213210625 0.2772185480769231 0.6277621995192307 0.28733795673076923 0.625964673076923 0.2929302620192308 0.6243169399038462 0.29426176201923077 0.6223696201923077 0.2897346586538462 0.6175762139423077
8 0.2503222235576923 0.6076898197115385 0.27215884375 0.6081391995192308 0.28840315625 0.6085885817307692 0.28920205769230767 0.6037951778846155 0.27162624278846154 0.5942083701923078 0.2500559230769231 0.5949573389423077 0.2503222235576923 0.6076898197115385
8 0.16483984615384614 0.609637139423077 0.15924754086538462 0.6097869326923078 0.1616442451923077 0.6195235360576923 0.1597801418269231 0.6268634350961538 0.1722962548076923 0.6451382884615384 0.18960576923076924 0.6382477716346154 0.1808178605769231 0.6313572524038461 0.17495925721153846 0.6198231225961539 0.16483984615384614 0.609637139423077
7 0.7166936009615384 0.6755822956730769 0.7135002740384616 0.6762070769230769 0.6846214927884616 0.6756603942307693 0.6835107716346154 0.6773785432692307 0.6880925 0.6884684110576923 0.7041979759615384 0.6921390024038462 0.71447215625 0.6912799278846153 0.7269677836538461 0.6899522668269231 0.7291892283653846 0.6872969471153846 0.7280785048076923 0.6841730384615385 0.7240521370192308 0.6845635288461539 0.7190538870192308 0.6830796730769231 0.7186373653846154 0.6810491322115385 0.7200257692307692 0.679643375 0.7203034495192308 0.6721459999999999 0.7187762067307693 0.6682411153846155 0.7150275192307693 0.6680068221153845 0.7128060745192308 0.6719117067307692 0.7166936009615384 0.6755822956730769
6 0.05715152884615385 0.6119594903846154 0.014940026442307693 0.6310347043269231 0.03604577884615385 0.6458413365384617 0.0450572235576923 0.6373041778846154 0.05312009375 0.6367706057692307 0.05833724519230769 0.6371707860576923 0.05976010576923077 0.6313014903846154 0.0754115625 0.6329022067307692 0.08442300721153846 0.6204966490384615 0.07446298798076924 0.6154277115384615 0.05715152884615385 0.6119594903846154
4 0.3924721225961539 0.5934178509615384 0.40029785096153847 0.6026219735576923 0.43634362980769226 0.5840803341346154 0.4311264783653846 0.57861121875 0.42875504567307693 0.5687401298076923 0.3905749783653846 0.5832799759615385 0.3924721225961539 0.5934178509615384
7 0.2831490721153846 0.5708744182692308 0.27769477884615384 0.5708744182692308 0.27627191826923075 0.5806121153846153 0.2798290673076923 0.58874909375 0.3180091346153846 0.6058234086538461 0.33223773076923074 0.6042226923076923 0.33935202884615384 0.6044894783653846 0.36164349759615383 0.6204966490384615 0.38393496634615387 0.62009646875 0.40598929086538466 0.6092916298076922 0.4104950120192308 0.6038225120192308 0.39934927884615384 0.6027553677884615 0.3908121201923077 0.5940848173076924 0.3905749783653846 0.5863480168269231 0.38559496875000004 0.5840803341346154 0.3794292427884616 0.5822128317307692 0.3483634735576923 0.5756765697115385 0.32583486298076925 0.5726085288461539 0.29808909855769233 0.5755431778846154 0.2912119447115385 0.5784778245192308 0.2942948076923077 0.5678063774038461 0.2831490721153846 0.5708744182692308
7 0.11430306009615385 0.594618389423077 0.14110025 0.5774106802884615 0.09770303125 0.5525995649038461 0.04482007932692308 0.5854142644230769 0.08869158653846153 0.6043560841346154 0.11430306009615385 0.594618389423077
2 0.7636013533653846 0.5902164158653846 0.7491356129807692 0.5939514230769231 0.7451041778846155 0.5996873269230769 0.7339584423076922 0.6068905528846154 0.7387013076923077 0.6094250216346154 0.74889846875 0.6079576995192307 0.7569613413461538 0.607424125 0.7726127980769231 0.6036891201923077 0.7711899375000001 0.5990203605769231 0.7636013533653846 0.5902164158653846
8 0.22742040384615383 0.5586022548076923 0.22670897355769232 0.5527329567307693 0.22196610817307694 0.5487311658653846 0.21935753125000002 0.5447293725961538 0.20062321153846152 0.5327239927884615 0.18805461778846155 0.53899346875 0.21105751682692306 0.5584688605769231 0.22030610576923076 0.5612701153846154 0.2293175480769231 0.5602029711538461 0.22742040384615383 0.5586022548076923
0 0.4631408197115385 0.5564679639423077 0.48970086778846156 0.566872625 0.5027437475961538 0.5546004615384615 0.5051151802884616 0.5538001033653847 0.47689512980769233 0.5457965168269231 0.4631408197115385 0.5564679639423077
7 0.9452531033653847 0.5376595384615385 0.9642245649038461 0.5447293725961538 0.9706274326923077 0.5504652740384615 0.9810617379807692 0.5551340336538462 0.9895988966346153 0.5547338533653846 0.9967131947115385 0.5560677860576922 0.9996751129807693 0.5047514615384615 0.9983731971153845 0.5024437620192308 0.9872274639423076 0.5032441201923077 0.9480988221153847 0.5112477067307692 0.9447788173076923 0.51618325 0.9305502187500001 0.5208520072115385 0.9277045 0.5164500360576922 0.9130016177884616 0.5235198701923077 0.9125273317307693 0.5271214831730769 0.9250959254807692 0.5344581033653847 0.9329216538461539 0.5349916754807692 0.9452531033653847 0.5376595384615385
7 0.4790294206730769 0.5339245312500001 0.48306085576923075 0.5312566706730769 0.4522322307692308 0.5108475264423077 0.4377664903846154 0.5169836081730769 0.4206921730769231 0.5229862980769231 0.4173721682692308 0.5412611514423077 0.4185578846153846 0.555801 0.4306521923076923 0.5608699374999999 0.43871506250000003 0.5607365432692307 0.44203506971153844 0.5571349302884616 0.43895220673076923 0.5533999230769231 0.4636151057692308 0.5427284759615385 0.4688322596153846 0.5387266826923077 0.4790294206730769 0.5339245312500001
8 0.46574939663461534 0.5131152091346154 0.4873294350961539 0.5213855817307692 0.5020323173076923 0.5213855817307692 0.5065380408653846 0.5225861177884615 0.5148380552884615 0.5239200504807692 0.5141266250000001 0.5208520072115385 0.5089094735576923 0.5187177187500001 0.5025066033653846 0.5156496778846154 0.49871231250000003 0.5103139543269231 0.4835351418269231 0.5063121610576923 0.4643265360576923 0.5003094711538462 0.45270651682692303 0.4987087548076923 0.4496236538461539 0.5063121610576923 0.46574939663461534 0.5131152091346154
8 0.16291743028846153 0.5432620480769231 0.16789743990384617 0.5403273990384615 0.1695574423076923 0.5344581033653847 0.16932030048076924 0.5311232764423077 0.17050601682692307 0.5283220216346154 0.16694886778846152 0.5257875528846154 0.16339171875 0.5275216634615385 0.15864885336538462 0.5293891658653846 0.14702883173076925 0.5321904206730769 0.13161451923076922 0.5453963365384615 0.12189164423076923 0.5525995649038461 0.12639736778846153 0.5594026129807692 0.13564595432692308 0.5610033293269231 0.13944024759615384 0.5590024326923078 0.14252311057692307 0.5555342115384615 0.14868883413461537 0.55420028125 0.150823125 0.5504652740384615 0.1560402764423077 0.5448627644230769 0.16291743028846153 0.5432620480769231
8 0.14181168028846153 0.5203184350961538 0.13446023798076923 0.5233864759615384 0.12948022836538461 0.5295225600961538 0.1183344951923077 0.5437956201923076 0.11809735336538461 0.5472638413461538 0.12236593028846153 0.546596875 0.12473736298076923 0.5447293725961538 0.131377375 0.5451295504807692 0.13683167067307694 0.5405941850961539 0.14560597115384616 0.5316568485576924 0.15153455528846155 0.5255207668269231 0.14181168028846153 0.5203184350961538
8 0.17785745673076925 0.5291223798076923 0.17880603125 0.5276550552884616 0.17904317548076923 0.5212521875 0.18117746394230771 0.5189845048076923 0.17880603125 0.5107141322115385 0.1738260216346154 0.5029773341346154 0.1612574278846154 0.5056451947115385 0.16481457692307694 0.5220525456730769 0.1695574423076923 0.5256541586538461 0.17169173317307693 0.5285888076923076 0.17785745673076925 0.5291223798076923
8 0.13066594471153847 0.50857984375 0.12212878846153846 0.5141823533653846 0.11572591826923076 0.5236532644230769 0.1207059278846154 0.5256541586538461 0.12853165625000001 0.5249871947115385 0.13564595432692308 0.5220525456730769 0.14394596875000001 0.5156496778846154 0.1539059879807692 0.5092468100961539 0.15224598317307692 0.5071125192307693 0.14560597115384616 0.5019101899038462 0.13066594471153847 0.50857984375
2 0.11169448317307692 0.5179173605769231 0.10979733653846153 0.5160498581730769 0.08228871634615385 0.5020435817307692 0.07375156009615384 0.5016434038461539 0.05644010096153846 0.4941733894230769 0.052171521634615386 0.49817518269230765 0.06592583173076924 0.5053784086538461 0.06734868990384615 0.5097803822115384 0.07920585336538462 0.5165834302884615 0.09367159374999999 0.5236532644230769 0.09983731971153846 0.5251205865384615 0.10529161538461539 0.5231196899038462 0.10908590625 0.5203184350961538 0.11169448317307692 0.5179173605769231
2 0.05406866826923077 0.5093802019230769 0.04932580288461538 0.5153828918269231 0.0656886875 0.5236532644230769 0.07209155528846153 0.5283220216346154 0.07920585336538462 0.5315234567307692 0.0856087235576923 0.5331241730769231 0.08987730288461539 0.5311232764423077 0.09438302403846154 0.5267213052884615 0.09343445192307692 0.5252539807692307 0.06450297115384615 0.5084464495192308 0.05406866826923077 0.5093802019230769
2 0.059285819711538464 0.5245870144230769 0.05904867548076923 0.5196514711538461 0.04007721394230769 0.5159164639423077 0.03794292548076923 0.5120480649038461 0.01565145673076923 0.5104473461538461 0.009485730769230769 0.5117812788461539 0.001422860576923077 0.5099137740384616 0.0007114302884615385 0.5171170024038462 0.017548603365384614 0.5217857596153845 0.032251485576923075 0.5227195120192307 0.03699435096153846 0.5221859399038462 0.04482007932692308 0.5228529038461539 0.054305810096153845 0.5248538004807692 0.059285819711538464 0.5245870144230769
10 0.11786020913461538 0.49150552884615384 0.1275830841346154 0.49457356971153843 0.13232594951923077 0.49777500240384615 0.13849167307692306 0.4947069615384615 0.14110025 0.49137213461538465 0.1429973966346154 0.4881706995192308 0.13872881730769232 0.4860364110576923 0.12284021875000001 0.4804339014423077 0.1135916298076923 0.4861698052884615 0.11786020913461538 0.49150552884615384
7 0.36211778365384617 0.5264545192307692 0.37587209374999997 0.5293891658653846 0.39602927403846155 0.5243202283653846 0.3981635625 0.5160498581730769 0.41666073798076925 0.5100471682692308 0.4256721826923077 0.5023103677884616 0.4104950120192308 0.5001760793269231 0.4069378629807692 0.4885708798076923 0.3896264038461539 0.48390212259615384 0.37729495432692306 0.4956407139423077 0.3851206826923077 0.49777500240384615 0.38535782451923073 0.5033775120192308 0.38844068750000005 0.5108475264423077 0.3685206538461539 0.5209854014423076 0.36211778365384617 0.5264545192307692
6 0.32393771634615387 0.46536048076923076 0.33223773076923074 0.47909997115384617 0.3516834807692308 0.4792333629807692 0.3649635024038461 0.4770990745192308 0.36282921394230766 0.46509369471153844 0.3241748605769231 0.3911939206730769 0.3018833918269231 0.39399517548076923 0.2871805096153846 0.3975967908653846 0.32393771634615387 0.46536048076923076
8 0.03343720192307693 0.43054488461538465 0.04742865625 0.4390820408653846 0.050037230769230764 0.44321722836538463 0.054542954326923083 0.44188329807692306 0.055965812499999996 0.4404159735576923 0.0554915264423077 0.43828168269230766 0.06236868269230769 0.4314786346153846 0.0633172548076923 0.42467558894230767 0.057625817307692305 0.4158716442307692 0.05904867548076923 0.40720109375 0.054305810096153845 0.39452875000000004 0.045531509615384616 0.3901267764423077 0.03248862980769231 0.38959320432692307 0.02371432692307692 0.3947955360576923 0.02656004807692308 0.41106949278846155 0.03343720192307693 0.43054488461538465
2 0.09319730769230769 0.42334165625 0.10007446394230769 0.41773914663461537 0.1062401875 0.4082682379807692 0.09296016586538462 0.40413305048076925 0.08584586538461539 0.4082682379807692 0.06711154807692307 0.42934434615384615 0.07446298798076924 0.42934434615384615 0.09319730769230769 0.42334165625
2 0.23334898557692307 0.39546250000000005 0.21437752163461538 0.4120032451923077 0.22196610817307694 0.41573825000000003 0.23477184375 0.41213663701923076 0.24615472115384615 0.4049334110576923 0.2468661514423077 0.4003980456730769 0.25730045673076923 0.38945981250000006 0.25089758653846156 0.3867919495192308 0.23856613701923074 0.3957292860576923 0.23334898557692307 0.39546250000000005
2 0.10363161298076923 0.3850578389423077 0.11406591586538463 0.38852606009615387 0.12236593028846153 0.3910605288461539 0.1280573701923077 0.3922610673076923 0.1337488076923077 0.39039356249999996 0.13564595432692308 0.3862583774038461 0.1335116658653846 0.38172301201923076 0.0960430264423077 0.37051799278846154 0.08537157932692309 0.37105156490384616 0.07185441346153845 0.3670497716346154 0.06497725721153846 0.36838370192307696 0.06853440625 0.37171852884615386 0.07944299759615385 0.37491996394230764 0.0856087235576923 0.3791885432692308 0.09153730528846153 0.3821231923076923 0.10363161298076923 0.3850578389423077
8 0.04244864663461538 0.35411064182692303 0.044582935096153846 0.3583792211538462 0.03984006971153846 0.36344815865384617 0.04126293028846154 0.3679835240384615 0.04126293028846154 0.37051799278846154 0.049800088942307696 0.370918170673077 0.052171521634615386 0.36718316346153845 0.05644010096153846 0.3649154831730769 0.05406866826923077 0.3603801177884615 0.056677242788461535 0.3578456490384615 0.060945822115384615 0.3517095649038462 0.06260582451923077 0.34730759375000003 0.056677242788461535 0.34544009134615383 0.05288295192307692 0.3462404495192307 0.052171521634615386 0.34463973076923077 0.04695436778846154 0.3453066971153846 0.04244864663461538 0.35411064182692303
8 0.03509720432692308 0.37652068028846153 0.0405515 0.38238997836538463 0.04695436778846154 0.38332372836538464 0.049800088942307696 0.3799889014423077 0.04719151201923077 0.3770542548076923 0.045294365384615384 0.37371942548076925 0.04244864663461538 0.3713183509615385 0.04031435817307692 0.3666495913461538 0.03533434855769231 0.36251440625 0.03177719951923077 0.35917957932692307 0.023240040865384615 0.35744546875 0.016125742788461538 0.36184743990384616 0.02229146875 0.3662494134615385 0.025848617788461536 0.3713183509615385 0.03509720432692308 0.37652068028846153
5 0.029168622596153847 0.3579790408653846 0.04126293028846154 0.3579790408653846 0.04482007932692308 0.3491750961538462 0.04150007451923077 0.34944188221153843 0.02774576442307692 0.3507758149038462 0.024188615384615385 0.3546442139423077 0.029168622596153847 0.3579790408653846
2 0.12853165625000001 0.3722521033653846 0.1337488076923077 0.36851709615384615 0.1309030889423077 0.36251440625 0.1266345096153846 0.3538438557692307 0.12165450240384615 0.34664062740384616 0.1159630625 0.3495752764423077 0.10410589903846154 0.34904170432692305 0.10339446875 0.35117599278846157 0.1062401875 0.3583792211538462 0.11145734134615384 0.3678501298076923 0.1183344951923077 0.3719853173076923 0.12853165625000001 0.3722521033653846
8 0.18592032932692307 0.33356810576923074 0.20370607451923076 0.33837025721153846 0.2086860841346154 0.33650275240384614 0.21176894711538463 0.33343471153846155 0.2115318028846154 0.3296997043269231 0.20370607451923076 0.32703184375 0.18924033413461538 0.32356362259615384 0.1735888798076923 0.32036218990384613 0.16434029086538463 0.32049558173076925 0.15556599038461538 0.31982861778846156 0.15461741586538463 0.32249647836538464 0.15722599278846155 0.32262987259615383 0.15959742548076922 0.3251643413461538 0.16528886538461537 0.3300998846153846 0.1709803028846154 0.3309002427884616 0.18592032932692307 0.33356810576923074
2 0.1406259639423077 0.32836577403846157 0.14702883173076925 0.31982861778846156 0.14489454326923076 0.31462628605769233 0.13493452403846154 0.3104911009615385 0.1211802139423077 0.31022431490384617 0.1252116514423077 0.3158268245192308 0.1406259639423077 0.32836577403846157
7 0.15580313221153846 0.3485081322115385 0.16362886057692305 0.34103811778846155 0.16979458653846152 0.3386370432692308 0.16291743028846153 0.32743202403846156 0.14916312259615386 0.32062897596153844 0.13825453125 0.33250096153846154 0.14750311778846154 0.34263883653846156 0.15580313221153846 0.3485081322115385
7 0.016837173076923076 0.32303005048076927 0.0348600625 0.33063345673076927 0.03818006730769231 0.3339682836538461 0.04648008173076923 0.3330345336538461 0.05288295192307692 0.3310336370192308 0.05572867067307692 0.32583130528846155 0.055254384615384615 0.3158268245192308 0.0554915264423077 0.30382144471153844 0.051222947115384616 0.29621803846153844 0.03509720432692308 0.2872807019230769 0.008062870192307692 0.2867471298076923 0.0016600024038461538 0.29621803846153844 0.004268579326923077 0.3158268245192308 0.016837173076923076 0.32303005048076927
8 0.28812908173076923 0.3064893076923077 0.30259482211538463 0.30528876923076925 0.31184340865384613 0.3036880528846154 0.3142148413461538 0.2996862596153846 0.3120805528846154 0.29515089423076923 0.3061519711538461 0.2906155288461539 0.26892047596153845 0.29835232932692307 0.2537433076923077 0.3022207283653846 0.24805186778846153 0.3058223413461538 0.24283471634615386 0.3074230576923077 0.24520614903846155 0.31182503125 0.251371875 0.3107578870192308 0.2625176081730769 0.3123586033653846 0.27603477403846155 0.3106244927884615 0.28812908173076923 0.3064893076923077
7 0.4996608846153846 0.3290327403846154 0.5200552067307692 0.3259646995192308 0.5300152235576923 0.32249647836538464 0.5475638269230769 0.3200954038461538 0.544718108173077 0.31982861778846156 0.5515952620192308 0.31556003846153846 0.5475638269230769 0.3103577067307692 0.5278809350961539 0.30302108653846155 0.5202923509615385 0.30568894951923076 0.5017951754807692 0.3128921754807692 0.4937323028846154 0.3180945072115385 0.47642084375 0.3191616514423077 0.47523512740384616 0.32196290624999996 0.4901751538461539 0.32316344471153846 0.4977637379807692 0.3243639807692308 0.4965780216346154 0.3271652355769231 0.4996608846153846 0.3290327403846154
1 0.39544240384615387 0.27712800480769234 0.4315408798076923 0.2811890841346154 0.43055637500000005 0.3048171778846154 0.43252538461538464 0.30961663461538463 0.5053786730769231 0.2902342139423077 0.5001279855769231 0.2534999110576923 0.46468584375 0.2527615336538461 0.4246493533653846 0.21233534134615384 0.3357158317307692 0.24666991586538461 0.34490453605769233 0.2907879975961538 0.39544240384615387 0.27712800480769234
4 0.22348238701923076 0.2324561394230769 0.21560635576923076 0.21215074759615385 0.17885154326923078 0.22082668749999998 0.18705574278846154 0.2391015408653846 0.22348238701923076 0.2324561394230769
9 0.014439389423076923 0.2547920721153846 0.0019690072115384617 0.2547920721153846 0.001312670673076923 0.2754666538461538 0.01345488701923077 0.27749719471153844 0.02100275 0.27454368269230767 0.02690977403846154 0.26974422596153846 0.02395626201923077 0.26180666346153847 0.014439389423076923 0.2547920721153846
10 0.022643588942307693 0.2828504350961538 0.022643588942307693 0.2784201658653846 0.003938014423076923 0.27749719471153844 0.001312670673076923 0.28248124519230766 0.012142213942307691 0.28561935096153845 0.02100275 0.2852501634615385 0.022643588942307693 0.2828504350961538
7 0.04922519471153846 0.2656831466346154 0.03806748557692308 0.2732515216346154 0.04495901201923077 0.28081989423076925 0.034129468749999996 0.28506556730769234 0.04463084375 0.2907879975961538 0.053491379807692314 0.2941106971153846 0.06268008173076924 0.3016790721153846 0.07613496875 0.2876498918269231 0.0718687860576923 0.27417449278846157 0.04922519471153846 0.2656831466346154
7 0.09910672596153845 0.22101128125 0.09418420673076923 0.2337483028846154 0.06268008173076924 0.22784127884615385 0.04594351442307692 0.23688640865384616 0.0577575625 0.2536845048076923 0.0935278701923077 0.27768178846153846 0.10435741346153846 0.2780509783653846 0.115515125 0.2736207091346154 0.12995451682692308 0.2651293629807692 0.13323619471153847 0.2677136875 0.14866009134615385 0.2701134158653846 0.1611304735576923 0.25959152884615383 0.15784879326923076 0.2536845048076923 0.15948963221153845 0.24833126682692308 0.15358261057692307 0.2374401923076923 0.1270010048076923 0.21990371634615385 0.09910672596153845 0.22101128125
8 0.6153149423076922 0.27583584375 0.6215501346153847 0.2710363870192308 0.6228628052884615 0.26476017548076924 0.6084234158653846 0.2590377451923077 0.592015016826923 0.25294612740384614 0.5805291370192308 0.2507309951923077 0.5703559302884615 0.24796207692307692 0.5654334110576923 0.25423828846153845 0.5729812740384616 0.2553458557692308 0.5742939471153846 0.26051450240384616 0.5877488341346153 0.26623693028846157 0.6051417355769231 0.2734361153846154 0.6153149423076922 0.27583584375
7 0.4790960144230769 0.34573519951923076 0.46952744711538463 0.35124268990384616 0.48332398798076925 0.3581270528846154 0.4995683028846154 0.3586277331730769 0.5006809254807693 0.36763999038461537 0.5175928149038461 0.3688916923076923 0.5287190576923076 0.3570005216346154 0.5514165937500001 0.3482386033653846 0.5487462956730769 0.32933789903846156 0.5531967932692308 0.31995013221153845 0.5291641081730769 0.32470660096153847 0.4942277043269231 0.3292127283653846 0.47820591586538463 0.33446987980769227 0.4790960144230769 0.34573519951923076
8 0.035221317307692304 0.0939429951923077 0.03886490144230769 0.08181669230769231 0.040383062500000004 0.06951959375 0.036132213942307694 0.057564081730769226 0.02671962019230769 0.058247254807692314 0.01730702644230769 0.06268787259615384 0.016092497596153846 0.07515576201923077 0.013359810096153845 0.08796524038461538 0.014877971153846155 0.09274744471153847 0.02337966826923077 0.0963340985576923 0.035221317307692304 0.0939429951923077
10 0.24746011778846155 0.06507897596153846 0.2462455889423077 0.07396021153846154 0.27387610576923077 0.07259386778846154 0.27235794471153846 0.06610373317307693 0.24746011778846155 0.06507897596153846
7 0.5058509903846153 0.7315133629807692 0.5067618846153846 0.7287806754807692 0.5073691490384615 0.7188746778846155 0.5091909423076924 0.7079439254807693 0.4955275 0.7041864783653846 0.48034589663461535 0.7014537908653846 0.4733623605769231 0.7091394759615385 0.47214783173076924 0.7146048533653846 0.47214783173076924 0.7279267091346154 0.48459674519230767 0.735100016826923 0.4949202355769231 0.7354416033653847 0.5058509903846153 0.7315133629807692
7 0.1436179591346154 0.7786522379807692 0.15940682451923077 0.800342951923077 0.1700339471153846 0.8015385048076923 0.18643007692307692 0.800342951923077 0.1821792283653846 0.7928280600961538 0.18521554807692306 0.7839468221153846 0.18400101923076925 0.7795062043269231 0.17944653846153846 0.7766027211538462 0.17944653846153846 0.7723328966346154 0.16912305048076923 0.7738700336538462 0.1436179591346154 0.7786522379807692
5 0.4089086057692307 0.4635175096153846 0.4089086057692307 0.45753092067307694 0.3939713052884616 0.4536448870192308 0.3922908581730769 0.4596314783653846 0.3965853341346154 0.4656180673076923 0.4085351730769231 0.46488287259615385 0.4089086057692307 0.4635175096153846
13 0.33814314423076924 0.03542380769230769 0.35177343028846153 0.0264964375 0.35532104086538463 0.014313201923076922 0.3357158317307692 0.00885175 0.3142434639423077 0.013893088942307692 0.3017334735576923 0.02292548798076923 0.3172309230769231 0.032693084134615386 0.3226456947115385 0.037419338942307694 0.33814314423076924 0.03542380769230769
6 0.5631362355769232 0.12007629326923076 0.5556675865384615 0.13457014182692306 0.5635096682692308 0.15956678124999998 0.5814344278846154 0.1574662235576923 0.6109355985576923 0.16607850961538462 0.6460382548076923 0.12280701682692308 0.6184042475961539 0.11965618028846155 0.6072012716346153 0.11188411538461539 0.5631362355769232 0.12007629326923076
6 0.7274465432692309 0.08268636057692308 0.7069077548076923 0.09739026682692307 0.7054140240384614 0.11398467548076924 0.7128826754807692 0.12259696153846153 0.7677772548076922 0.10537238701923077 0.8222984014423077 0.0772249110576923 0.8349951081730769 0.06840256730769231 0.7987721538461539 0.054328829326923074 0.7726318774038461 0.07764502163461538 0.7274465432692309 0.08268636057692308
11 0.5346857403846154 0.37091138942307694 0.5440468725961538 0.37462830769230765 0.5473508004807692 0.37184061778846156 0.5743328822115384 0.3544949951923077 0.5666237163461538 0.3479903846153846 0.5445975264423077 0.3513975625 0.5231219927884616 0.36347755048076924 0.5346857403846154 0.37091138942307694