8 0.37912578125 0.9947343653846155 0.37995176201923075 0.9982964110576924 0.384357 0.9989158990384616 0.38848691105769234 0.9914820600961539 0.39481943990384616 0.9849774495192307 0.3956454230769231 0.9749107932692307 0.3923414951923077 0.9711938750000001 0.3909648581730769 0.9656184951923077 0.38766092788461537 0.9628308052884615 0.3846323269230769 0.9580297860576923 0.37995176201923075 0.9592687572115385 0.37940110817307693 0.9645343942307693 0.37472054326923077 0.9696451586538462 0.3777491442307692 0.9759948966346154 0.3769231610576923 0.9832738629807692 0.37995176201923075 0.9896236009615385 0.37912578125 0.9947343653846155
6 0.9760355072115385 0.9746010504807692 0.979339435096154 0.96685746875 0.9474014615384616 0.9518349182692307 0.93831565625 0.9713487451923076 0.9507053894230769 0.9890041129807692 0.9567625913461538 0.9989158990384616 0.9977863677884616 0.9987610264423077 0.9752095240384615 0.986216423076923 0.9909031826923077 0.9824995048076922 0.9760355072115385 0.9746010504807692
6 0.9228973245192308 0.8493098918269231 0.8920606610576923 0.8644873124999999 0.905551701923077 0.879664733173077 0.9193180697115384 0.8770319158653846 0.9341857475961538 0.8922093365384616 0.9485027692307693 0.9039795817307692 0.9652977379807692 0.9101744471153845 0.9697029759615384 0.9061477836538461 0.9619938100961539 0.9016565072115384 0.9746588701923078 0.8997980480769231 0.9928304759615384 0.8967006153846153 0.9884252379807692 0.8787355048076922 0.9900772019230769 0.8714565360576922 0.9983370216346154 0.8595314206730769 0.9782381250000001 0.8542657836538462 0.9496040793269231 0.8482257908653845 0.922346670673077 0.8376945192307693 0.92207134375 0.8428052836538461 0.9306064903846154 0.8485355336538463 0.9228973245192308 0.8493098918269231
7 0.5773614831730769 0.9168339278846154 0.5908525240384616 0.9157498269230769 0.5792887740384616 0.910019576923077 0.5525820192307692 0.9080062451923077 0.5357870504807692 0.92364828125 0.5779121370192308 0.9368123701923078 0.5823173749999999 0.9261262259615385 0.5757095192307692 0.9219446923076924 0.5773614831730769 0.9168339278846154
8 0.7621061442307693 0.8116760817307692 0.7681633461538462 0.8073396778846154 0.7648594182692308 0.8039325 0.7582515600961539 0.8048617307692307 0.7458618293269231 0.8056360889423076 0.7345734086538461 0.8116760817307692 0.7122718918269231 0.8186453076923077 0.7161264735576923 0.8259242740384616 0.72411096875 0.830725295673077 0.729617514423077 0.8287119639423076 0.7367760264423077 0.8240658149038461 0.7483397764423076 0.819109920673077 0.7565995961538461 0.8170965913461538 0.7621061442307693 0.8116760817307692
8 0.18113943028846155 0.8403536346153846 0.18497063701923075 0.8383709855769231 0.19048757451923076 0.8336298677884616 0.18619662259615385 0.8301817836538461 0.17562249519230771 0.8306127932692308 0.16520161298076924 0.8357849230769231 0.16014442067307694 0.8376813701923077 0.15968467548076923 0.8399226249999999 0.15738595192307692 0.8406984447115384 0.1592249326923077 0.8432845072115385 0.16121715865384617 0.842594891826923 0.1664275985576923 0.8450085504807692 0.17347701923076922 0.84268109375 0.18113943028846155 0.8403536346153846
7 0.4094793245192308 0.88095484375 0.40978581971153843 0.8727656394230769 0.40334939423076926 0.8689727451923077 0.4054948701923077 0.8625075865384615 0.3995181875 0.8637144158653847 0.38388686538461536 0.8771619495192307 0.3846531081730769 0.8837133125 0.39323500961538466 0.8950919951923078 0.4038091394230769 0.9008675384615384 0.4113183028846154 0.8977642620192309 0.4094793245192308 0.88095484375
4 0.14359361057692308 0.8152688125 0.15018328605769232 0.8134585673076924 0.14865080288461538 0.8086312475961539 0.14834430528846154 0.8044935456730768 0.14926379567307693 0.796218139423077 0.14926379567307693 0.7939768846153845 0.13899616346153845 0.7910460120192307 0.13654418990384615 0.8072520144230769 0.13577794951923078 0.8111311105769231 0.13286623317307694 0.8148378028846154 0.14359361057692308 0.8152688125
9 0.10420881009615385 0.8095794711538461 0.11386344951923077 0.8093208653846153 0.12014662740384616 0.8060451826923077 0.12014662740384616 0.8017350769230769 0.11570242788461539 0.7972525649038461 0.10941925 0.7960457355769232 0.09945811298076923 0.7986318004807693 0.09746588701923077 0.8048383533653846 0.10420881009615385 0.8095794711538461
8 0.09761913461538461 0.8053555673076923 0.09761913461538461 0.7995800240384615 0.09394117788461538 0.7960457355769232 0.08857748798076924 0.7913908197115384 0.08352029567307692 0.7936320745192307 0.09041646634615384 0.8075968221153846 0.09761913461538461 0.8053555673076923
7 0.09823212740384615 0.7983731923076923 0.10650753365384615 0.796218139423077 0.11049198798076923 0.7944940961538461 0.11355695432692309 0.7895805745192307 0.11309720913461539 0.7861324903846154 0.11800115144230769 0.7844946490384616 0.11984013221153847 0.7815637764423078 0.12290509615384616 0.7807879567307693 0.1152426826923077 0.7738917860576924 0.10558804326923078 0.7790639134615385 0.10037760336538462 0.7794087211538462 0.09164245432692307 0.7847532548076923 0.08827099278846154 0.7908736057692308 0.09378792788461537 0.7958733317307692 0.09823212740384615 0.7983731923076923
8 0.19447202884615383 0.7800983389423077 0.19002782932692305 0.7778570841346154 0.18190567307692307 0.7725125504807693 0.1691860673076923 0.7657025817307692 0.16213664903846153 0.7709609134615385 0.16213664903846153 0.7725987524038461 0.17531599759615385 0.7779432860576924 0.18113943028846155 0.7789777115384615 0.18543038221153846 0.7808741586538462 0.18849534615384614 0.7813913725961539 0.1938590360576923 0.7822533918269231 0.19569801442307694 0.7813913725961539 0.19447202884615383 0.7800983389423077
8 0.13976240384615385 0.7920804375 0.14880405048076922 0.7937182764423076 0.15493398076923076 0.7941492884615384 0.15968467548076923 0.7906150000000001 0.15462748317307692 0.7896667764423076 0.15462748317307692 0.7857014783653846 0.15202226442307692 0.7856152764423077 0.1439001057692308 0.7840636370192308 0.13884291346153846 0.7869945096153846 0.13976240384615385 0.7920804375
7 0.6762845264423076 0.8075106201923077 0.6802689807692308 0.8111311105769231 0.6821079615384615 0.8190617067307693 0.69237559375 0.8225097932692308 0.7003445024038462 0.8216477716346154 0.7032562187500001 0.8231132067307693 0.6985055240384616 0.8245786442307692 0.7020302331730769 0.8271647091346155 0.7113783774038461 0.8244924423076923 0.7139835961538462 0.8175962716346153 0.7245577259615386 0.8144067908653846 0.7253239663461539 0.808545045673077 0.7323733870192307 0.8051831634615384 0.7313006490384615 0.8027695024038461 0.7358980961538462 0.8013040649038461 0.737583826923077 0.7951837139423077 0.7357448485576923 0.7917356274038462 0.7257837115384616 0.7918218317307691 0.7187342932692308 0.7845808509615384 0.7204200216346154 0.7802707427884615 0.7064744326923077 0.7736331778846155 0.693754826923077 0.7795811274038461 0.68685865625 0.7875979254807692 0.6863989110576922 0.7949251081730769 0.6842534350961539 0.8016488749999999 0.6798092355769231 0.8063899927884616 0.6762845264423076 0.8075106201923077
13 0.16337139182692306 0.7680398918269231 0.16360345432692308 0.7572055144230769 0.1619790216346154 0.7446741850961539 0.13714842548076922 0.732273391826923 0.13343543990384615 0.7333176682692308 0.13900492067307693 0.7450657884615384 0.12229648076923076 0.7487207596153845 0.12879420673076922 0.7566833749999999 0.13366750240384614 0.7586413942307693 0.12902626923076924 0.7688230985576923 0.13297131730769232 0.772217 0.16337139182692306 0.7680398918269231
7 0.19910888221153847 0.7527673341346154 0.21581732211538462 0.7484596899038463 0.2190661826923077 0.7463711370192307 0.20746310336538462 0.7313596490384615 0.20351805528846154 0.732142858173077 0.18402487740384615 0.7351451538461539 0.1914508485576923 0.7504177115384615 0.19910888221153847 0.7527673341346154
13 0.2492341971153846 0.7586413942307693 0.2585166610576923 0.7585108605769231 0.25782047836538463 0.7544642860576923 0.251786875 0.7526368004807692 0.24157616346153846 0.7553780288461538 0.2492341971153846 0.7586413942307693
2 0.3534298701923077 0.7698673774038463 0.3513413173076923 0.7780910600961538 0.3548222403846154 0.7803101514423076 0.3654970769230769 0.778743733173077 0.3719948028846154 0.7774383870192308 0.37083449278846153 0.7662124062500001 0.364568829326923 0.7645154543269231 0.3583031658653846 0.7617742259615384 0.3534298701923077 0.7698673774038463
8 0.11394226201923076 0.7219611538461539 0.11231783173076923 0.7244413125 0.11394226201923076 0.7287489567307692 0.11835143509615385 0.7301848365384616 0.12322472836538462 0.7351451538461539 0.1280980216346154 0.7395833341346154 0.1327392548076923 0.7397138677884616 0.13343543990384615 0.7364505024038461 0.13459574759615384 0.7329260649038462 0.13807667307692306 0.7309680456730769 0.13691636538461538 0.7296626995192308 0.13343543990384615 0.7271825384615384 0.12833008413461539 0.7277046778846153 0.12693771394230768 0.7240497067307692 0.12624152884615383 0.7197420625 0.11927968028846155 0.7192199254807693 0.11788731009615384 0.7185672524038461 0.11347813942307691 0.7205252716346154 0.11394226201923076 0.7219611538461539
6 0.0020885552884615387 0.7608604855769231 0.010210711538461538 0.7737834158653847 0.01833287019230769 0.7679093557692307 0.014851944711538462 0.7615131586538462 0.007658033653846153 0.7437604423076922 0.0009282475961538462 0.7465016706730769 0.0020885552884615387 0.7608604855769231
0 0.09539489903846153 0.7745858677884615 0.0874992548076923 0.7673778557692308 0.07856811778846154 0.7758236057692307 0.08659319951923077 0.7849246298076923 0.09539489903846153 0.7745858677884615
0 0.08102741826923077 0.7671594326923077 0.07856811778846154 0.7748771009615385 0.09215897836538461 0.7740034014423076 0.09293560096153845 0.7718191562500001 0.09410053125 0.7662129254807692 0.08102741826923077 0.7671594326923077
0 0.0933239110576923 0.7719647716346153 0.07817980769230769 0.7717463485576924 0.07520276201923076 0.7718919639423076 0.07300233653846154 0.7870360673076923 0.08762869230769231 0.787108875 0.0933239110576923 0.7719647716346153
0 0.09863081730769231 0.7774981947115385 0.09448884134615385 0.7607523125 0.07131965865384615 0.7750227163461538 0.08245122115384616 0.7898027764423077 0.09863081730769231 0.7774981947115385
0 0.09500658894230771 0.7625725168269231 0.09992518509615385 0.7772797692307692 0.1044554735576923 0.7723288125000001 0.0988896923076923 0.7619900504807693 0.09500658894230771 0.7625725168269231
9 0.1343597548076923 0.758555110576923 0.12554927884615383 0.7556899831730769 0.11632581009615385 0.7573161370192308 0.11357253846153846 0.7673827932692308 0.12114404086538462 0.7708674062499999 0.12844021634615385 0.7692412524038462 0.1343597548076923 0.758555110576923
7 0.6388639879807693 0.75602403125 0.6640011754807692 0.7764331754807692 0.6822612091346154 0.7665620865384616 0.6787040600961538 0.7617599350961538 0.6737240504807692 0.7597590384615385 0.6744354807692308 0.7570911778846153 0.6699297572115385 0.7497545576923077 0.6673211826923077 0.745752764423077 0.6654240360576923 0.7405504326923077 0.6642383197115385 0.7350813173076923 0.6590211682692307 0.7330804206730769 0.6350696971153845 0.74588615625 0.6388639879807693 0.75602403125
11 0.5843210360576923 0.7714976298076923 0.5987867740384616 0.7738987067307692 0.6089839350961539 0.7728315625 0.6111182259615384 0.7720312043269231 0.6108810817307693 0.7693633413461539 0.5788667403846154 0.7485540192307693 0.5572867019230769 0.7568243918269231 0.5684324350961538 0.7665620865384616 0.5843210360576923 0.7714976298076923
0 0.19005847836538464 0.6461531442307693 0.1721897331730769 0.6504934206730769 0.1689408701923077 0.6342744879807692 0.16487979326923077 0.626736110576923 0.14701104567307693 0.6292489038461538 0.14619882932692307 0.6578033629807692 0.15310266346153847 0.6763066514423077 0.19046458653846152 0.6747076033653846 0.1912768028846154 0.6685398389423077 0.19005847836538464 0.6461531442307693
0 0.17097141105769229 0.6338176177884616 0.17422027403846155 0.6502649855769231 0.20264782211538462 0.6404422524038461 0.20021117548076922 0.6299342115384616 0.1961500985576923 0.6271929831730769 0.1920890192307692 0.6237664471153846 0.1892462644230769 0.6237664471153846 0.18680961778846153 0.6219389615384615 0.19005847836538464 0.6182839903846153 0.19168291105769233 0.607547514423077 0.17828135096153847 0.5965826033653846 0.151072125 0.6070906442307693 0.15472709615384617 0.6098318701923077 0.17097141105769229 0.6338176177884616
2 0.16669399278846153 0.6770303870192307 0.16213951201923077 0.67685959375 0.13784894951923077 0.7243400552884616 0.1411889014423077 0.7248524350961538 0.16669399278846153 0.6770303870192307
2 0.1970571971153846 0.7362955673076923 0.20252257451923078 0.7357831874999999 0.2003971514423077 0.71221375 0.19978988701923078 0.64287178125 0.19402087740384613 0.6442381274038461 0.1970571971153846 0.7362955673076923
2 0.1994862548076923 0.6497035024038461 0.19553903846153847 0.6529485697115385 0.22802766586538462 0.711530579326923 0.23349304326923076 0.7096518557692307 0.1994862548076923 0.6497035024038461
2 0.20191531009615385 0.711530579326923 0.20525526442307693 0.7118721658653846 0.2010044158653846 0.661659014423077 0.19553903846153847 0.6558520528846153 0.20191531009615385 0.711530579326923
2 0.36101850240384614 0.6830081442307693 0.36132213461538465 0.6758348365384615 0.3531240697115384 0.6727605625 0.32731534615384617 0.6742976995192307 0.32033181009615386 0.6778843533653846 0.3166882235576923 0.6801046610576923 0.32215360096153844 0.6865947980769231 0.3327807235576923 0.6900106586538463 0.3479623245192308 0.6900106586538463 0.35585675961538465 0.6898398653846154 0.35767855048076924 0.6869363822115384 0.36101850240384614 0.6830081442307693
8 0.3907971298076923 0.6765140817307693 0.3947181706730769 0.6768291658653846 0.39565175240384615 0.6739934134615384 0.39173070913461533 0.6725230216346154 0.3868760865384615 0.6701073798076924 0.37417938221153846 0.66832190625 0.35644133653846155 0.6663263774038461 0.35364059375 0.6719978822115386 0.3573749182692308 0.6739934134615384 0.3719387860576923 0.6757788870192307 0.38500892548076926 0.6768291658653846 0.38818310096153846 0.6767241370192308 0.3907971298076923 0.6765140817307693
10 0.38668937019230765 0.6759889423076924 0.3896768317307692 0.6794548629807693 0.4025602524038462 0.6825006730769231 0.4068547283653846 0.6819755336538461 0.41002890384615387 0.6802950865384615 0.4105890528846154 0.6777744158653847 0.40629457932692303 0.6748336346153846 0.3990126442307692 0.6719978822115386 0.39733219711538464 0.6704224639423076 0.39061041346153846 0.6713677163461539 0.38668937019230765 0.6759889423076924
7 0.35718820192307693 0.6655911802884616 0.36895132692307697 0.6675867115384615 0.37922072115384614 0.6686369903846153 0.38220818028846154 0.6638057067307692 0.3838886274038461 0.6579241442307692 0.3829550456730769 0.6551934182692307 0.3734325168269231 0.6539330841346154 0.3657771514423077 0.6504671634615384 0.36204282451923075 0.6426951009615384 0.34542507932692307 0.6478414663461538 0.3372095625 0.6541431394230769 0.3327283725961539 0.6570839206730769 0.3383298605769231 0.6619152043269231 0.3482258221153846 0.6640157620192307 0.35718820192307693 0.6655911802884616
4 0.29613198557692305 0.6790347524038461 0.28885005288461535 0.6775643605769232 0.28511572596153845 0.6801900576923077 0.28306184855769234 0.6892224567307692 0.28922348557692307 0.690797875 0.29519840384615387 0.6912179879807692 0.3000530264423077 0.6896425697115384 0.30154675721153845 0.6879621225961539 0.30341392067307693 0.6847062572115384 0.29781243269230767 0.6816604495192308 0.29613198557692305 0.6790347524038461
7 0.11128288942307692 0.7295531682692308 0.11165632211538462 0.7220961899038462 0.11445706730769231 0.7178950721153845 0.11146960576923076 0.7112783149038461 0.11520393028846154 0.7099129519230769 0.11632422836538461 0.714324125 0.1241663125 0.7133788725961538 0.12734048798076925 0.7069721706730768 0.1234194471153846 0.6942637956730769 0.12453974519230769 0.6861766490384615 0.11949840625 0.6843911754807692 0.10157364423076923 0.698149829326923 0.0937315625 0.7072872548076923 0.10045334615384616 0.7172649062500001 0.11128288942307692 0.7295531682692308
13 0.11688437740384615 0.6836559783653846 0.11277662019230769 0.6742034687499999 0.10400095673076923 0.6739934134615384 0.1006400625 0.6790347524038461 0.09877290144230769 0.6879621225961539 0.08850350721153846 0.6905878197115385 0.08252858653846154 0.6974146322115384 0.09970648317307693 0.6980448004807692 0.1148305 0.6872269278846154 0.11688437740384615 0.6836559783653846
7 0.07823411298076924 0.7105431201923077 0.07786068028846153 0.7057118365384615 0.05601487740384615 0.7069721706730768 0.05022667307692308 0.7108582043269231 0.05564144471153846 0.7158995432692308 0.048172795673076925 0.7183151850961539 0.05732189182692308 0.7218861322115384 0.06423039182692308 0.7219911610576923 0.0722591923076923 0.7215710504807693 0.08066142307692308 0.7201006586538461 0.0862629110576923 0.7163196538461538 0.07823411298076924 0.7105431201923077
6 0.08756992548076922 0.6901677091346153 0.09746588701923077 0.6870168725961538 0.09895961778846153 0.6818705048076924 0.09933305048076924 0.6745185528846154 0.09914633413461539 0.6676917379807693 0.08925037259615384 0.6622302884615384 0.06703113701923077 0.6738883846153846 0.07916769471153845 0.690272735576923 0.08327545192307693 0.6925833509615384 0.08756992548076922 0.6901677091346153
0 0.051533687499999994 0.6890124014423077 0.04518533413461538 0.6797699471153845 0.03809011778846154 0.6714727427884615 0.02016535576923077 0.6630705120192307 0.011389692307692307 0.6655911802884616 0.01082954326923077 0.67714425 0.03211519711538462 0.685441454326923 0.03995727884615385 0.6976246899038461 0.044998617788461544 0.6955241322115384 0.051533687499999994 0.6890124014423077
8 0.14769256009615386 0.7365900384615384 0.15161360096153847 0.7374302620192308 0.15348076442307693 0.7339643413461538 0.15572136057692307 0.7324939495192309 0.15441434615384614 0.7261922764423077 0.15292061538461538 0.7211509374999999 0.14507853365384615 0.7203107139423076 0.14470510096153846 0.7301833365384615 0.14769256009615386 0.7365900384615384
6 0.06553740625 0.7268224447115385 0.07431306971153846 0.7233565240384615 0.07244590865384616 0.7217811057692308 0.03584952163461538 0.7249319423076923 0.03603623798076923 0.7344894807692307 0.056761742788461536 0.7315486995192307 0.056388310096153846 0.7280827788461538 0.058628906249999994 0.726507360576923 0.06553740625 0.7268224447115385
6 0.11352348557692307 0.7438369639423077 0.11034930769230769 0.737325233173077 0.10306737499999999 0.734384451923077 0.09951976682692307 0.7398459038461538 0.08458246634615385 0.7498235528846154 0.08215515384615385 0.7585408677884615 0.09186439903846154 0.7577006442307692 0.10362752403846155 0.7543397524038462 0.10530796875000001 0.7501386370192308 0.11352348557692307 0.7438369639423077
6 0.10007991346153845 0.7188403245192307 0.07562008413461538 0.7223062451923077 0.06647098798076924 0.7288179735576924 0.06647098798076924 0.7361699278846154 0.07076546153846154 0.7398459038461538 0.06273666346153847 0.7425766274038461 0.08551604567307693 0.7482481346153846 0.09951976682692307 0.735329704326923 0.10082677884615385 0.7329140625 0.10456110576923076 0.7245118293269232 0.10007991346153845 0.7188403245192307
1 0.6890798100961538 0.7574633605769231 0.7580680096153846 0.7669392091346154 0.7660898942307692 0.7522742043269232 0.8547317091346154 0.7380604278846155 0.8162266658653846 0.67488809375 0.7223706274038462 0.6674427836538462 0.7303925096153846 0.6843639447115385 0.7219695336538462 0.6927117187499999 0.7271837572115385 0.6983521033653847 0.734804545673077 0.7021875673076923 0.7259804735576924 0.7242978846153847 0.7023159182692308 0.7220417307692307 0.6902830913461538 0.7224929615384615 0.6862721514423077 0.7168525745192308 0.678250266826923 0.7197855745192308 0.6890798100961538 0.7574633605769231
8 0.7139476490384615 0.6426250817307693 0.7199640625 0.6466861610576923 0.732799076923077 0.6466861610576923 0.7400187716346154 0.6437531586538461 0.7360078293269231 0.6354053870192308 0.732799076923077 0.6238989975961539 0.7364089230769231 0.6135206850961539 0.7271837572115385 0.605624141826923 0.7275848509615385 0.6024655264423078 0.7183596850961538 0.6015630649038461 0.7167553076923077 0.6076546826923077 0.7115410841346154 0.6146487620192308 0.7135465552884616 0.6232221490384616 0.7147498365384616 0.629765 0.7139476490384615 0.6426250817307693
6 0.5952237692307693 0.6288625360576923 0.5811854735576923 0.612392608173077 0.4869283413461538 0.6225453028846153 0.489736 0.6250270745192308 0.5258344759615384 0.6324723846153847 0.5527077860576923 0.6322467692307693 0.5952237692307693 0.6288625360576923
6 0.5256290384615384 0.5972103365384616 0.5227235504807692 0.5914158701923077 0.5184973870192308 0.5894843822115384 0.5087243846153846 0.5945359663461539 0.5100450624999999 0.5976560649038462 0.5208746057692308 0.6028562259615384 0.5264214423076923 0.6070163557692307 0.5309117427884615 0.6087992668269231 0.53513790625 0.6080563870192308 0.5338172283653846 0.6046391394230769 0.5338172283653846 0.6007761610576924 0.5256290384615384 0.5972103365384616
7 0.4271066105769231 0.6720926634615385 0.43925682932692306 0.6735784254807692 0.4455960745192308 0.6664467740384615 0.4442753990384615 0.6570864831730769 0.4403133701923077 0.6452003990384616 0.43133277403846154 0.6438632139423077 0.4286914206730769 0.6414859975961539 0.41759774278846157 0.6432689110576923 0.41548466105769233 0.6496576802884615 0.4197108245192308 0.650251985576923 0.41812601442307695 0.6553035697115385 0.4199749591346154 0.6615437644230769 0.4271066105769231 0.6720926634615385
7 0.4300120985576923 0.6419317259615384 0.43820028846153847 0.6452003990384616 0.4403133701923077 0.6509948653846155 0.44691675000000003 0.6575322115384614 0.45378426442307696 0.6578293629807692 0.46514207932692303 0.6576807884615385 0.46699102403846154 0.6550064182692308 0.4646138076923077 0.6506977139423077 0.4572180216346154 0.6435660624999999 0.4569538870192308 0.6368801418269231 0.44506780288461534 0.6298970673076922 0.43133277403846154 0.6284113052884616 0.42737074519230767 0.6342057716346154 0.4289555576923077 0.6386630528846153 0.4300120985576923 0.6419317259615384
4 0.863457951923077 0.6884360288461538 0.8708537379807691 0.6845730528846155 0.8742874951923076 0.6795214663461538 0.8742874951923076 0.6712012067307692 0.8658351682692308 0.6581265144230769 0.8494587860576923 0.6701611754807693 0.835987891826923 0.6783328581730769 0.8381009735576923 0.6826415625 0.8439119471153845 0.6875445721153847 0.8454967596153846 0.691704701923077 0.8610807355769231 0.6922990072115385 0.863457951923077 0.6884360288461538
7 0.2834722139423077 0.6734625024038461 0.29507529567307694 0.6706509855769232 0.2952538052884615 0.6687431730769231 0.30578583173076923 0.6642246634615384 0.30132310817307695 0.6614131490384616 0.29864547355769233 0.6576979302884615 0.2957893317307692 0.6528781899038462 0.2920406418269231 0.653781889423077 0.2859713389423077 0.6558905264423077 0.2761533461538461 0.6552880600961538 0.26508579086538464 0.6530790120192307 0.25865946875 0.6577983413461539 0.2643717548076923 0.6650279543269231 0.27276167548076924 0.6704501634615384 0.2834722139423077 0.6734625024038461
7 0.019457475961538462 0.644443641826923 0.02945397596153846 0.6457489879807692 0.026062307692307694 0.6392222548076922 0.021242564903846153 0.6320930528846154 0.01892194951923077 0.6261687884615385 0.021242564903846153 0.6217506899038461 0.019993002403846154 0.6161276586538461 0.01035351923076923 0.6145210793269231 0.01035351923076923 0.6186379399038462 0.0007140360576923077 0.6223531586538461 0.0008925456730769231 0.6344025120192308 0.009282466346153847 0.64414240625 0.019457475961538462 0.644443641826923
10 0.07051103605769231 0.6561917620192308 0.07015401682692307 0.6622164374999999 0.07640183173076923 0.6648271322115384 0.09032552884615384 0.6621160264423077 0.09211061778846154 0.6576979302884615 0.08729087740384614 0.6544847692307693 0.07836543028846155 0.6550872379807693 0.07051103605769231 0.6561917620192308
8 0.09889395913461539 0.6707513966346154 0.10121457451923077 0.6756715504807692 0.10621282451923077 0.6722575673076924 0.1092474783653846 0.6553884711538461 0.11031853124999999 0.6423350048076923 0.10264264663461538 0.6426362379807693 0.1013930841346154 0.6644254879807693 0.09889395913461539 0.6707513966346154
6 0.06265664182692307 0.6692452283653847 0.06247813221153846 0.6577983413461539 0.05908646153846154 0.6486609158653847 0.04801890865384616 0.6472551562500001 0.03605880769230769 0.6428370600961538 0.03320266586538462 0.6451465192307692 0.03266713701923077 0.66281890625 0.04551978125 0.6670361802884616 0.058193918269230774 0.6750690841346153 0.06265664182692307 0.6692452283653847
4 0.24384322596153846 0.6325951105769231 0.24991253125 0.6246626177884615 0.23170461778846155 0.6227548028846154 0.22938400240384615 0.6257671418269232 0.22938400240384615 0.6343021009615384 0.23331119711538462 0.6415317139423077 0.24187962740384616 0.644443641826923 0.24741340625 0.6413308918269232 0.2495555120192308 0.6373144399038462 0.24384322596153846 0.6325951105769231
10 0.13530978365384616 0.6793867692307691 0.1344172403846154 0.6714542764423077 0.13209662259615385 0.6695464615384614 0.12549179326923077 0.6686427596153847 0.12031503365384616 0.6708518100961538 0.11674485336538462 0.6767760745192307 0.12031503365384616 0.6809933485576922 0.12477775721153847 0.6819974615384615 0.1331676778846154 0.6812945817307692 0.13530978365384616 0.6793867692307691
9 0.10764089663461539 0.6177342403846153 0.11246063942307692 0.6208469903846154 0.11781590625 0.6205457548076924 0.12317117548076924 0.6155251923076922 0.1171018701923077 0.6097013365384615 0.1072838798076923 0.6097013365384615 0.10407071875 0.6125128533653846 0.10764089663461539 0.6177342403846153
6 0.04605531009615385 0.6316914086538462 0.05980049759615384 0.6284782475961539 0.04801890865384616 0.6190395865384615 0.032310120192307695 0.6275745456730769 0.032310120192307695 0.6377160841346154 0.035701790865384615 0.6402263677884614 0.039093459134615385 0.6392222548076922 0.03962898798076923 0.6369127956730769 0.04605531009615385 0.6316914086538462
7 0.2035002043269231 0.6254659086538462 0.21438925 0.6232568605769231 0.22206513461538463 0.6218511009615385 0.22474276923076925 0.6184371177884616 0.21813793750000002 0.61231203125 0.21349670432692308 0.6092996923076923 0.21010503365384617 0.6023713125 0.2035002043269231 0.601467610576923 0.19850195192307693 0.6046807716346154 0.20367871153846154 0.6088980456730769 0.19671686298076924 0.61110709375 0.19618133653846154 0.6154247788461539 0.19350370192307692 0.6183367067307692 0.1883269423076923 0.6215498677884616 0.19350370192307692 0.623859326923077 0.2035002043269231 0.6254659086538462
13 0.19921598798076923 0.5833935793269232 0.19725238942307693 0.5736536850961539 0.19207562980769233 0.56682571875 0.18529229086538462 0.5632109110576923 0.1831501826923077 0.56682571875 0.1806510576923077 0.5700388798076923 0.1820791298076923 0.5772684927884616 0.18582781730769232 0.5850001610576923 0.19154010336538463 0.5893178461538462 0.19582431971153846 0.5884141442307692 0.19921598798076923 0.5833935793269232
13 0.17333218990384613 0.5920289495192308 0.18422123798076925 0.5912256610576923 0.1897550144230769 0.5898199014423077 0.18600632692307692 0.5851005721153846 0.18136509375 0.5776701370192308 0.17975851201923077 0.570842170673077 0.1822576394230769 0.5675285961538461 0.17386771874999998 0.5661228389423077 0.16654885096153846 0.5686331201923077 0.15940849278846156 0.5745573870192308 0.1579804206730769 0.5803812427884615 0.16083656490384615 0.5854018052884615 0.16637034134615383 0.5889162019230769 0.17333218990384613 0.5920289495192308
13 0.1463773389423077 0.5940371754807692 0.1415575985576923 0.5912256610576923 0.13566680288461538 0.5973507475961538 0.13638083894230768 0.6053836514423077 0.1401295264423077 0.609500514423077 0.1458418125 0.6130149086538462 0.1503045360576923 0.6129144975961538 0.1533391875 0.6099021586538462 0.15262515384615385 0.6050824182692307 0.1503045360576923 0.5993589735576923 0.1463773389423077 0.5940371754807692
9 0.12513477403846154 0.6194412307692307 0.13245364182692307 0.6200436995192308 0.13602381971153846 0.621951514423077 0.14262865144230769 0.6177342403846153 0.14441374038461538 0.6121112067307692 0.13691636538461538 0.6090988677884616 0.1344172403846154 0.6076931105769231 0.12531328365384614 0.6169309495192308 0.12513477403846154 0.6194412307692307
4 0.10442773557692307 0.6160272475961539 0.09871544951923077 0.6147219014423076 0.09675185096153846 0.609500514423077 0.08871894951923077 0.6096009254807693 0.08782640384615384 0.6131153197115384 0.0830066610576923 0.6184371177884616 0.08657684134615384 0.6187383533653846 0.09353868990384616 0.6234576826923077 0.09835843269230769 0.6230560384615385 0.10746238942307693 0.6189391754807693 0.10442773557692307 0.6160272475961539
6 0.09925097596153847 0.6008651442307692 0.10656984375 0.6039778942307692 0.11406721875 0.5982544495192308 0.1097830048076923 0.5943384110576923 0.1067483533653846 0.5889162019230769 0.11442423798076923 0.5822890552884615 0.11942248798076924 0.5790758942307692 0.11745888942307693 0.5741557427884616 0.11299616586538462 0.5734528629807693 0.10299966346153845 0.5731516298076923 0.09228912740384615 0.5902215480769231 0.09782290384615384 0.5953425240384616 0.1021071201923077 0.5987565072115385 0.09925097596153847 0.6008651442307692
13 0.06694085576923077 0.5609014519230769 0.05730137259615385 0.5664240721153846 0.06265664182692307 0.5716454591346154 0.07158208894230769 0.5726495721153846 0.07747288461538462 0.569336 0.07211761538461538 0.5661228389423077 0.07497375961538462 0.5627088557692308 0.07176059855769232 0.560298985576923 0.06694085576923077 0.5609014519230769
4 0.023206163461538462 0.6069902307692308 0.027847396634615385 0.6099021586538462 0.03302415625 0.609500514423077 0.03427371875 0.6064881754807693 0.035701790865384615 0.6052832403846155 0.031060557692307693 0.6018692572115385 0.024812742788461538 0.6023713125 0.023206163461538462 0.6069902307692308
13 0.3175674230769231 0.5660224278846153 0.32095909375 0.5560817115384615 0.3195310216346154 0.5499566225961539 0.3098915384615385 0.5477475745192307 0.29346871394230767 0.5544751298076923 0.28686388221153847 0.5650183149038461 0.2873994110576923 0.5746577980769231 0.29507529567307694 0.5784734278846154 0.30507179567307696 0.5767664350961538 0.31167662740384616 0.5719466947115385 0.3175674230769231 0.5660224278846153
7 0.28704239182692304 0.5928322403846153 0.27900949038461537 0.5899203125 0.2797235264423077 0.587711264423077 0.2829366875 0.5790758942307692 0.2832937043269231 0.5752602668269231 0.26758491586538463 0.5757623221153846 0.2674064086538462 0.5774693149038461 0.2631221923076923 0.5823894663461539 0.2629436826923077 0.5897194903846154 0.2699055336538462 0.5947400552884615 0.2827581778846154 0.5943384110576923 0.28704239182692304 0.5928322403846153
8 0.28632835576923077 0.5760635552884615 0.27918799759615387 0.5895186682692308 0.28418625 0.5919285384615385 0.2900770456730769 0.5921293629807692 0.29346871394230767 0.5867071514423077 0.2952538052884615 0.5787746610576924 0.28936300961538464 0.5769672572115385 0.28632835576923077 0.5760635552884615
6 0.3006090721153846 0.6237589158653846 0.30417925240384613 0.6156256033653846 0.2911480985576923 0.6108058605769231 0.2873994110576923 0.6148223125000001 0.28989853605769234 0.6175334158653847 0.28579282932692307 0.6185375288461539 0.3006090721153846 0.6237589158653846
6 0.2948967860576923 0.6411300697115384 0.30400074278846156 0.641632125 0.30328670673076924 0.6323942860576923 0.29453976923076924 0.6333983990384616 0.2948967860576923 0.6411300697115384
7 0.22063706249999998 0.6149227235576923 0.2283129471153846 0.6174330048076923 0.23509628846153846 0.6141194326923076 0.2491984951923077 0.6049820072115385 0.2491984951923077 0.6019696682692308 0.24509278846153848 0.5943384110576923 0.24259366346153846 0.5889162019230769 0.24580682451923078 0.5856026274038462 0.24652086057692307 0.5796783629807692 0.23099058173076925 0.5795779519230769 0.22581382211538464 0.5818874110576924 0.21885197355769231 0.5909244254807692 0.21349670432692308 0.5980536274038462 0.21278266826923076 0.6052832403846155 0.22063706249999998 0.6149227235576923
2 0.6024677067307692 0.5828915240384616 0.6038957788461539 0.5804816538461538 0.6001470913461538 0.5753606778846154 0.5935422596153846 0.5670265408653846 0.5855093581730769 0.5664240721153846 0.5790830360576923 0.572147516826923 0.5899720817307692 0.5853013942307692 0.5963984038461538 0.5862050961538462 0.6058593774038461 0.5954429350961539 0.6088940288461538 0.5921293629807692 0.6024677067307692 0.5828915240384616
8 0.6881520048076923 0.5758627331730769 0.6879734951923078 0.5719466947115385 0.6906511298076924 0.567729420673077 0.6929717451923078 0.564616670673077 0.6958278894230769 0.5603993966346154 0.6922577091346154 0.5571862355769232 0.6943998173076923 0.5544751298076923 0.6910081466346154 0.5518644375 0.6844033173076922 0.5542743076923077 0.6779769927884616 0.5592948725961538 0.6656598774038461 0.5798791850961538 0.6708366346153846 0.5832931682692307 0.6795835745192308 0.5836948149038462 0.6831537524038461 0.5826907019230769 0.6833322620192307 0.5809837091346154 0.6847603341346153 0.5784734278846154 0.6881520048076923 0.5758627331730769
8 0.7222472139423076 0.5294727211538461 0.6935072716346155 0.5401163173076923 0.6915436730769231 0.5465426394230769 0.7022542115384615 0.5499566225961539 0.7065384254807692 0.5490529206730769 0.7083235144230768 0.5448356466346154 0.7140358028846154 0.5431286538461538 0.7172489639423076 0.5431286538461538 0.7181415072115385 0.541622485576923 0.7095730769230768 0.5380076802884616 0.7143928197115385 0.533489170673077 0.7229612500000001 0.5325854711538461 0.7222472139423076 0.5294727211538461
4 0.7281380096153847 0.5473459278846154 0.7615191826923078 0.5382085024038461 0.7591985673076922 0.52133940625 0.7236752860576924 0.5267616153846154 0.7281380096153847 0.5473459278846154
7 0.6858313870192307 0.5529689615384615 0.6890445480769232 0.5505590889423077 0.6952923629807692 0.5378068557692308 0.6913651658653847 0.5362002764423077 0.6736927788461539 0.5404175504807692 0.6740497980769231 0.5376060336538462 0.6658383846153846 0.5363006875 0.6633392596153846 0.5427270096153847 0.6586980264423077 0.5476471634615385 0.6685160192307692 0.5551780096153845 0.6719076899038462 0.5585919927884615 0.6751208509615385 0.5590940480769231 0.6817256826923077 0.5557804759615385 0.6858313870192307 0.5529689615384615
7 0.7662477716346154 0.5244649735576923 0.7710865024038461 0.538462735576923 0.7856026995192308 0.5464336826923077 0.7928607956730769 0.5520716682692307 0.8008101418269231 0.5596537884615385 0.8149807139423076 0.5631532283653846 0.8225844350961539 0.5615979230769231 0.8450499783653846 0.5596537884615385 0.8637136586538462 0.5553766947115385 0.8820317139423076 0.5489610552884615 0.893782920673077 0.5435174807692308 0.9041516322115384 0.5357409471153847 0.901386641826923 0.5336024014423077 0.8951654158653847 0.5266035216346154 0.8885985649038461 0.5141610673076923 0.8875616947115385 0.5075510144230769 0.8813404663461538 0.501135375 0.88099484375 0.49705269471153846 0.8633680336538462 0.4908314663461538 0.8367550072115384 0.4949141466346154 0.81359821875 0.5003577211538461 0.7938976682692308 0.5085230817307692 0.7797270961538462 0.5155219615384615 0.7662477716346154 0.5244649735576923
7 0.7866395697115384 0.4966638677884615 0.7869851947115385 0.503273920673077 0.7907870552884616 0.5093007331730769 0.8053032499999999 0.5040515745192308 0.8149807139423076 0.4980247596153846 0.8312250288461538 0.4953029735576923 0.8409024927884615 0.49433090625000004 0.8412481153846154 0.4886929206730769 0.8357181370192308 0.48461024038461537 0.8194738221153847 0.4770281201923077 0.8142894663461538 0.47916666586538464 0.8132525961538462 0.4809163870192308 0.8104876057692307 0.48266610576923075 0.8059944975961538 0.47994431971153845 0.8015013894230769 0.4789722524038461 0.7956257860576923 0.48169404086538464 0.7859483221153846 0.4813052139423077 0.7911326778846154 0.48908174759615386 0.7866395697115384 0.4966638677884615
2 0.7033788173076924 0.5136278197115385 0.7087162355769231 0.5107560576923077 0.7077879879807691 0.5080148293269231 0.6964169687499999 0.5082758990384615 0.6813329615384615 0.5097117788461538 0.6616077235576923 0.5112781947115385 0.6448992860576923 0.5144110264423077 0.6425786682692307 0.5196324134615384 0.6481481490384616 0.5244621971153847 0.6602153533653846 0.5238095240384616 0.674835235576923 0.5210682956730769 0.6871345024038462 0.5185881370192308 0.6917757355769231 0.5159774447115384 0.7033788173076924 0.5136278197115385
2 0.6263343533653847 0.52172096875 0.63724125 0.5219820384615385 0.6476840240384616 0.5102339182692307 0.6534855649038461 0.5022713028846154 0.6520931947115384 0.4960056394230769 0.6576626754807692 0.4889567668269231 0.6576626754807692 0.48582393509615385 0.6516290721153847 0.48491019230769233 0.6423466081730769 0.49300334134615387 0.6409542379807692 0.49561403605769233 0.6330641418269232 0.4977025889423077 0.6235496153846154 0.5127140769230769 0.6198366298076923 0.5180659975961539 0.6263343533653847 0.52172096875
2 0.6100900408653847 0.49639724278846153 0.6114824086538462 0.4928728076923077 0.5899006778846154 0.4829521730769231 0.5778334735576923 0.48034147836538466 0.5715678076923077 0.4829521730769231 0.5731922403846154 0.48804302403846156 0.5952380961538462 0.5008354230769231 0.6056808677884615 0.5033155817307692 0.6186763197115385 0.5076232259615385 0.6235496153846154 0.5046209278846153 0.6100900408653847 0.49639724278846153
8 0.5523066923076922 0.4708124471153846 0.5520746298076923 0.4743368846153846 0.558340295673077 0.4747284879807693 0.5697113149038462 0.4781223894230769 0.5868838774038462 0.47681704326923074 0.6028961298076922 0.47394527884615384 0.6189083822115384 0.4736842115384615 0.6258702307692308 0.47120405288461537 0.6321358942307692 0.4685933581730769 0.6285674254807693 0.46652747115384613 0.6298152788461538 0.4659826658653846 0.621693122596154 0.4616750216346154 0.6205328125 0.4568452379807692 0.6019678822115385 0.45906432692307697 0.5899006778846154 0.46050020913461537 0.5697113149038462 0.46258876442307695 0.5581082331730769 0.4676796153846154 0.5562517403846153 0.46963763461538466 0.5523066923076922 0.4708124471153846
8 0.4374361826923077 0.5457393485576923 0.4346514423076923 0.5428675865384616 0.4290819639423077 0.5422149134615385 0.4186391899038462 0.5461309519230769 0.4133017740384615 0.5504385961538462 0.4137658966346154 0.555790516826923 0.4158544519230769 0.5568347956730769 0.4237445456730769 0.5561821225961538 0.4249048557692308 0.5526576850961539 0.43325907451923074 0.5505691322115385 0.4374361826923077 0.5457393485576923
8 0.36766834615384614 0.5621272644230769 0.3699200336538461 0.5680982572115385 0.3699200336538461 0.5747930048076924 0.37667509375 0.5700885865384615 0.38536017307692305 0.5688220144230769 0.39050688701923075 0.5653841706730769 0.39050688701923075 0.5626700817307693 0.38568184375 0.5585084831730769 0.37538841586538463 0.5597750552884615 0.36766834615384614 0.5621272644230769
7 0.7427350913461539 0.4535637764423077 0.7263299423076923 0.4550112908653846 0.7179665336538462 0.4584491346153846 0.7041347403846154 0.4662295168269231 0.6928763052884614 0.4714767524038462 0.6970580096153847 0.47600023076923076 0.7102464639423077 0.48215216346153844 0.7234349158653846 0.4872184591346154 0.7292249687500001 0.4872184591346154 0.7408050745192308 0.4879422163461538 0.7539935288461539 0.4864947019230769 0.7671819807692307 0.4803427716346154 0.7739370432692307 0.4727433269230769 0.773293704326923 0.46514388221153846 0.7671819807692307 0.45555410817307695 0.7742587115384616 0.44831654326923076 0.7655736346153846 0.4481356033653846 0.7523851802884616 0.4524781418269231 0.7427350913461539 0.4535637764423077
8 0.6565815745192308 0.4751724615384615 0.6606669711538462 0.47801764903846156 0.6686432211538461 0.4769233461538462 0.6719504471153847 0.4788930913461539 0.6842066346153846 0.4814099879807693 0.689070201923077 0.48130055769230773 0.6904320024038462 0.4773610673076923 0.6884865745192308 0.4759384735576923 0.68401209375 0.4724367067307692 0.6768140144230769 0.4711235432692308 0.6711722740384616 0.47156126442307694 0.6696159326923077 0.47046696153846157 0.6616396826923077 0.46904436778846154 0.6561924879807692 0.4699198100961538 0.6524961778846153 0.47298385576923074 0.6565815745192308 0.4751724615384615
8 0.6594997139423077 0.4687160769230769 0.6649469086538461 0.4656520288461538 0.6686432211538461 0.4636822836538462 0.6735067884615386 0.46204083173076926 0.675257670673077 0.46018051682692307 0.6750631298076922 0.4584296322115385 0.6766194711538461 0.4558033052884615 0.6709777331730769 0.45613159615384613 0.6684486778846155 0.4532864086538462 0.6610560552884616 0.45733532932692306 0.6515234639423078 0.46127481971153844 0.6480216947115385 0.46346342307692306 0.6431581274038461 0.46608975 0.6452980985576923 0.4694820889423077 0.6489944086538462 0.4705763918269231 0.651134377403846 0.46904436778846154 0.6594997139423077 0.4687160769230769
8 0.4678751658653846 0.5001225625 0.46904242307692307 0.5048280625 0.4772132139423077 0.5144579254807693 0.4816876971153846 0.5181785552884615 0.48421675240384615 0.5165371009615385 0.4803258990384615 0.5131447620192308 0.48830214903846153 0.5069072379807692 0.4828549519230769 0.5024205985576923 0.4721551057692308 0.5020923076923076 0.4678751658653846 0.5001225625
2 0.4974456538461538 0.4753913221153846 0.5071727884615385 0.46652747115384613 0.5036710216346154 0.4635728533653846 0.49044211778846153 0.47232727403846153 0.48304949519230767 0.47353100721153846 0.4637897692307692 0.49049269951923075 0.4709878485576923 0.49377560576923074 0.47818592788461534 0.49486990865384617 0.49725111057692306 0.4792213822115385 0.4974456538461538 0.4753913221153846
8 0.4575644038461538 0.5262763942307692 0.45834257451923077 0.5289027211538462 0.4643733966346154 0.5316384783653846 0.4791586418269231 0.5319667692307692 0.4849949230769231 0.5310913269230769 0.4859676346153846 0.5281367091346154 0.4849949230769231 0.5264952548076923 0.4760459591346154 0.5269329759615384 0.4721551057692308 0.5239783581730769 0.46690245192307694 0.5247443701923077 0.46126071394230767 0.5261669639423077 0.4575644038461538 0.5262763942307692
8 0.46612428125 0.522993485576923 0.4651515673076923 0.5216803245192307 0.4649570264423077 0.5197105793269231 0.45814803125000003 0.513582483173077 0.4486154399038461 0.5073449591346153 0.43635925000000003 0.49651136298076926 0.42643757211538463 0.5040620504807692 0.44239007451923074 0.515005076923077 0.44589184134615384 0.5201483004807692 0.45814803125000003 0.5236500673076923 0.46067708653846157 0.5252915216346155 0.4643733966346154 0.5246349399038461 0.46612428125 0.522993485576923
8 0.4451136706730769 0.5043903413461538 0.45231175 0.5100807163461538 0.46067708653846157 0.515005076923077 0.46417885576923074 0.5158805192307692 0.4663188245192308 0.51664653125 0.4704042211538461 0.5145673557692307 0.47254418990384617 0.5116127403846155 0.4704042211538461 0.5084392620192307 0.46476248317307695 0.5049374927884616 0.46126071394230767 0.5022017379807692 0.4544517211538462 0.4988093990384615 0.4480318125 0.4983716778846154 0.4456972980769231 0.49848110817307695 0.44414095673076925 0.5001225625 0.4451136706730769 0.5043903413461538
8 0.4902475745192308 0.4691537980769231 0.4814931538461539 0.46302570192307696 0.4620388846153846 0.47867423076923077 0.4632061418269231 0.4838174519230769 0.46865333653846153 0.4848023245192307 0.4822713245192308 0.47462531009615383 0.4902475745192308 0.4691537980769231
2 0.47468415865384617 0.46860664663461543 0.4807149831730769 0.4587579230769231 0.4859676346153846 0.45525615384615387 0.4888857764423077 0.44748660576923077 0.4826604110576923 0.4402642091346154 0.4888857764423077 0.43785674278846154 0.4816876971153846 0.4354492764423077 0.47779684375 0.4382944639423077 0.4702096778846154 0.4503317932692308 0.4727387331730769 0.4551467235576923 0.4680697091346154 0.46641804086538463 0.47468415865384617 0.46860664663461543
9 0.8431480120192307 0.4611653894230769 0.8480115793269231 0.4566787475961539 0.8489842932692307 0.45055065384615384 0.8431480120192307 0.44365654567307694 0.832059079326923 0.4412490817307692 0.8186356322115385 0.44059250000000005 0.8040449302884615 0.4471583149038461 0.8046285600961538 0.4596333653846154 0.8145502379807692 0.4656520288461538 0.8293354807692308 0.4669651923076923 0.8431480120192307 0.4611653894230769
10 0.8046285600961538 0.4714518341346154 0.8065739855769232 0.46598031971153847 0.8003486201923077 0.4619314014423077 0.7797270961538462 0.46433886538461533 0.7764198701923076 0.46937265865384614 0.7830343221153846 0.47298385576923074 0.7987922788461539 0.4736404375 0.8046285600961538 0.4714518341346154
10 0.8069630721153846 0.44365654567307694 0.8005431634615385 0.4437659759615385 0.7947068822115385 0.4469394543269231 0.78711971875 0.45711646875 0.7902324014423077 0.45952393509615386 0.8034613028846154 0.4607276682692308 0.8026831322115384 0.45131666586538466 0.8042394735576923 0.4463923028846154 0.8069630721153846 0.44365654567307694
7 0.7600782836538461 0.49694908413461536 0.7657200216346154 0.5002319927884615 0.7742799014423076 0.5003414230769231 0.7791434663461538 0.497277375 0.7859524615384615 0.4955264903846154 0.7873142596153847 0.49421332692307696 0.7896487716346154 0.48841352403846156 0.7842015769230769 0.4814099879807693 0.788481516826923 0.47933081250000004 0.7836179495192308 0.4769233461538462 0.7766144134615385 0.4744064495192308 0.766109108173077 0.4818477091346154 0.7482111802884616 0.48830409375 0.7454875817307692 0.4941038966346154 0.7544365456730768 0.4964019326923077 0.7600782836538461 0.49694908413461536
2 0.3968670841346154 0.4925718725961538 0.4052324206730769 0.4849117548076923 0.4085396466346154 0.4790025216346154 0.4021197379807692 0.4751724615384615 0.3933653173076923 0.4762667644230769 0.38422181009615386 0.48644377884615386 0.3844163533653846 0.4923530144230769 0.3811091274038461 0.4978245264423077 0.3844163533653846 0.49913768990384616 0.38655632211538465 0.49749623557692313 0.38597269471153844 0.49366617548076924 0.3968670841346154 0.4925718725961538
8 0.3748837620192308 0.5098618557692307 0.3797473269230769 0.5094241346153846 0.38383272355769227 0.5100807163461538 0.38597269471153844 0.5078921105769231 0.38480543749999996 0.5067978076923076 0.38266546875 0.506031795673077 0.38188729807692307 0.50340546875 0.3585421754807693 0.49749623557692313 0.3529004375 0.4985905384615385 0.3509550096153846 0.5029677475961538 0.3544567788461539 0.5054846442307692 0.3595148894230769 0.5066883774038462 0.3680747668269231 0.5075638197115384 0.3748837620192308 0.5098618557692307
8 0.33422433894230774 0.4581013413461538 0.32644263221153846 0.4656520288461538 0.3334461682692308 0.46827835576923077 0.34550781490384613 0.47134240384615383 0.3505659254807692 0.47002924038461535 0.3564022043269231 0.4721084158653846 0.3583476322115385 0.4687160769230769 0.3544567788461539 0.4663086105769231 0.35231681009615384 0.46204083173076926 0.33422433894230774 0.4581013413461538
6 0.3289716850961538 0.44496970913461537 0.33072256971153846 0.4849117548076923 0.32080089423076924 0.5160993798076923 0.33013894230769225 0.5164276706730769 0.3404497043269231 0.4873192211538461 0.3404497043269231 0.45908621394230764 0.3388933629807692 0.4465017331730769 0.3289716850961538 0.44496970913461537
6 0.34181150240384617 0.45952393509615386 0.3538731514423077 0.46258798076923074 0.3538731514423077 0.4669651923076923 0.3599039735576923 0.4681689254807692 0.35873671875 0.47221784615384615 0.3717710769230769 0.47867423076923077 0.38188729807692307 0.46466715625 0.35426223557692305 0.44879976923076925 0.34181150240384617 0.45952393509615386
0 0.2974557716346154 0.5028583197115385 0.31535369711538463 0.4988093990384615 0.2982339423076923 0.46674633173076924 0.28053055769230767 0.4711235432692308 0.2974557716346154 0.5028583197115385
0 0.23267305528846152 0.4802062548076923 0.22780948798076925 0.4676217740384615 0.21827689663461539 0.46827835576923077 0.19201363461538462 0.4740781586538461 0.2167205552884615 0.4960736418269231 0.20679887740384617 0.5014357259615385 0.21749872596153846 0.4980433870192308 0.23364576923076924 0.4941038966346154 0.2363693653846154 0.49093042067307696 0.23267305528846152 0.4802062548076923
7 0.24745830048076925 0.5112844495192308 0.2466801298076923 0.50767325 0.2462910432692308 0.4988093990384615 0.2408438485576923 0.5006697139423077 0.23364576923076924 0.5016545865384615 0.23033854326923078 0.5049374927884616 0.23150579807692306 0.508876983173077 0.22780948798076925 0.5121598918269231 0.22917128605769232 0.5165371009615385 0.23384031249999998 0.5175219735576924 0.24026022115384615 0.5145673557692307 0.24648558653846153 0.5144579254807693 0.2505709831730769 0.5131447620192308 0.24745830048076925 0.5112844495192308
11 0.19960079807692305 0.46685576201923074 0.20602070673076925 0.46674633173076924 0.21302424278846152 0.4544901418269231 0.20465890865384614 0.45241096634615385 0.19648811538461539 0.4554750144230769 0.19415360336538462 0.46204083173076926 0.19960079807692305 0.46685576201923074
7 0.09843860096153846 0.5535245288461538 0.11225113221153847 0.5487095985576923 0.12372914903846154 0.5387514447115385 0.11789287019230768 0.5365628389423077 0.10349670913461538 0.5334987908653847 0.0968822596153846 0.5387514447115385 0.09843860096153846 0.5535245288461538
7 0.09785497355769232 0.4744064495192308 0.09376957451923076 0.47944024278846153 0.09571500240384616 0.4856777668269231 0.10310762500000001 0.4886323846153846 0.11088933173076923 0.4890701057692307 0.11575289903846153 0.48600605769230765 0.1159474423076923 0.4811911274038462 0.11555835817307693 0.4773610673076923 0.11458564423076924 0.4751724615384615 0.10777664903846153 0.4751724615384615 0.09785497355769232 0.4744064495192308
0 0.08287518509615384 0.522118045673077 0.0840424423076923 0.515005076923077 0.07684436298076923 0.5121598918269231 0.06575542788461539 0.5231029158653846 0.0782061610576923 0.5271518365384615 0.08287518509615384 0.522118045673077
7 0.1873446081730769 0.5593243341346154 0.19006820673076924 0.5579017403846154 0.19668265865384615 0.5552754134615385 0.20018442548076923 0.5543999711538462 0.2021298533653846 0.54925675 0.2054370793269231 0.5412683413461539 0.20504799278846153 0.5377665721153846 0.19493177403846154 0.5344836634615384 0.18773369471153847 0.5339365120192308 0.18325921153846153 0.5423626442307692 0.1863718966346154 0.5450983990384615 0.17839564423076923 0.5516642163461538 0.1795629014423077 0.5575734495192308 0.1873446081730769 0.5593243341346154
2 0.24726375721153845 0.5461927019230769 0.24551287259615384 0.5419249230769231 0.2408438485576923 0.5356873966346154 0.23559119471153847 0.5374382812499999 0.2342293966346154 0.5434569447115385 0.23928750721153846 0.5604186370192308 0.25251640865384617 0.5640298341346154 0.25212732451923076 0.5564791466346154 0.24901464182692307 0.5526490865384616 0.24726375721153845 0.5461927019230769
8 0.8853637764423077 0.4211139134615385 0.8454825240384616 0.41093689903846153 0.8371171899038461 0.4185970168269231 0.8365335600961538 0.4220987860576923 0.8552096586538462 0.4264759951923077 0.8760257259615384 0.4326040889423077 0.8880873725961538 0.4322758004807692 0.8952854519230768 0.4332606706730769 0.8987872211538461 0.4285551706730769 0.8937291105769231 0.4268042860576923 0.8853637764423077 0.4211139134615385
5 0.6742849591346154 0.4706858221153846 0.6814830384615385 0.4707952524038461 0.6865411466346154 0.4600710865384615 0.6773976418269231 0.45974279567307696 0.6742849591346154 0.4706858221153846
2 0.6958791971153846 0.43741902163461543 0.6954901105769231 0.4480337572115385 0.701326391826923 0.4492374903846154 0.7135825817307692 0.4518638173076923 0.7163061778846154 0.43807560336538465 0.713777125 0.4370907307692308 0.6958791971153846 0.43741902163461543
8 0.6394618173076924 0.43030605528846155 0.6538579759615384 0.430196625 0.659305170673077 0.4280080192307692 0.6628069399038462 0.42549112259615385 0.6692268485576923 0.4243968197115385 0.67233953125 0.4215516346153846 0.6692268485576923 0.41936302884615384 0.6616396826923077 0.41892530769230774 0.6509398365384615 0.41564239903846156 0.6139767259615385 0.41640841105769233 0.5991914807692308 0.4172838533653846 0.5925770288461538 0.4223176466346154 0.5927715721153846 0.42964947355769234 0.6001641947115385 0.4322758004807692 0.6089186153846154 0.4324946586538462 0.6237038581730769 0.43172864903846153 0.6394618173076924 0.43030605528846155
2 0.43694287740384613 0.43807560336538465 0.4386937620192307 0.44157737259615387 0.4427791586538462 0.43982648798076923 0.44530821394230774 0.4372001610576923 0.4488099831730769 0.4350115552884616 0.4490045240384615 0.43030605528846155 0.4476427259615384 0.4239590985576923 0.4462809278846154 0.4181592956730769 0.4445300432692308 0.41443866586538464 0.43674833653846157 0.41520467788461535 0.4336356538461539 0.4184875865384615 0.4338301947115385 0.4347926947115385 0.43694287740384613 0.43807560336538465
7 0.32858260096153846 0.4576636201923077 0.3297498581730769 0.44453198798076926 0.3373370216346154 0.4465017331730769 0.3462859855769231 0.44529799999999997 0.35017683894230767 0.4366530096153846 0.3422005889423077 0.4324946586538462 0.33150074038461536 0.4324946586538462 0.32002272355769235 0.4362152884615385 0.31438098557692307 0.4428905336538461 0.3102955889423077 0.4531769783653846 0.3134082716346154 0.4596333653846154 0.32858260096153846 0.4576636201923077
7 0.6468544399038462 0.46346342307692306 0.6626123966346154 0.45700703846153845 0.6725340745192308 0.4475960360576923 0.6750631298076922 0.43763788221153843 0.6696159326923077 0.4338078221153846 0.6631960240384616 0.4323852283653846 0.6493834951923076 0.43533984615384613 0.6143658100961539 0.4457357211538462 0.6192293774038462 0.4558033052884615 0.6322637379807692 0.4655425985576923 0.6468544399038462 0.46346342307692306
9 0.8233046586538462 0.33904121634615386 0.8305027379807692 0.3377280528846154 0.8396462427884616 0.33455457451923076 0.8445098100961539 0.32722274759615383 0.842175298076923 0.32000035096153845 0.8378953581730768 0.3155137091346154 0.827779139423077 0.31288738221153845 0.8145502379807692 0.31409111538461537 0.8042394735576923 0.31814003605769237 0.7989868221153846 0.32590958413461535 0.8019049615384616 0.3328036899038462 0.8092975841346154 0.3372903317307693 0.8233046586538462 0.33904121634615386
10 0.7699999615384615 0.4050276634615385 0.7830343221153846 0.40699740865384615 0.7931505408653846 0.39200546153846155 0.7896487716346154 0.3897074278846154 0.7797270961538462 0.3874093918269231 0.7631909663461538 0.4018541875 0.7699999615384615 0.4050276634615385
2 0.7701008341346154 0.4092822716346154 0.7568647259615384 0.41452783173076924 0.7475392860576923 0.4162199471153846 0.7553606225961539 0.4182504879807692 0.7685967307692307 0.4180812764423077 0.786044329326923 0.4180812764423077 0.7803287379807693 0.4245113173076923 0.7878492524038462 0.4265418557692308 0.7935648461538461 0.42468052884615387 0.7971746923076922 0.42214235336538464 0.7944673076923077 0.41554310096153846 0.7701008341346154 0.4092822716346154
2 0.7382138461538462 0.377978125 0.7282867668269231 0.3745938918269231 0.703920295673077 0.3745938918269231 0.6957981370192308 0.3773012788461539 0.6988063437500001 0.3840697427884615 0.7054243966346154 0.3862694927884615 0.7219695336538462 0.3862694927884615 0.7318966129807692 0.38390053125 0.7409212331730769 0.3820392019230769 0.7472384663461539 0.3815315673076923 0.7481409278846154 0.37865497115384616 0.7382138461538462 0.377978125
2 0.5462902788461539 0.3925303221153846 0.5315500697115385 0.3994679975961538 0.5168098581730769 0.4026830192307692 0.49695569471153844 0.4143586201923077 0.4996630817307692 0.41706600721153847 0.5125983677884615 0.41520467788461535 0.51861478125 0.4133433509615384 0.526135298076923 0.4133433509615384 0.5411763293269231 0.40674409855769234 0.5562173605769231 0.40234459615384616 0.5568190024038462 0.3977758822115385 0.5565181826923077 0.39286874519230774 0.5462902788461539 0.3925303221153846
2 0.5471927427884615 0.41841969951923075 0.5399730456730769 0.4405864206730769 0.5480952043269232 0.44227853605769235 0.5577214639423077 0.41994260336538464 0.5595263870192307 0.41672758173076924 0.5655428004807692 0.40065248076923077 0.5595263870192307 0.4003140576923077 0.5517050504807692 0.41452783173076924 0.5471927427884615 0.41841969951923075
2 0.43167761778846153 0.4042059230769231 0.4422063389423077 0.4001448461538461 0.45213342067307694 0.39151505288461536 0.4479219302884615 0.3811931442307692 0.4416046971153846 0.38170077884615383 0.4352874639423077 0.38863845673076924 0.42536038221153843 0.39591455528846153 0.42475874278846154 0.40234459615384616 0.4166365841346154 0.40674409855769234 0.4166365841346154 0.40911306009615384 0.41934397115384614 0.41012832932692306 0.4277669495192308 0.4057288293269231 0.43167761778846153 0.4042059230769231
8 0.3618872283653846 0.4378790336538462 0.36579789663461537 0.43601770673076923 0.3660987163461539 0.43347953125 0.36790364182692303 0.4280647596153846 0.36850528125 0.4207886610576923 0.36459461298076923 0.4162199471153846 0.35767574038461536 0.41012832932692306 0.34654537500000004 0.40826700240384617 0.34624455528846154 0.4138509855769231 0.3540658918269231 0.42908003125000005 0.3594806634615385 0.4341563798076923 0.3618872283653846 0.4378790336538462
2 0.24366471634615383 0.39704404326923076 0.2467105264423077 0.40241228125000006 0.26356400240384614 0.3978435673076923 0.2704678365384615 0.3891630120192308 0.25828460096153844 0.39201845673076924 0.24366471634615383 0.39704404326923076
8 0.64096725 0.39180603365384614 0.6370200336538462 0.3978691850961538 0.6324655528846154 0.4008580649038462 0.6374754807692308 0.40341995913461537 0.6417263293269231 0.4001748918269231 0.6528088990384616 0.3959904639423077 0.6603997019230768 0.3878777932692307 0.662525125 0.3848035192307692 0.6655614471153846 0.38190003846153847 0.6644987331730768 0.3801921081730769 0.657818829326923 0.3777156081730769 0.6520498197115384 0.38190003846153847 0.6459771778846153 0.3868530360576923 0.64096725 0.39180603365384614
4 0.6253301995192307 0.3757514903846154 0.6191057427884614 0.3789111610576923 0.6508352908653846 0.3823270216346154 0.6515943725961539 0.37353118028846155 0.6487098677884616 0.37114007692307693 0.6528088990384616 0.36260042548076926 0.6440035697115385 0.36123408173076926 0.6291256009615385 0.35867218749999996 0.6213829831730769 0.3563664807692308 0.6098449663461538 0.3578182211538462 0.6175875817307692 0.3665286658653846 0.6191057427884614 0.3733603870192308 0.6250265673076923 0.37438514423076924 0.6253301995192307 0.3757514903846154
7 0.5914752259615385 0.3758368846153846 0.58843890625 0.36883437259615387 0.5816071850961538 0.36251502884615383 0.5732573028846154 0.35884298076923077 0.5644519735576923 0.36046551442307695 0.5548875649038462 0.3719086466346154 0.5652110552884616 0.37626386778846155 0.5755345432692308 0.3801921081730769 0.585098954326923 0.37874036778846154 0.5914752259615385 0.3758368846153846
7 0.49070487740384616 0.3170663389423077 0.48184434134615384 0.31326896875000004 0.43268946875 0.30496221634615384 0.4050530360576923 0.3409185841346154 0.47424959615384615 0.3536160480769231 0.49070487740384616 0.3170663389423077
7 0.2632844735576923 0.33261183173076925 0.26855860096153844 0.3303571418269231 0.27594238221153844 0.32655977163461536 0.28395905528846155 0.32181305528846155 0.2902880096153846 0.316473 0.2923976610576923 0.31267562740384613 0.2843809855769231 0.31137028125 0.27003535817307694 0.31303163221153846 0.2613857884615384 0.3183716875 0.23881251923076924 0.32181305528846155 0.24218796153846153 0.32596643028846156 0.2632844735576923 0.33261183173076925
8 0.7204458966346153 0.34613997115384615 0.7208678269230769 0.34210526201923075 0.7145388725961539 0.3409185841346154 0.7160156274038462 0.3354598629807692 0.7122182572115385 0.3348665216346154 0.7044125456730769 0.33949456971153846 0.7008261394230769 0.34447862019230774 0.6953410456730769 0.34756398557692303 0.6959739423076924 0.35064935096153843 0.7008261394230769 0.35420938701923077 0.7086318485576922 0.35290404086538457 0.7101086057692307 0.3501746802884615 0.7158046634615385 0.3483946610576923 0.7204458966346153 0.34613997115384615
5 0.6577892548076923 0.31849035576923074 0.6594769759615384 0.32074504326923076 0.6660168942307692 0.3202703725961538 0.6704471610576923 0.3220503918269231 0.6757212908653846 0.3212197163461538 0.6767761153846154 0.31908369471153847 0.6750883942307693 0.31576099278846154 0.6632743485576923 0.3135063028846154 0.6586331153846154 0.31457431490384613 0.6577892548076923 0.31849035576923074
2 0.6801515576923076 0.33011980769230764 0.6778309399038461 0.32798378605769235 0.6664388245192308 0.32667843750000003 0.6630633822115384 0.3269157740384615 0.6518822307692307 0.3508866875 0.6508274062499999 0.3677375264423077 0.6573673245192307 0.3673815216346154 0.6696033004807693 0.3584814302884615 0.6721348822115385 0.3508866875 0.6736116394230769 0.3449532932692308 0.6784638365384615 0.3368838774038462 0.6814173485576924 0.3321371610576923 0.6801515576923076 0.33011980769230764
2 0.6888011274038461 0.3162356658653846 0.6816283125000001 0.3199143701923077 0.6820502427884616 0.3260850985576923 0.6974506971153847 0.33166249038461537 0.7126401875 0.3337985120192308 0.7189691394230769 0.3359345336538461 0.7202349302884615 0.33154382211538463 0.7122182572115385 0.32655977163461536 0.7037796514423077 0.32169438701923075 0.6888011274038461 0.3162356658653846
5 0.7278296754807693 0.32169438701923075 0.7187581754807693 0.32489842067307695 0.7248761634615384 0.3468519783653846 0.729939326923077 0.34708931490384615 0.7331038028846154 0.34708931490384615 0.7333147692307692 0.3447159567307692 0.7385888966346154 0.3199143701923077 0.7278296754807693 0.32169438701923075
7 0.7921740384615384 0.3711788942307692 0.8014565024038462 0.37082288942307695 0.8077854567307692 0.3695175432692308 0.8084183533653846 0.3656015048076923 0.8054648413461538 0.35895610336538464 0.7995578173076924 0.35705741586538464 0.7928069326923077 0.3553960649038462 0.7826806081730768 0.35883743509615385 0.7790941995192308 0.36441482451923074 0.7790941995192308 0.3676188581730769 0.7790941995192308 0.36963621153846155 0.7759297235576923 0.3733149158653846 0.7818367475961538 0.37248424038461536 0.7921740384615384 0.3711788942307692
8 0.7831025384615384 0.27280322115384614 0.7451288149038462 0.29357009855769234 0.74344109375 0.2989101538461539 0.7790941995192308 0.32098237980769234 0.7911192115384615 0.3159983293269231 0.8259284567307692 0.29629946153846154 0.7925959687499999 0.27398989903846155 0.7831025384615384 0.27280322115384614
2 0.7073660576923076 0.27185387740384614 0.7073660576923076 0.26864984375 0.6919656033653846 0.26734449759615386 0.6883791971153846 0.2720912139423077 0.682683139423077 0.3021141875 0.6892230576923077 0.3035382019230769 0.7012480697115385 0.29440077403846154 0.7103195697115384 0.2741085673076923 0.7073660576923076 0.27185387740384614
8 0.6375366033653846 0.3016395144230769 0.6326844038461539 0.30721690625 0.6320515096153846 0.31279429567307687 0.6328953701923077 0.3183716875 0.63985721875 0.31920236298076926 0.6453423125 0.3170663389423077 0.6466081033653845 0.3155236586538462 0.6487177548076922 0.3107769423076923 0.6501945096153846 0.30626756250000003 0.6510383701923076 0.30033416826923076 0.6506164399038461 0.29511278125 0.646186173076923 0.2910780745192308 0.6476629278846153 0.2864500264423077 0.642599764423077 0.28656869471153845 0.6407010793269231 0.2891793870192308 0.6381694975961539 0.29238342067307693 0.6375366033653846 0.3016395144230769
7 0.5959764735576922 0.3027075264423077 0.5968203341346153 0.3046062115384615 0.5900694495192308 0.3054368870192308 0.5757238221153846 0.3163543317307692 0.5871159375 0.31742234375 0.5991409495192308 0.31754101201923074 0.6077905192307692 0.3220503918269231 0.6271993125 0.3232370697115385 0.6293089615384615 0.31742234375 0.6295199278846154 0.30781024519230765 0.6337392307692308 0.30247018990384616 0.6385914278846154 0.29238342067307693 0.6438655552884616 0.2803979639423077 0.635215985576923 0.27849927884615383 0.6280431706730769 0.2812286394230769 0.6155962307692308 0.2858566875 0.6172839495192307 0.2888233846153846 0.6080014855769231 0.29357009855769234 0.5959764735576922 0.3027075264423077
7 0.4987215504807692 0.29819814663461536 0.4978776899038462 0.30496221634615384 0.5037847139423077 0.3241864134615385 0.522560610576923 0.3349851899038461 0.5314211466346154 0.3359345336538461 0.5455558076923077 0.33439185096153845 0.5438680865384615 0.3311878173076923 0.5474544951923077 0.33047581009615384 0.5531505528846153 0.3275091129807692 0.562643983173077 0.3263224350961539 0.5702387283653846 0.3229997331730769 0.5748799615384615 0.31184495432692305 0.5691839014423077 0.29819814663461536 0.5594795072115384 0.28834871153846153 0.5451338774038461 0.2843140048076923 0.5293114951923077 0.2862126899038462 0.5139110408653846 0.2911967427884615 0.5016750624999999 0.29357009855769234 0.4987215504807692 0.29819814663461536
7 0.5805760192307692 0.2873993701923077 0.5742470649038461 0.2959434567307692 0.5708716225961539 0.30140218028846155 0.57445803125 0.3097089302884615 0.5759347860576923 0.3131503004807692 0.5803650528846154 0.3122009567307692 0.589014625 0.3055555552884615 0.5955545432692307 0.3038942043269231 0.5953435769230769 0.3019955192307692 0.6048370096153847 0.29333276442307693 0.5999848100961539 0.2921460841346154 0.5991409495192308 0.2900100625 0.5881707644230769 0.29072206971153847 0.5913352403846154 0.2888233846153846 0.5805760192307692 0.2873993701923077
8 0.5993519158653846 0.2717352091346154 0.5938668221153847 0.2693618509615385 0.5860611129807692 0.27054853125 0.5710825889423077 0.2813473076923077 0.5685510072115385 0.28573801923076925 0.5664413557692307 0.2871620336538462 0.5715045192307693 0.2903660673076923 0.57445803125 0.2891793870192308 0.5820527740384616 0.2869246971153846 0.5898584855769231 0.2824153197115385 0.5999848100961539 0.27707526442307695 0.5993519158653846 0.2717352091346154
6 0.6539918822115385 0.29938482451923076 0.6651730336538461 0.3027075264423077 0.6759322548076923 0.2996221610576923 0.6740335697115385 0.2872807019230769 0.6584221490384615 0.2853820168269231 0.6510383701923076 0.2900100625 0.6539918822115385 0.29938482451923076
5 0.6512493365384615 0.283958 0.6569453942307693 0.27849927884615383 0.6548357427884616 0.27493924278846155 0.6493506490384615 0.27398989903846155 0.6438655552884616 0.27588858413461537 0.6442874855769231 0.2831273269230769 0.6512493365384615 0.283958
7 0.5326869375000001 0.24835763701923078 0.5174974471153846 0.24895097596153845 0.49408031971153843 0.2528670168269231 0.4778360048076923 0.2608177644230769 0.4765702139423077 0.26781916826923075 0.46581099278846155 0.2743459014423077 0.47889082932692306 0.2827713221153846 0.48543074759615384 0.28087263701923076 0.4915487379807692 0.2859753557692308 0.4949241778846154 0.2872807019230769 0.4997763774038461 0.2853820168269231 0.5054724350961538 0.28253398557692305 0.5137000745192307 0.27802460576923077 0.5238264014423077 0.2736338942307692 0.5248812259615385 0.26520847596153846 0.5322650048076923 0.26449646875 0.5269908774038462 0.25820706971153845 0.5269908774038462 0.2536976923076923 0.5318430745192309 0.2545283653846154 0.5326869375000001 0.24835763701923078
5 0.5012531322115384 0.2844326730769231 0.4953461105769231 0.29012873076923074 0.49808865625 0.29333276442307693 0.509902701923077 0.29238342067307693 0.5113794591346154 0.2891793870192308 0.5092698076923077 0.2864500264423077 0.5012531322115384 0.2844326730769231
5 0.47699214423076924 0.2930954278846154 0.48247723798076925 0.2911967427884615 0.48648557451923075 0.2911967427884615 0.49070487740384616 0.2884673798076923 0.49070487740384616 0.28680603125 0.4860636442307692 0.28253398557692305 0.48121144711538466 0.2840766682692308 0.47488249278846156 0.2900100625 0.47699214423076924 0.2930954278846154
5 0.4820553076923077 0.29629946153846154 0.4765702139423077 0.2915527451923077 0.46665485336538465 0.2959434567307692 0.4662329230769231 0.3000968341346154 0.4753044230769231 0.30247018990384616 0.48163337740384615 0.2987914855769231 0.4820553076923077 0.29629946153846154
5 0.4628574807692308 0.27090453365384615 0.4700302956730769 0.26995518990384615 0.4757263533653846 0.26710716105769233 0.47509345673076925 0.26402179807692305 0.46327941105769227 0.26319112259615385 0.46032589903846155 0.26710716105769233 0.4628574807692308 0.27090453365384615
5 0.7809928870192308 0.2570203918269231 0.7919630721153846 0.2566643870192308 0.7991358870192309 0.24906964423076922 0.7989249206730769 0.24622161538461537 0.7803599903846153 0.24562827403846152 0.7809928870192308 0.2570203918269231
7 0.7797270961538462 0.2442042596153846 0.7523016298076922 0.24456026442307693 0.7352134543269231 0.24788296394230772 0.7084208846153845 0.263547125 0.7067331634615385 0.2716165408653846 0.7168594879807693 0.2792112860576923 0.7231884423076923 0.2827713221153846 0.7419643389423077 0.2812286394230769 0.7558880360576924 0.2748205745192308 0.760740235576923 0.2704298629807692 0.7776174447115385 0.26236044711538464 0.7845792932692308 0.25820706971153845 0.7797270961538462 0.2442042596153846
7 0.7366902115384615 0.24610294711538463 0.7406985480769231 0.24622161538461537 0.7525125937499999 0.24313625 0.7670691875 0.2376775264423077 0.7727652475961538 0.2324561394230769 0.7535674206730769 0.22189469951923077 0.7333147692307692 0.22284404086538462 0.7236103725961538 0.22925210817307692 0.7215007211538461 0.2386268701923077 0.7238213389423076 0.24645894951923075 0.7278296754807693 0.24586561057692308 0.7366902115384615 0.24610294711538463
5 0.7128511514423077 0.2590377451923077 0.7177033485576924 0.24752696153846154 0.6991384182692308 0.25144300240384615 0.6980835937500001 0.2590377451923077 0.7088428149038462 0.26259778125 0.7128511514423077 0.2590377451923077
13 0.7136950120192308 0.24242424278846153 0.7031467548076923 0.2415935673076923 0.6896449879807692 0.24598427884615384 0.6850037548076924 0.25227367548076923 0.6847927908653847 0.25927508173076924 0.6896449879807692 0.26532714423076925 0.6980835937500001 0.26639515384615386 0.7069441274038462 0.26437780048076925 0.7179143149038462 0.24645894951923075 0.7136950120192308 0.24242424278846153
8 0.693442360576923 0.24147489903846153 0.7001932427884616 0.24289891346153844 0.7027248245192308 0.23981354807692307 0.7063112331730769 0.23981354807692307 0.7117963269230769 0.23696551923076925 0.7132730817307693 0.2339988221153846 0.7149608028846154 0.22877743509615384 0.722555548076923 0.2243867235576923 0.729939326923077 0.21880933413461537 0.7337366995192307 0.21216393269230768 0.7286735360576924 0.20967190624999998 0.7193910697115384 0.20777322115384617 0.7025138605769231 0.22557340384615385 0.6963958725961539 0.2344734951923077 0.697239733173077 0.2391015408653846 0.693442360576923 0.24147489903846153
8 0.7729762115384615 0.22770942548076922 0.7820477115384615 0.2280654278846154 0.7909082475961539 0.2265227451923077 0.7940727235576923 0.22201336778846154 0.7936507932692307 0.21679198076923076 0.7904863173076924 0.21501196153846153 0.7801490264423077 0.21240126923076924 0.7706555961538462 0.21346927884615383 0.7617950600961538 0.21073991826923077 0.7523016298076922 0.20836656009615384 0.7419643389423077 0.21073991826923077 0.7337366995192307 0.21228260096153845 0.7318380120192308 0.2163173076923077 0.7350024903846154 0.21738531971153846 0.7415424086538462 0.22225070192307694 0.7518796995192307 0.22201336778846154 0.7639047115384615 0.2243867235576923 0.7729762115384615 0.22770942548076922
8 0.6463971370192307 0.24823896874999998 0.6396462548076923 0.24835763701923078 0.6316295793269231 0.2508496610576923 0.6210813221153846 0.2536976923076923 0.61074403125 0.2578510673076923 0.6042041129807691 0.26105510096153844 0.6061027980769231 0.2641404639423077 0.6145414038461539 0.26307245432692306 0.6236129038461539 0.2628351177884615 0.63078571875 0.2589190769230769 0.637114673076923 0.25820706971153845 0.6470300336538461 0.25678305528846157 0.6480848581730769 0.2512056658653846 0.6463971370192307 0.24823896874999998
8 0.6552576730769231 0.25725772836538463 0.646186173076923 0.25678305528846157 0.6373256370192307 0.2579697355769231 0.6337392307692308 0.2597497524038462 0.6362708125 0.26449646875 0.6457642427884616 0.26615781971153846 0.6552576730769231 0.2650898076923077 0.6584221490384615 0.2655644783653846 0.6632743485576923 0.2617671081730769 0.6630633822115384 0.2590377451923077 0.6601098701923077 0.2569017235576923 0.6552576730769231 0.25725772836538463
8 0.5451338774038461 0.2768379278846154 0.5531505528846153 0.2767192596153846 0.5592685408653846 0.2742272355769231 0.5613781923076924 0.27090453365384615 0.5592685408653846 0.26948051923076927 0.5561040649038461 0.2680565048076923 0.5520957283653846 0.2680565048076923 0.5415474711538462 0.26722582932692307 0.53627334375 0.2655644783653846 0.5286785985576923 0.2659204831730769 0.5274128076923077 0.2720912139423077 0.5303663197115385 0.2751765769230769 0.5381720288461538 0.2773125985576923 0.5451338774038461 0.2768379278846154
8 0.53985975 0.25678305528846157 0.5377500985576923 0.2627164495192308 0.5426022980769231 0.26722582932692307 0.5501970408653846 0.26793783653846154 0.5554711706730769 0.2666324903846154 0.5586356466346154 0.2621231105769231 0.5584246802884615 0.25642705288461537 0.5586356466346154 0.2528670168269231 0.5596904711538462 0.24895097596153845 0.5554711706730769 0.24301758173076923 0.5527286225961539 0.24147489903846153 0.5533615192307693 0.23945754567307692 0.5470325649038462 0.2392202091346154 0.5466106346153846 0.2415935673076923 0.5411255408653847 0.24491626682692308 0.53985975 0.25251101201923076 0.53985975 0.25678305528846157
5 0.6577892548076923 0.24183090384615386 0.6571563581730769 0.2374401923076923 0.6489287187499999 0.24111889663461536 0.6356379158653845 0.2386268701923077 0.634372125 0.24503493509615384 0.6482958245192307 0.2484763052884615 0.6520931947115384 0.24812030048076925 0.6537809158653847 0.24693362259615384 0.6577892548076923 0.24183090384615386
5 0.6679155793269231 0.25405369471153844 0.6700252307692308 0.2509683293269231 0.6738226033653846 0.24812030048076925 0.667282685096154 0.24681495432692308 0.65800021875 0.24835763701923078 0.6571563581730769 0.2551217067307692 0.6647511033653846 0.25713906009615384 0.6679155793269231 0.25405369471153844
5 0.6763541850961539 0.2521550096153846 0.6704471610576923 0.25061232692307694 0.6636962788461538 0.2569017235576923 0.6639072427884615 0.2620044423076923 0.6706581274038462 0.26224177884615385 0.6746664639423077 0.2601057572115385 0.6755103245192308 0.25630838461538463 0.6763541850961539 0.2521550096153846
11 0.5999848100961539 0.25820706971153845 0.6145414038461539 0.2457469423076923 0.6193936009615384 0.2451536033653846 0.620659391826923 0.2370841875 0.5936558557692307 0.2274720889423077 0.5852172524038461 0.2323374735576923 0.5818418100961538 0.25334168749999997 0.5999848100961539 0.25820706971153845
8 0.48163337740384615 0.22498006490384614 0.4757263533653846 0.22925210817307692 0.4734057355769231 0.23423615865384614 0.47509345673076925 0.23637218028846155 0.4795237259615384 0.23815219951923078 0.4860636442307692 0.23815219951923078 0.4913377716346154 0.23221880528846153 0.4966119014423077 0.22462406009615382 0.4926035625 0.2213013605769231 0.4942912836538461 0.2196400096153846 0.4978776899038462 0.21714798317307693 0.49218163221153843 0.21560530048076923 0.48543074759615384 0.21833466346153846 0.48163337740384615 0.22498006490384614
8 0.4892281201923077 0.2528670168269231 0.48564171394230765 0.24954431490384615 0.4753044230769231 0.2503749903846154 0.46897546875 0.2502563221153846 0.4746715264423077 0.2578510673076923 0.4786798653846154 0.2590377451923077 0.4847978533653846 0.25737639663461537 0.48711846875 0.2548843701923077 0.4892281201923077 0.2528670168269231
9 0.4267824447115384 0.23791486298076922 0.42973595673076925 0.23791486298076922 0.44197193269230767 0.23815219951923078 0.4449254447115385 0.2353041706730769 0.4447144807692308 0.2323374735576923 0.4480899206730769 0.22723475240384616 0.44766799038461536 0.22035201682692307 0.43922938701923075 0.21762265625 0.4320565721153846 0.21797865865384616 0.4240398966346154 0.22486139663461538 0.4206644567307692 0.22854010096153846 0.4225631418269231 0.23340548317307694 0.4267824447115384 0.23791486298076922
7 0.49618996875000004 0.23067612259615386 0.4968228653846154 0.2423055745192308 0.49914348076923076 0.24954431490384615 0.5130671802884615 0.2484763052884615 0.5196070985576923 0.2423055745192308 0.5303663197115385 0.2364908485576923 0.5320540408653847 0.2294894423076923 0.5320540408653847 0.22296270913461538 0.5231935048076923 0.22082668749999998 0.5037847139423077 0.22521739903846155 0.49618996875000004 0.23067612259615386
8 0.6358488822115385 0.22498006490384614 0.63985721875 0.2274720889423077 0.6476629278846153 0.22699741826923076 0.6523041610576924 0.22355604807692306 0.6506164399038461 0.21869066586538463 0.6453423125 0.21287593990384618 0.6413339735576924 0.2065865408653846 0.635215985576923 0.2030265048076923 0.6322624735576923 0.20361984615384615 0.6267773822115384 0.2131132764423077 0.6358488822115385 0.22498006490384614
8 0.3229876033653846 0.26449646875 0.3383880576923077 0.2684125096153846 0.34366218509615387 0.2637844615384615 0.3383880576923077 0.2606990961538461 0.3286836610576923 0.2578510673076923 0.3223547091346154 0.2598684206730769 0.3229876033653846 0.26449646875
6 0.4067407572115384 0.2900100625 0.40336531490384614 0.28253398557692305 0.3850113509615385 0.2844326730769231 0.3896525817307692 0.29357009855769234 0.4067407572115384 0.2900100625
10 0.4744605625 0.2265227451923077 0.47488249278846156 0.22367471634615385 0.47699214423076924 0.22201336778846154 0.47741407451923074 0.21880933413461537 0.47699214423076924 0.2148932932692308 0.4683425745192308 0.21513062980769232 0.46327941105769227 0.21809732692307693 0.46412327163461536 0.22426805528846155 0.4653890625 0.22854010096153846 0.47045222596153846 0.22854010096153846 0.47509345673076925 0.2274720889423077 0.4744605625 0.2265227451923077
8 0.5012531322115384 0.20326384134615386 0.4828991658653846 0.20824789182692308 0.4858526778846154 0.21406261778846153 0.49070487740384616 0.21524929807692306 0.4968228653846154 0.21263860336538462 0.5058943653846154 0.21038391346153845 0.5149658653846154 0.20682387740384614 0.52171675 0.20421318509615385 0.5187632379807693 0.20053448076923075 0.5107465625000001 0.2019584951923077 0.5012531322115384 0.20326384134615386
7 0.5831076009615385 0.1821409591346154 0.5594795072115384 0.1840396442307692 0.5542053798076924 0.1968557764423077 0.5445009831730769 0.20777322115384617 0.5542053798076924 0.21833466346153846 0.5603233677884615 0.2211826923076923 0.5757238221153846 0.21275727163461539 0.5850062860576923 0.20480652403846153 0.5928119975961539 0.1982797908653846 0.5930229615384616 0.1898543701923077 0.5831076009615385 0.1821409591346154
6 0.5963984038461538 0.19080371394230772 0.6014615673076923 0.2016024903846154 0.6084234158653846 0.2021958293269231 0.6297308918269231 0.19210906009615383 0.6276212427884615 0.18225962740384613 0.6183387764423076 0.17976760096153846 0.5963984038461538 0.19080371394230772
8 0.637114673076923 0.1679008125 0.6358488822115385 0.16481544711538462 0.6293089615384615 0.16564612259615386 0.6189716706730769 0.16671413461538462 0.60357121875 0.16968083173076923 0.5938668221153847 0.17407154326923077 0.5995628798076923 0.18083561298076922 0.6065247283653846 0.17893692548076923 0.615385264423077 0.17715690625 0.6242458004807693 0.17371553846153848 0.6278322067307692 0.17157951682692307 0.6379585336538462 0.16979949759615384 0.637114673076923 0.1679008125
3 0.6546247764423078 0.16742614182692309 0.6603208365384615 0.16635812980769232 0.6624304879807692 0.16422210817307692 0.6630633822115384 0.1603060673076923 0.6573673245192307 0.15864471875 0.6373256370192307 0.15579668990384615 0.6242458004807693 0.15437267307692307 0.6177058798076923 0.1547286778846154 0.6136975432692308 0.1587633846153846 0.6155962307692308 0.16196741826923075 0.6259335216346155 0.16362876923076924 0.6546247764423078 0.16742614182692309
7 0.7259309879807693 0.1657647908653846 0.7221336177884615 0.18249696153846154 0.7411204783653846 0.18534499038461538 0.7575757572115385 0.18771834855769232 0.768967875 0.18617566586538462 0.7750858629807692 0.18700634134615385 0.7818367475961538 0.1841583125 0.7841573629807693 0.17632623317307694 0.7856341177884616 0.16742614182692309 0.778039375 0.16374743749999998 0.7655924326923077 0.1598313966346154 0.7736091057692308 0.15449134134615386 0.7784613052884615 0.1489139519230769 0.7736091057692308 0.14523524759615383 0.7596854086538462 0.1552033485576923 0.7485042572115385 0.1578140432692308 0.7259309879807693 0.1657647908653846
7 0.6748774302884615 0.2192840048076923 0.6748774302884615 0.23613484375 0.6877463028846154 0.23494816586538464 0.6997713149038461 0.22604807451923078 0.7185472091346153 0.2086038966346154 0.7303612572115384 0.2109772548076923 0.72529809375 0.19816112259615387 0.7006151730769231 0.20267050240384615 0.7170704543269231 0.17502088461538462 0.6871134062500001 0.18119161538461537 0.65989890625 0.19934780048076922 0.6584221490384615 0.21038391346153845 0.6786748004807692 0.2178599903846154 0.6748774302884615 0.2192840048076923
7 0.44281579326923076 0.17466488221153845 0.4423938629807692 0.18320896875 0.4516763293269231 0.18392097596153847 0.4575833533653846 0.18297163461538463 0.46222458413461537 0.18225962740384613 0.47403863221153847 0.17656356730769232 0.4793127596153846 0.17003683413461537 0.4767811778846154 0.1624420889423077 0.4702412596153846 0.15935672596153846 0.47424959615384615 0.1582887139423077 0.4759373173076923 0.153542 0.4700302956730769 0.1519993173076923 0.4607478293269231 0.1592380576923077 0.4461912355769231 0.16825681730769232 0.44281579326923076 0.17466488221153845
8 0.47825793509615383 0.20278917067307692 0.4841649567307692 0.20421318509615385 0.48669653846153843 0.1988731298076923 0.49070487740384616 0.1951944254807692 0.49302549278846153 0.17953026442307693 0.4822662716346154 0.17917426201923076 0.4786798653846154 0.19353307451923077 0.4793127596153846 0.19804245432692308 0.47825793509615383 0.20278917067307692
5 0.49640093509615385 0.2037385120192308 0.5063162956730769 0.20231449759615383 0.5075820865384615 0.1982797908653846 0.5073711225961538 0.19400774759615386 0.4934474230769231 0.19495708894230768 0.49640093509615385 0.2037385120192308
7 0.42825919951923075 0.19139705288461537 0.4162341875 0.19293973557692307 0.40969426923076924 0.18937969951923075 0.4006227692307692 0.20207716346153845 0.42171928125 0.21406261778846153 0.42994692067307694 0.2178599903846154 0.4371197355769231 0.21382528365384615 0.4385964903846154 0.21014657932692307 0.43922938701923075 0.20765455288461537 0.43944035096153844 0.20207716346153845 0.42825919951923075 0.19139705288461537
12 0.4540560552884615 0.18972653125 0.44840586057692305 0.18707800000000002 0.44573771153846153 0.18796084375 0.44903365865384615 0.18972653125 0.45389910576923076 0.19228677644230768 0.45609640384615385 0.19440559855769232 0.4603340528846154 0.19325790384615382 0.4593923533653846 0.18999138221153847 0.4540560552884615 0.18972653125
5 0.46975104567307696 0.19440559855769232 0.4732039447115385 0.19714241346153846 0.4780693918269231 0.19546501201923078 0.4796388894230769 0.1876077067307692 0.4692801971153846 0.18796084375 0.46975104567307696 0.19440559855769232
7 0.2346400985576923 0.22159716826923076 0.23981944471153846 0.22512854086538464 0.24562659134615383 0.22724736538461537 0.2548866346153846 0.22742393509615383 0.25080593749999996 0.2238925625 0.25629918509615385 0.222126875 0.25472968509615385 0.21815408173076925 0.25739783413461537 0.21471099278846154 0.26069378125 0.2091490793269231 0.2602229326923077 0.20093863942307694 0.25457273557692306 0.19599471634615384 0.24499879086538462 0.20014407932692307 0.22883295192307693 0.20959050240384616 0.23228584855769233 0.21100305048076923 0.23150110096153845 0.21515241346153846 0.2346400985576923 0.22159716826923076
9 0.32522122355769234 0.054794418269230774 0.32522122355769234 0.047635197115384616 0.31952734134615385 0.0448091875 0.31081904807692307 0.042548382211538456 0.29976621634615386 0.04857719951923077 0.29809154326923076 0.05837402884615384 0.30579503365384614 0.058939228365384615 0.3141683918269231 0.06101163461538461 0.3208670769230769 0.058939228365384615 0.32522122355769234 0.054794418269230774
12 0.42505956250000004 0.2788095456730769 0.4289514302884615 0.2769059158653846 0.43013591105769233 0.27405046875 0.4281053701923077 0.2712902043269231 0.42793615865384615 0.2692913918269231 0.42742852403846154 0.2654841322115385 0.42742852403846154 0.2623431418269231 0.4245519278846154 0.2616768701923077 0.4245519278846154 0.26319977403846156 0.42505956250000004 0.26738776201923076 0.4245519278846154 0.27195647596153844 0.42302902403846154 0.2743360144230769 0.4231982355769231 0.27700109615384616 0.42505956250000004 0.2788095456730769
12 0.5183262379807693 0.21800408653846154 0.5161713798076923 0.2162325456730769 0.5088780144230769 0.21716493509615387 0.4971091754807692 0.2177243701923077 0.49793796634615384 0.21902971634615384 0.5082149807692308 0.2196823894230769 0.5128562139423077 0.2213606923076923 0.5173316899038461 0.22089449759615384 0.5183262379807693 0.21800408653846154