7 0.7741228076923077 0.14500229807692308 0.7794715456730769 0.15451116586538463 0.7710027091346153 0.16560484375 0.7571851370192307 0.19096182211538462 0.7531735841346153 0.21077196153846153 0.75807659375 0.23058210096153847 0.7678826129807692 0.25673148557692305 0.7874946514423077 0.27495681490384616 0.8213699903846153 0.29476695432692307 0.8365247475961539 0.29555935817307694 0.850788048076923 0.2702023798076923 0.8681714447115384 0.24167577884615385 0.8761945504807692 0.2218656394230769 0.8775317355769231 0.17194408653846155 0.8605940673076924 0.16085040865384614 0.8552453293269231 0.13787064663461537 0.8342961057692307 0.12202253605769231 0.7968549423076923 0.10775923557692307 0.7785800889423077 0.12281494230769231 0.7741228076923077 0.14500229807692308
1 0.00030816346153846155 0.023500108173076923 0.00030816346153846155 0.04579622596153846 0.00639978125 0.04579622596153846 0.02503296634615385 0.03815184375 0.044024480769230774 0.02732230048076923 0.045457802884615386 0.03560371394230769 0.05190775240384615 0.0400629375 0.06588263942307691 0.02541120432692308 0.0755575625 0.013307596153846154 0.07806587499999999 0.002478055288461539 0.06409098798076923 0.0018410216346153847 0.045457802884615386 0.0018410216346153847 0.019299677884615382 0.0018410216346153847 0.0010248245192307692 0.0031150865384615384 0.00030816346153846155 0.023500108173076923
8 0.06373265625 0.07382563221153846 0.06839095192307693 0.07637375961538462 0.08379916346153847 0.07191453605769231 0.08451582451923077 0.06427015144230769 0.09562406730769231 0.06427015144230769 0.09204076442307693 0.05726280048076923 0.08308250240384615 0.05726280048076923 0.06516597836538461 0.06108499278846154 0.06050768269230769 0.0636331201923077 0.06122434375 0.06936640865384615 0.06373265625 0.07382563221153846
6 0.06194100480769231 0.41718584855769236 0.0812908485576923 0.43629680528846154 0.08702413701923077 0.4190969423076923 0.08415749278846155 0.4159117836538462 0.0723325889423077 0.40699333653846154 0.06731596153846155 0.40699333653846154 0.06194100480769231 0.41718584855769236
10 0.0916824326923077 0.5426811394230769 0.09669906009615385 0.5388589495192307 0.09562406730769231 0.5242072139423077 0.09024911057692307 0.5171998629807693 0.08236584134615385 0.5222961177884615 0.07842420673076923 0.5350367572115384 0.07985752884615384 0.5465033317307693 0.08702413701923077 0.5471403629807692 0.0916824326923077 0.5426811394230769
2 0.31277233173076924 0.21015046634615386 0.31528064423076924 0.21715781730769232 0.3224472548076923 0.21460968990384616 0.33319716826923074 0.20569124278846151 0.34143876923076927 0.20441718028846154 0.3521886826923077 0.18912841346153847 0.3489637091346154 0.18148402884615383 0.3457387331730769 0.17129151923076924 0.3353471514423077 0.1795729326923077 0.3288972019230769 0.19040247596153848 0.32531389663461535 0.19804686057692308 0.31599730528846154 0.20505421153846154 0.31277233173076924 0.21015046634615386
8 0.4571795096153846 0.11714380288461539 0.4593294927884616 0.1292474110576923 0.4654211105769231 0.12861037740384615 0.4690044134615385 0.11841786778846154 0.46757109375000006 0.10822535576923077 0.4611211442307692 0.09675878125 0.4575378389423077 0.08720330288461538 0.4507295600961539 0.08401814182692308 0.4503712307692308 0.09102549519230768 0.45001289903846153 0.09866987740384615 0.4543128653846154 0.10504019711538462 0.4571795096153846 0.11714380288461539
5 0.37189685817307694 0.09293658894230769 0.36473025000000003 0.0922995576923077 0.3640135889423077 0.1005809735576923 0.3661635697115385 0.10822535576923077 0.37225518750000003 0.10249206971153847 0.37189685817307694 0.09293658894230769
4 0.37583849278846154 0.04643325721153846 0.37404684134615385 0.06044796153846154 0.38336343269230766 0.06172202403846154 0.38443842548076923 0.04579622596153846 0.37583849278846154 0.04643325721153846
7 0.35433866586538465 0.012670564903846153 0.35541365625 0.023500108173076923 0.35290534375000004 0.029233396634615383 0.35541365625 0.03305558653846154 0.3597136225961538 0.047707322115384615 0.36831355288461537 0.04515919471153847 0.37440517067307694 0.02795933173076923 0.37691348557692306 0.02095198076923077 0.37440517067307694 0.01075946875 0.37261351923076924 0.002478055288461539 0.36222193509615386 0.0018410216346153847 0.34968037019230774 0.0012039903846153845 0.3407221081730769 0.0005669591346153846 0.3468137259615384 0.008848372596153845 0.35433866586538465 0.012670564903846153
6 0.5112874086538461 0.026048235576923078 0.5077041057692308 0.03241855528846154 0.5048374615384615 0.042611067307692305 0.5087790961538462 0.050892480769230766 0.5198873413461539 0.07000343990384615 0.5335038990384615 0.0674553125 0.5410288389423077 0.05471467307692308 0.5342205600961538 0.049618418269230774 0.5259789591346153 0.042611067307692305 0.5112874086538461 0.026048235576923078
7 0.22820634134615383 0.21078750000000002 0.23537294951923077 0.20632827403846152 0.2421812283653846 0.21269859375 0.2543644639423077 0.2082393701923077 0.25543945673076923 0.18912841346153847 0.2493478389423077 0.17256558173076925 0.23358129807692307 0.1636471346153846 0.22462303605769232 0.17638777403846154 0.22462303605769232 0.19231357211538463 0.22820634134615383 0.21078750000000002
7 0.06982427403846153 0.02859636298076923 0.06265766586538461 0.037514810096153844 0.07018260576923077 0.049618418269230774 0.07842420673076923 0.05535170432692308 0.08272417067307693 0.039425906250000003 0.08809912740384615 0.024774173076923076 0.08809912740384615 0.018403853365384616 0.08487415384615385 0.019040884615384616 0.07663255288461539 0.021589012019230767 0.06982427403846153 0.02859636298076923
6 0.19129830288461538 0.047707322115384615 0.1966732596153846 0.029233396634615383 0.19165663221153845 0.01712978846153846 0.18377336298076924 0.015218692307692306 0.17624842307692307 0.029870427884615382 0.1801900576923077 0.04324809855769231 0.18449002403846154 0.050892480769230766 0.19129830288461538 0.047707322115384615