11 0.5115692548076923 0.9123426514423076 0.44163610576923074 0.8946872836538462 0.4201605697115385 0.9176082860576924 0.41685664182692306 0.9219446923076924 0.4829352091346154 0.9377416009615385 0.49174568509615385 0.9340246802884615 0.5115692548076923 0.9123426514423076
9 0.541304610576923 0.9420780048076923 0.552868360576923 0.9396000600961538 0.5594762163461539 0.9318564783653845 0.5616788365384615 0.9265908413461539 0.5594762163461539 0.9188472596153846 0.5402033028846154 0.9142011105769231 0.5253356250000001 0.9169888004807691 0.5170758028846154 0.9213252067307691 0.5159744927884615 0.92937853125 0.5209303870192308 0.9330954495192307 0.5264369326923076 0.9396000600961538 0.541304610576923 0.9420780048076923
8 0.7518136682692307 0.9344366057692307 0.7571726177884616 0.9301033942307693 0.7494691298076923 0.9225673725961538 0.7129612884615385 0.90485771875 0.7069324711538462 0.9022201129807693 0.6998988509615385 0.905422920673077 0.6985591129807692 0.9129589447115385 0.7357368221153846 0.9316105985576922 0.7518136682692307 0.9344366057692307
9 0.7538232740384616 0.9044809182692308 0.7709049254807692 0.9042925192307693 0.7839673629807693 0.8982636995192308 0.7883215096153846 0.889974076923077 0.7853071009615384 0.8831916562500001 0.7648761081730769 0.8758440336538461 0.7608568966346153 0.8765976370192308 0.7427704423076923 0.8830032548076924 0.7410957716346154 0.8869596682692307 0.7434403100961539 0.8907276778846154 0.7454499182692308 0.8984521009615385 0.7538232740384616 0.9044809182692308
10 0.7538232740384616 0.8660472067307693 0.7481293918269232 0.8662356057692308 0.7374114927884615 0.8786700432692308 0.7414307043269232 0.88111925 0.7467896538461538 0.8820612524038461 0.7588472908653846 0.8762208365384615 0.7665507788461539 0.8737716274038461 0.7652110432692307 0.8716992211538461 0.7538232740384616 0.8660472067307693
8 0.7434403100961539 0.8750904326923077 0.7414307043269232 0.8690616153846153 0.7347320192307693 0.8647284014423077 0.7226743846153846 0.8634095985576924 0.7163106322115385 0.87075721875 0.7092770096153846 0.8779164399038462 0.7089420769230769 0.8805540480769231 0.7153058293269231 0.8816844519230769 0.7260237259615384 0.88111925 0.7354018870192308 0.8786700432692308 0.7434403100961539 0.8750904326923077
7 0.7879865745192307 0.8266714903846153 0.7745892019230769 0.8195122692307693 0.7709049254807692 0.8110342427884615 0.768225451923077 0.8029330192307692 0.7518136682692307 0.8025562187499999 0.7397560336538462 0.8048170264423077 0.7354018870192308 0.8166862596153847 0.7337272163461539 0.8229034783653847 0.7360717572115385 0.8274250913461538 0.7273634639423077 0.8304395 0.728368266826923 0.8402363293269232 0.7317176105769231 0.8472071490384615 0.7327224134615384 0.856815579326923 0.7347320192307693 0.858887985576923 0.7347320192307693 0.8624675961538462 0.7394210985576923 0.8675544110576923 0.7662158461538462 0.8677428100961537 0.7853071009615384 0.8639748004807692 0.7983695384615385 0.8571923798076924 0.8047332908653846 0.8513519615384616 0.8030586201923077 0.8389175264423077 0.7879865745192307 0.8266714903846153
2 0.4979334543269231 0.8732064278846153 0.4848710168269231 0.8613371923076923 0.45707146875 0.8472071490384615 0.44970291346153846 0.84494634375 0.44333916105769233 0.8513519615384616 0.44233435817307687 0.8549315721153847 0.4694640384615385 0.8692500144230769 0.49458411298076926 0.8775396394230769 0.5019526658653846 0.8805540480769231 0.5069766826923077 0.8760324350961538 0.4979334543269231 0.8732064278846153
8 0.5103260240384615 0.84080153125 0.5106609591346154 0.8391059254807692 0.5009478653846154 0.837787122596154 0.4992731923076923 0.8391059254807692 0.49458411298076926 0.8411783317307692 0.4952539807692308 0.8436275384615384 0.49123476923076925 0.8498447572115384 0.4882203605769231 0.8581343822115385 0.48219154326923075 0.8782932427884614 0.49994306009615386 0.8820612524038461 0.5056369447115384 0.8801772475961538 0.5120006971153847 0.8505983605769232 0.5099910913461538 0.8468303485576923 0.5140103028846154 0.8443811418269231 0.5103260240384615 0.84080153125
4 0.9922965096153846 0.8741484302884615 0.9986602620192309 0.8733948269230769 0.9976554591346154 0.8511635625 0.9788991370192307 0.8538011706730769 0.9829183485576922 0.8741484302884615 0.9922965096153846 0.8741484302884615
7 0.8740646947115385 0.9009013076923077 0.8918162139423077 0.9022201129807693 0.912582141826923 0.905422920673077 0.9276541875 0.9003361057692308 0.9276541875 0.8944956899038462 0.9353576754807692 0.8822496538461538 0.9353576754807692 0.87075721875 0.9464105096153846 0.8562503774038461 0.9477502451923077 0.8424971370192308 0.9122472091346154 0.8332655096153846 0.902869048076923 0.8430623389423076 0.8908114110576922 0.8400479302884616 0.870045483173077 0.8432507379807692 0.8610022572115384 0.8628443966346153 0.8449254110576923 0.8814960504807693 0.8476048846153846 0.8954376923076922 0.8526288990384615 0.9110749375 0.8640166658653846 0.9112633389423077 0.8740646947115385 0.9009013076923077
7 0.8569830456730769 0.8658588052884616 0.8429158052884616 0.8585111826923076 0.8378917884615384 0.8577575817307692 0.8358821826923077 0.8722644230769231 0.8258341538461539 0.8733948269230769 0.8114319783653846 0.8715108221153846 0.8070778317307692 0.8656704038461539 0.8030586201923077 0.8607719903846154 0.7987044735576923 0.8639748004807692 0.7930105913461538 0.8664240072115384 0.8027236850961538 0.8779164399038462 0.8154511899038461 0.8814960504807693 0.8315280384615384 0.8794236442307692 0.8489446225961538 0.8782932427884614 0.8569830456730769 0.8658588052884616
7 0.8248293509615384 0.872829625 0.8345424471153847 0.8713224206730769 0.8372219206730769 0.8581343822115385 0.8332027091346154 0.8554967740384616 0.8315280384615384 0.8515403629807692 0.8198053365384615 0.8409899326923077 0.7980346057692308 0.8259178870192307 0.7913359182692308 0.8287438966346153 0.8040634230769231 0.8398595288461539 0.8054031610576923 0.8522939639423076 0.7976996706730769 0.8581343822115385 0.7943503269230768 0.8607719903846154 0.8037284879807692 0.8603951899038461 0.8074127668269231 0.8649168028846154 0.810762110576923 0.87075721875 0.8248293509615384 0.872829625
7 0.37501256009615386 0.9236977764423078 0.3736728221153846 0.9329294014423077 0.3817112451923077 0.9446102379807692 0.39041953846153843 0.9461174423076923 0.3997976995192308 0.9353786105769231 0.4071662548076923 0.9182341586538462 0.4091758605769231 0.8967564951923077 0.39879289663461537 0.886771266826923 0.3686488076923077 0.8856408629807693 0.35659117307692306 0.8939304879807692 0.35424663221153846 0.9042925192307693 0.34486847115384617 0.9061765240384615 0.3508972884615385 0.9171037572115384 0.35592130288461543 0.9212485673076922 0.37501256009615386 0.9236977764423078
7 0.3599405144230769 0.8159326586538461 0.3458732740384616 0.8285554951923076 0.3354903100961538 0.8404247307692307 0.34419860336538466 0.8453231442307693 0.36027544951923074 0.8421203341346154 0.35826584375 0.8564387764423077 0.3632898581730769 0.8617139927884616 0.36797893990384617 0.8603951899038461 0.3803715096153846 0.8456999447115384 0.39812302884615386 0.8398595288461539 0.39778809375 0.8362799182692308 0.42391297115384613 0.8310047019230768 0.39376888221153844 0.8068894302884615 0.3599405144230769 0.8159326586538461
8 0.30400648557692306 0.884698860576923 0.3043414182692308 0.8798004471153846 0.2966379302884615 0.8779164399038462 0.2942933894230769 0.8818728509615384 0.28558509615384614 0.8839452572115385 0.26113489182692307 0.912582141826923 0.2688383798076923 0.9189877620192307 0.2782165408653846 0.9191761610576923 0.2885995048076923 0.9090025312500001 0.30266674759615386 0.8909160793269231 0.30400648557692306 0.884698860576923
8 0.3110401057692308 0.9451754374999999 0.32209293749999995 0.9534650625 0.3314710985576923 0.9576098749999999 0.33716498076923074 0.9540302644230769 0.3465431418269231 0.9476246466346154 0.3281217548076923 0.9399002235576923 0.31037023557692306 0.9257701802884615 0.3046763533653846 0.9167269543269231 0.28792963701923074 0.9163501538461538 0.2845802932692308 0.9131473437500001 0.2805610817307692 0.9167269543269231 0.28223575240384613 0.9206833653846154 0.2839104254807692 0.9242629759615385 0.28658989903846155 0.9329294014423077 0.29898246875 0.9380162163461538 0.3110401057692308 0.9451754374999999
7 0.1948178966346154 0.9608126850961539 0.20285631971153845 0.9572330745192308 0.20754540144230768 0.9577982764423076 0.21993797115384617 0.9628850913461539 0.22965106490384615 0.9625082884615386 0.2360148173076923 0.9640154951923077 0.2527615336538461 0.9589286802884616 0.2638143653846154 0.9472478437499999 0.2584554158653846 0.9444218365384616 0.24438817548076924 0.9331178028846154 0.2169235625 0.9238861754807692 0.21089474278846154 0.9238861754807692 0.1931432235576923 0.9340598052884614 0.18845414423076923 0.9427262307692307 0.19180348798076924 0.9480014471153846 0.19582269951923076 0.951957858173077 0.19180348798076924 0.9527114615384615 0.18644453846153847 0.9570446730769231 0.18711440624999998 0.9619430889423076 0.1948178966346154 0.9608126850961539
7 0.31673398798076924 0.8681196105769231 0.3060160913461539 0.8743368293269231 0.3060160913461539 0.8850756610576924 0.31438944951923076 0.8909160793269231 0.3274518870192308 0.8907276778846154 0.34922261778846153 0.8820612524038461 0.34955755048076925 0.8750904326923077 0.3421889975961539 0.8696268173076922 0.3277868221153846 0.8677428100961537 0.31673398798076924 0.8681196105769231
7 0.28993924278846156 0.8745252307692308 0.2624746298076923 0.8660472067307693 0.25376633653846153 0.8750904326923077 0.24070389903846154 0.8747136322115385 0.21725849519230772 0.8671776081730769 0.18041572115384616 0.86661240625 0.17874104807692306 0.8758440336538461 0.17874104807692306 0.884698860576923 0.17371703365384614 0.892988485576923 0.1767314423076923 0.9101329350961538 0.19113361778846152 0.9112633389423077 0.20955500721153844 0.9127705432692307 0.21792836538461538 0.9127705432692307 0.2189331682692308 0.9082489302884615 0.23032093509615384 0.9022201129807693 0.23300040865384614 0.9063649254807692 0.23768948798076922 0.912582141826923 0.22529691826923076 0.9120169399038461 0.21558382451923078 0.9225673725961538 0.23032093509615384 0.9274657860576923 0.23835935817307694 0.9269005841346154 0.24237856971153848 0.928219389423077 0.2504169927884615 0.9154081514423077 0.2601300889423077 0.9159733533653847 0.26615890625 0.9063649254807692 0.27922134375 0.8907276778846154 0.28993924278846156 0.8745252307692308
5 0.31673398798076924 0.8534243677884615 0.30568115625 0.8505983605769232 0.2942933894230769 0.8598299879807693 0.3127147764423077 0.8647284014423077 0.31673398798076924 0.8534243677884615
5 0.2956331274038461 0.8613371923076923 0.28993924278846156 0.8722644230769231 0.29998727163461536 0.8762208365384615 0.3117099735576923 0.8692500144230769 0.3130497115384615 0.8668008076923077 0.2956331274038461 0.8613371923076923
5 0.25711568028846155 0.8383523245192308 0.24773751923076923 0.8370335192307692 0.2427135048076923 0.8415551346153846 0.24137376682692308 0.8453231442307693 0.24773751923076923 0.8487143533653847 0.2621396947115385 0.8556851754807693 0.27051305288461536 0.8492795552884616 0.27151785576923076 0.8430623389423076 0.25711568028846155 0.8383523245192308
5 0.2788864110576923 0.8577575817307692 0.2765418701923077 0.8485259543269231 0.2688383798076923 0.8487143533653847 0.2624746298076923 0.8545547716346154 0.26481916826923074 0.8594531850961539 0.2788864110576923 0.8577575817307692
5 0.28190081971153846 0.84701875 0.27922134375 0.8492795552884616 0.27788160817307694 0.8505983605769232 0.28190081971153846 0.8558735745192307 0.28826457211538464 0.8585111826923076 0.2979776658653846 0.8528591658653847 0.2939584543269231 0.8468303485576923 0.28190081971153846 0.84701875
8 0.2845802932692308 0.8266714903846153 0.2782165408653846 0.8281786947115385 0.2812309495192308 0.8359031177884616 0.28558509615384614 0.8423087355769231 0.29328858653846157 0.8460767475961538 0.29697286298076925 0.8507867596153846 0.30099207451923077 0.8526707668269231 0.3050112860576923 0.8513519615384616 0.3043414182692308 0.8479607524038462 0.31003530288461534 0.8500331586538461 0.31137503846153847 0.8466419495192308 0.3060160913461539 0.8406131298076923 0.29931740384615385 0.8321351057692308 0.2845802932692308 0.8266714903846153
4 0.8372219206730769 0.837598721153846 0.8211450745192308 0.8330771081730769 0.8167909278846154 0.8355263149038462 0.8191354663461539 0.8417435336538461 0.8291834975961538 0.8481491538461537 0.8382267235576923 0.8560619759615384 0.8539686370192308 0.8605835889423077 0.8372219206730769 0.837598721153846
5 0.32577721394230774 0.8856408629807693 0.33113616346153846 0.8963796947115384 0.3421889975961539 0.8941188894230769 0.35391169711538456 0.88733646875 0.3545815673076923 0.8845104591346153 0.3381697860576923 0.8781048413461539 0.3281217548076923 0.8807424495192309 0.32577721394230774 0.8856408629807693
8 0.9025341129807691 0.7626444591346153 0.90214734375 0.7748276947115385 0.9129768870192307 0.7748276947115385 0.9249667379807692 0.7683009615384615 0.9481729014423077 0.7515490120192307 0.9311550480769231 0.74197646875 0.9091091923076923 0.7565528413461539 0.9025341129807691 0.7626444591346153
10 0.8449054735576923 0.7887513918269231 0.8371700865384616 0.7917972019230769 0.8336891610576923 0.7981063774038462 0.8433583966346153 0.8072438028846154 0.850707014423077 0.8074613605769231 0.8592159423076923 0.8015873004807692 0.8538011706730769 0.7915796442307692 0.8449054735576923 0.7887513918269231
8 0.8599894807692308 0.7735223485576923 0.8538011706730769 0.7820071009615385 0.8545747091346154 0.7889689495192307 0.858829170673077 0.8031102067307692 0.8704322524038461 0.8035453221153847 0.8750734855769231 0.7976712620192308 0.8812617956730769 0.7954956826923076 0.8824221057692309 0.7796139663461539 0.8719793317307692 0.7748276947115385 0.8599894807692308 0.7735223485576923
10 0.9767938365384615 0.7907094134615384 0.9617098293269231 0.7826597740384614 0.9516538269230769 0.7911445288461538 0.9555215192307693 0.7959307980769231 0.9632569086538462 0.8000643966346155 0.9690584495192307 0.7987590504807692 0.9767938365384615 0.7907094134615384
8 0.6317955384615386 0.7785261754807693 0.6248336899038461 0.7661253822115385 0.6163247620192307 0.7526368004807692 0.6070422980769231 0.7437169302884615 0.598920139423077 0.7437169302884615 0.5873170576923077 0.7554650504807692 0.5834493653846153 0.7582933028846154 0.595825985576923 0.7776559447115384 0.6051084495192307 0.7850529110576924 0.6082026057692308 0.7965834735576922 0.6232866105769231 0.7998468389423077 0.62792784375 0.8046331105769231 0.6372103100961539 0.8026750913461539 0.6337293846153845 0.7963659158653846 0.6368235408653846 0.7872284879807693 0.6317955384615386 0.7785261754807693
8 0.7048949543269232 0.7659078245192308 0.6998669519230769 0.7563352836538461 0.7006404903846154 0.7530719158653846 0.6905844855769231 0.7508963389423078 0.6901977163461539 0.7552474927884615 0.6878771009615385 0.762862016826923 0.6867167932692309 0.7713467692307692 0.6886506394230769 0.7791788509615384 0.6874903317307692 0.7841826778846154 0.6913580240384616 0.7846177932692308 0.6979331033653846 0.7863582572115385 0.7045081826923076 0.78527046875 0.7060552620192309 0.7822246586538462 0.7041214134615384 0.7783086177884615 0.7048949543269232 0.7659078245192308
5 0.7060552620192309 0.7828773317307692 0.7018007980769231 0.7854880264423076 0.7045081826923076 0.7915796442307692 0.7215260384615385 0.7904918557692308 0.72887465625 0.7891865072115384 0.7211392692307693 0.7785261754807693 0.7157244975961539 0.7802666394230768 0.7060552620192309 0.7828773317307692
8 0.7331291201923077 0.7904918557692308 0.7389306586538461 0.7904918557692308 0.7455057403846154 0.7913620865384616 0.7458925096153847 0.7878811610576922 0.7485998942307692 0.7870109302884616 0.7474395865384615 0.7848353533653847 0.7408645072115385 0.7772208293269232 0.72887465625 0.772217 0.727327579326923 0.7691711923076923 0.7203657283653846 0.7654727091346154 0.7145641875000001 0.7624269014423077 0.7068288004807692 0.7652551514423076 0.7106964951923077 0.7691711923076923 0.7122435721153846 0.772217 0.7164980360576922 0.7759154831730769 0.7226863461538462 0.7804841971153846 0.7284878870192307 0.7867933725961538 0.7331291201923077 0.7904918557692308
2 0.7973328389423078 0.7254420769230769 0.7926916057692307 0.7200031322115384 0.7841826778846154 0.7160870937499999 0.7783811370192308 0.7156519759615385 0.7710325192307692 0.7210909206730769 0.7594294374999999 0.7308810216346154 0.748213125 0.7384955432692308 0.7497602019230769 0.7428466995192308 0.746666048076923 0.7474154134615384 0.7389306586538461 0.7550299350961538 0.7358365048076922 0.7582933028846154 0.7420248149038462 0.7606864375 0.7451189711538462 0.7600337644230769 0.7586558990384616 0.7508963389423078 0.7694854423076923 0.7469802980769231 0.7857297572115385 0.7319688100961539 0.7973328389423078 0.7254420769230769
2 0.8147374615384616 0.7617742259615384 0.8128036129807692 0.7406711225961539 0.8054549951923077 0.7354497355769231 0.7934651442307692 0.7374077548076923 0.7888239110576923 0.7395833341346154 0.7895974495192307 0.7467627403846154 0.7907577596153845 0.7539421466346153 0.7950122211538461 0.7611215528846155 0.8031343798076923 0.7659078245192308 0.8147374615384616 0.7617742259615384
2 0.592731829326923 0.8690302139423077 0.5973730625 0.8662019639423076 0.5915715216346153 0.8566294206730769 0.5869302884615385 0.8483622259615384 0.5826758245192308 0.8457515312499999 0.5664315096153846 0.8442286274038462 0.5641108942307692 0.8359614302884615 0.5621770480769231 0.8257362163461538 0.5656579711538462 0.8170339038461538 0.5567622764423077 0.8157285576923077 0.5482533485576924 0.8192094831730768 0.5467062716346154 0.8237781947115385 0.5447724254807692 0.8266064471153847 0.5559887379807692 0.8377018942307692 0.5644976634615385 0.8490148990384616 0.5788081322115385 0.8581523245192308 0.592731829326923 0.8690302139423077
4 0.47747455048076926 0.7761330408653847 0.4797951658653846 0.7807017548076923 0.4712862403846154 0.7833124471153846 0.4712862403846154 0.793102548076923 0.5180853365384616 0.8139880961538462 0.5343296514423077 0.7950605673076924 0.5122837956730769 0.7804841971153846 0.48443639903846153 0.7756979254807692 0.4797951658653846 0.772217 0.47747455048076926 0.7761330408653847
7 0.48791732451923076 0.7532894735576924 0.4910114783653846 0.7500261057692307 0.48134224519230767 0.7445871634615385 0.4635508533653846 0.736972639423077 0.44924038461538457 0.7289230024038461 0.43338283894230767 0.7343619471153846 0.43338283894230767 0.7469802980769231 0.4457594615384615 0.7576406298076923 0.46200377403846155 0.76220934375 0.4689656225961538 0.7617742259615384 0.4778613197115385 0.7567703990384615 0.47824808894230764 0.7524192427884615 0.48134224519230767 0.7535070312500001 0.48791732451923076 0.7532894735576924
5 0.3347566442307693 0.8960073798076924 0.33050218028846157 0.901228766826923 0.34635972596153847 0.9047096899038463 0.3517744975961538 0.9038394591346154 0.35370834615384616 0.8923088966346153 0.35061418990384613 0.8901333197115384 0.3428788028846154 0.8940493605769231 0.3347566442307693 0.8960073798076924
8 0.08877131009615385 0.8455339735576923 0.0845168485576923 0.8361789903846154 0.08026238461538462 0.8333507379807692 0.08142269230769231 0.8296522548076923 0.07368730528846154 0.8294346971153845 0.06324453125 0.8326980649038462 0.06827253365384615 0.838572125 0.06981961057692308 0.8437935120192308 0.0713666875 0.8496675721153846 0.08064915384615384 0.8538011706730769 0.082583 0.8596752307692307 0.0899316201923077 0.8583698822115384 0.09302577403846153 0.8557591899038461 0.08761100240384614 0.8529309375 0.08877131009615385 0.8455339735576923
7 0.8998267283653847 0.7576406298076923 0.8677248677884616 0.7465451826923076 0.8634704038461538 0.7489383173076922 0.8452922427884615 0.7437169302884615 0.8429716274038461 0.749155875 0.8626968653846153 0.7550299350961538 0.8565085552884616 0.7665604975961539 0.858829170673077 0.7726521153846153 0.8719793317307692 0.7737399062500001 0.8820353341346153 0.7796139663461539 0.9025341129807691 0.7837475625000001 0.9048547283653845 0.7635146899038462 0.8998267283653847 0.7576406298076923
8 0.2887310865384615 0.7737399062500001 0.27712800480769234 0.7730872307692308 0.27712800480769234 0.7785261754807693 0.27442062019230773 0.7841826778846154 0.2755809278846154 0.7985414927884615 0.27944862259615383 0.8144232115384615 0.2906649350961538 0.8142056538461537 0.30033416826923076 0.8135529807692308 0.29994739903846157 0.8050682259615385 0.29569293509615385 0.7894040649038462 0.29221201201923075 0.7780910600961538 0.2887310865384615 0.7737399062500001
8 0.2295553701923077 0.7535070312500001 0.2160184423076923 0.74197646875 0.19822704807692307 0.7482856442307693 0.2082830528846154 0.7578581875 0.21795228846153847 0.7650375937499999 0.22220675240384613 0.768736076923077 0.22800829326923078 0.772217 0.23613044951923076 0.7739574639423077 0.23999814423076923 0.7778735024038461 0.24966737740384615 0.7750452524038463 0.24541291586538463 0.7706940961538462 0.24386583653846156 0.76220934375 0.2295553701923077 0.7535070312500001
8 0.2129242860576923 0.7861406995192308 0.22452736778846155 0.7859231418269231 0.2338098341346154 0.77656815625 0.22452736778846155 0.7704765384615384 0.2082830528846154 0.7678658461538461 0.1823695048076923 0.7635146899038462 0.16380457211538463 0.7641673629807693 0.15336180048076925 0.7635146899038462 0.15104118269230768 0.7702589807692307 0.1587765721153846 0.7709116538461539 0.16689872836538464 0.7763505985576923 0.18391658173076925 0.7813544278846154 0.20441535817307693 0.7837475625000001 0.2129242860576923 0.7861406995192308
11 0.21524490144230768 0.8231255216346154 0.21911259615384615 0.826388889423077 0.27210000240384613 0.8274766778846154 0.28099569951923076 0.8194270408653845 0.27093969471153845 0.7859231418269231 0.2334230625 0.7828773317307692 0.21524490144230768 0.8196445985576923 0.21524490144230768 0.8231255216346154
8 0.2593366129807692 0.8259537740384615 0.26243076923076925 0.8316102764423078 0.2659116923076923 0.8368316634615385 0.2659116923076923 0.8387896826923077 0.2713264639423077 0.8381370096153845 0.2767412355769231 0.8276942355769231 0.27364708173076924 0.820514829326923 0.26823231009615384 0.81115984375 0.2628175384615385 0.8144232115384615 0.26049692067307695 0.8224728485576923 0.2593366129807692 0.8259537740384615
8 0.1846901201923077 0.8551065168269231 0.2160184423076923 0.8581523245192308 0.22220675240384613 0.8466217620192308 0.21485813221153846 0.84292328125 0.2005476658653846 0.8437935120192308 0.19977412740384615 0.8498851298076923 0.1846901201923077 0.8551065168269231
6 0.1038553173076923 0.8259537740384615 0.10578916346153845 0.8518431490384616 0.13170271394230768 0.8496675721153846 0.13827779326923076 0.8479271105769232 0.13402332932692307 0.8261713317307693 0.1038553173076923 0.8259537740384615
7 0.10578916346153845 0.8237781947115385 0.11120393509615385 0.8148583269230769 0.12396732692307692 0.8113774014423077 0.13518363701923078 0.8070262451923077 0.13363656009615385 0.7963659158653846 0.12087317067307693 0.7880987187499999 0.09611993028846154 0.7854880264423076 0.07214022596153846 0.7970185889423077 0.059763605769230774 0.8078964783653846 0.06401806971153846 0.8165987884615385 0.06633868509615384 0.8216026177884616 0.07755499759615384 0.8294346971153845 0.08761100240384614 0.8335682956730769 0.08606392548076923 0.8366141057692308 0.09225223557692308 0.8333507379807692 0.09650669951923077 0.8279117932692308 0.10578916346153845 0.8237781947115385
8 0.6932918725961539 0.7247894038461538 0.6836226370192308 0.7019458365384617 0.6743401706730769 0.6899801586538461 0.6662180144230769 0.6893274855769231 0.6654444759615384 0.6858465600961539 0.6608032427884616 0.6851938870192308 0.6550017019230769 0.6869343509615384 0.6569355480769231 0.6912855048076924 0.6495869302884615 0.6960717764423077 0.648813391826923 0.7039038557692308 0.6553884711538461 0.7147817451923076 0.6584826274038461 0.7284878870192307 0.6658312451923076 0.7426291418269231 0.6735666322115385 0.7461100673076922 0.6789814038461538 0.7461100673076922 0.6851697139423076 0.748503201923077 0.6913580240384616 0.7443696033653846 0.6983198725961538 0.7439344879807692 0.7014140288461538 0.7384955432692308 0.6932918725961539 0.7247894038461538
2 0.7400909687499999 0.70455653125 0.7323555793269231 0.7056443197115385 0.7265540384615385 0.700858048076923 0.7261672692307692 0.6967244495192308 0.7141774182692308 0.6915030625 0.7014140288461538 0.6908503894230769 0.6994801826923077 0.6888923701923078 0.6932918725961539 0.6899801586538461 0.6855564831730769 0.6952015456730769 0.69522571875 0.7017282788461539 0.7211392692307693 0.7119534951923078 0.7319688100961539 0.7132588413461539 0.7443454302884616 0.7169573245192308 0.7644574399038462 0.7223962692307692 0.7679383653846154 0.71891534375 0.760976514423077 0.7163046514423077 0.7528543581730769 0.7128237259615384 0.7431851225961539 0.7069496658653847 0.7400909687499999 0.70455653125
2 0.9330888942307692 0.6743159975961538 0.9071753461538462 0.6653961298076924 0.8688851754807693 0.6579991634615384 0.8661777908653847 0.6664839182692308 0.8754602548076923 0.6686594951923077 0.8978928798076923 0.6745335552884615 0.9118165793269231 0.6740984399038462 0.9296079711538462 0.6786671538461538 0.9330888942307692 0.6743159975961538
2 0.6751137091346154 0.8022399759615385 0.6770475576923077 0.8057208990384616 0.6658312451923076 0.8085491514423077 0.6689253990384615 0.8189919254807693 0.6998669519230769 0.8142056538461537 0.6963860264423077 0.81115984375 0.6975463341346154 0.8011521850961538 0.6801417115384615 0.8018048581730769 0.6751137091346154 0.8022399759615385
7 0.3517744975961538 0.78527046875 0.3757541995192308 0.7841826778846154 0.377688048076923 0.7761330408653847 0.36995265865384613 0.7672131706730769 0.36415111778846154 0.7585108605769231 0.3668585048076923 0.7487207596153845 0.35602896153846153 0.7302283485576923 0.31348432932692305 0.7217435961538462 0.28138246875 0.7219611538461539 0.2728735408653846 0.7247894038461538 0.2686190793269231 0.7241367307692308 0.24966737740384615 0.7291405600961538 0.24812030048076925 0.7363199663461538 0.25044091826923076 0.7526368004807692 0.25972338221153846 0.7619917860576924 0.26977938701923077 0.7683009615384615 0.2906649350961538 0.7752628100961538 0.3045886322115385 0.7804841971153846 0.33088894951923076 0.7826597740384614 0.3517744975961538 0.78527046875
5 0.2319574110576923 0.7361367596153846 0.22711261538461539 0.7374192067307692 0.22112786778846155 0.7433505192307692 0.22141285576923078 0.7459154110576923 0.22483271153846152 0.7473581610576924 0.2402220625 0.7532894735576924 0.24905668990384616 0.7457551033653846 0.2319574110576923 0.7361367596153846
5 0.20744844471153845 0.7136939567307692 0.2134331923076923 0.7234726057692308 0.21970292788461537 0.7223504663461539 0.22853755528846154 0.7197855745192308 0.23224239903846153 0.7165794615384615 0.21856297596153845 0.7098466201923077 0.20744844471153845 0.7136939567307692
5 0.19804384134615385 0.689648096153846 0.2048835528846154 0.6910908485576923 0.2177080120192308 0.6928542115384615 0.22283779567307693 0.6874038173076923 0.20744844471153845 0.6809915865384616 0.19804384134615385 0.689648096153846
5 0.18578936057692308 0.7024725552884615 0.20146369711538462 0.7021519447115385 0.20288863701923077 0.6934954350961539 0.20117870913461539 0.6906099302884615 0.19633391346153847 0.6885259567307693 0.19091914423076922 0.6891671802884616 0.1849343966346154 0.6995870528846153 0.18578936057692308 0.7024725552884615
8 0.05896971153846154 0.7165794615384615 0.054409903846153844 0.7186634350961539 0.04956510817307692 0.7186634350961539 0.03759561298076923 0.7223504663461539 0.03218084134615385 0.7257168870192309 0.0299009375 0.7266787211538461 0.03132587740384615 0.7294039182692308 0.03474573317307692 0.7294039182692308 0.04101546875 0.7316481995192308 0.051560024038461535 0.7305260600961538 0.07207915865384615 0.7286023894230769 0.08233872596153846 0.7250756634615385 0.08376366586538463 0.7193046586538461 0.07321911057692308 0.7146557908653846 0.05896971153846154 0.7165794615384615
8 0.09801306490384615 0.7345337019230769 0.10570773798076923 0.7276405552884615 0.10912759375 0.7201061875 0.09658812500000001 0.71786190625 0.08832347355769231 0.7215489374999999 0.07464405048076923 0.7318085048076923 0.06381450721153846 0.7391825697115385 0.06267455528846154 0.7449535745192308 0.0595396875 0.7483199951923076 0.06466947115384615 0.7512055 0.06979925480769231 0.7478390793269232 0.07834889423076923 0.7473581610576924 0.08547359375 0.7423886826923076 0.09801306490384615 0.7345337019230769
12 0.08176875 0.7580986466346153 0.08176875 0.7542513076923077 0.07207915865384615 0.7502436634615385 0.05241498798076923 0.7375795120192308 0.054409903846153844 0.7414268485576923 0.06096462740384615 0.7471978557692308 0.06751935096153847 0.7520070288461539 0.07350409855769231 0.7580986466346153 0.08176875 0.7580986466346153
8 0.0299009375 0.7273199447115384 0.017931442307692308 0.7265184158653846 0.012516670673076923 0.7292436129807692 0.013941610576923077 0.7343733966346153 0.017361466346153844 0.7385413461538461 0.01850141826923077 0.7451138822115385 0.027336045673076924 0.7512055 0.0299009375 0.7553734471153846 0.03873556490384615 0.7536100841346154 0.037310625 0.7486406081730769 0.03873556490384615 0.7407856274038462 0.03332079326923077 0.7316481995192308 0.0299009375 0.7273199447115384
5 0.018216430288461538 0.7383810408653846 0.014511586538461537 0.7337321730769231 0.0008321658653846155 0.7358161490384615 0.0008321658653846155 0.7422283774038461 0.002257105769230769 0.7465566322115385 0.00653192548076923 0.7449535745192308 0.016506502403846154 0.7412665432692307 0.018216430288461538 0.7383810408653846
10 0.0401605048076923 0.7055183653846153 0.03446074519230769 0.6981443004807691 0.017931442307692308 0.70006796875 0.010521757211538462 0.7042359182692307 0.0150815625 0.7169000721153846 0.0401605048076923 0.7055183653846153
11 0.04415033653846154 0.6906099302884615 0.03189585336538461 0.6926939062499999 0.012516670673076923 0.6995870528846153 0.0031120697115384617 0.701190110576923 0.008526841346153845 0.7183428245192308 0.02505614182692308 0.7273199447115384 0.03645566105769231 0.7241138293269231 0.06666438701923078 0.7084038677884615 0.06865930288461539 0.7003885817307692 0.056119831730769225 0.693816045673077 0.04415033653846154 0.6906099302884615
11 0.031040889423076923 0.6561441971153846 0.026481081730769233 0.6542205288461538 0.0014021418269230769 0.6571060336538461 0.001117153846153846 0.6659228485576923 0.018216430288461538 0.6694495745192307 0.02562611778846154 0.6827549495192307 0.03645566105769231 0.6757014975961538 0.031040889423076923 0.6561441971153846
9 0.0019721177884615385 0.6664037644230769 0.001117153846153846 0.6912511538461538 0.008811829326923077 0.6920526826923077 0.02306122596153846 0.6849992307692307 0.020211346153846156 0.6707320192307692 0.0019721177884615385 0.6664037644230769
5 0.002257105769230769 0.6798694471153847 0.011946694711538463 0.67714425 0.01850141826923077 0.6734572187500001 0.009951781250000001 0.6675259062500001 0.002827081730769231 0.6676862115384616 0.0016871298076923077 0.6720144663461538 0.002257105769230769 0.6798694471153847
5 0.005391973557692308 0.6665640697115385 0.009666793269230768 0.6672052932692308 0.020211346153846156 0.6684877403846153 0.01850141826923077 0.6588693966346154 0.00653192548076923 0.6588693966346154 0.005391973557692308 0.6665640697115385
8 0.08775349759615383 0.6660831538461539 0.08547359375 0.6766633317307692 0.08148376201923077 0.6829152572115385 0.09031838942307693 0.6856404543269231 0.09772807692307692 0.6841977019230769 0.10057795432692308 0.6825946442307692 0.10770265384615385 0.6691289615384615 0.11112250961538463 0.6622358173076923 0.10770265384615385 0.6543808341346153 0.09943800240384615 0.652777778846154 0.09886802644230769 0.6563045048076923 0.08775349759615383 0.6660831538461539
8 0.1173922451923077 0.70006796875 0.10228788221153845 0.6986252187499999 0.10143291826923077 0.6952587980769231 0.09373824519230768 0.6946175745192308 0.08860846153846154 0.6925336009615385 0.09231330528846154 0.6906099302884615 0.07948884615384616 0.6893274855769231 0.07065421875 0.693816045673077 0.06637939903846155 0.6950984927884616 0.07179417067307693 0.6981443004807691 0.09858303846153847 0.7050374471153845 0.11340241346153847 0.7098466201923077 0.12081210096153847 0.7072817283653846 0.12480193269230769 0.7090450913461539 0.13050169230769232 0.70599928125 0.12565689663461538 0.7023122500000001 0.1173922451923077 0.70006796875
8 0.12622687259615384 0.6827549495192307 0.10599272596153846 0.6801900576923077 0.09858303846153847 0.683396173076923 0.0874685096153846 0.6862816754807692 0.09060337740384615 0.6893274855769231 0.10542275 0.6901290144230768 0.11682226923076923 0.6962206322115385 0.12138207692307691 0.6942969639423077 0.11824720913461538 0.689648096153846 0.12366198076923077 0.6835564783653846 0.12622687259615384 0.6827549495192307
10 0.12166706490384614 0.69413665625 0.13278159615384616 0.6952587980769231 0.13392154807692308 0.6869228990384616 0.12793680048076922 0.6841977019230769 0.12280701682692308 0.6849992307692307 0.11967214903846154 0.689006875 0.12166706490384614 0.69413665625
11 0.2177080120192308 0.7092053966346155 0.20915837259615386 0.7040756129807693 0.18350945673076924 0.7002282764423077 0.16071041826923077 0.70006796875 0.13620145192307692 0.7112893701923078 0.1302167043269231 0.7292436129807692 0.14560605528846154 0.7451138822115385 0.15985545432692308 0.7491215240384614 0.18949420432692307 0.7500833581730769 0.2117232644230769 0.7441520456730769 0.22597266346153846 0.7306863653846154 0.2177080120192308 0.7092053966346155
7 0.1359164639423077 0.7143351802884615 0.13392154807692308 0.7303657548076923 0.14389612740384614 0.7423886826923076 0.15273075480769233 0.7449535745192308 0.14845593509615385 0.7484803028846153 0.13648643990384615 0.7484803028846153 0.1302167043269231 0.7531291682692308 0.13363656009615385 0.7590604807692307 0.14503607932692308 0.759701701923077 0.16042543028846154 0.7601826201923078 0.17182494951923077 0.7576177283653845 0.18122955288461537 0.7510451923076923 0.18806926442307692 0.7447932692307693 0.20060873317307693 0.7321291177884616 0.2051685408653846 0.7196252692307692 0.19718887740384616 0.7090450913461539 0.17438984134615382 0.7010298052884616 0.15273075480769233 0.7063198942307692 0.1359164639423077 0.7143351802884615
7 0.10684768990384616 0.7673963774038461 0.11425737740384616 0.7637093461538461 0.12622687259615384 0.7585795625 0.12964672836538463 0.7512055 0.1370564158653846 0.7483199951923076 0.1379113798076923 0.7391825697115385 0.1330665841346154 0.7332512572115385 0.12622687259615384 0.7314878942307692 0.11910217307692307 0.735976454326923 0.11653728125 0.7438314350961538 0.11311742548076922 0.7460757163461539 0.11425737740384616 0.7395031802884616 0.11026754567307692 0.7398237908653846 0.10371282211538461 0.7318085048076923 0.08575858173076924 0.735976454326923 0.08803848557692308 0.7411062379807691 0.07834889423076923 0.7484803028846153 0.07777891826923077 0.7523276394230769 0.08604356971153847 0.7585795625 0.09601814903846154 0.76226659375 0.10000797836538461 0.765633014423077 0.10684768990384616 0.7673963774038461
4 0.1815145408653846 0.6806709759615385 0.13107166826923075 0.6801900576923077 0.1404762716346154 0.7040756129807693 0.14589104326923077 0.7058389759615384 0.16099540625000003 0.6999076634615384 0.1849343966346154 0.6995870528846153 0.1872143004807692 0.6971824663461538 0.1815145408653846 0.6806709759615385
8 0.50754078125 0.6636785673076923 0.4995611177884615 0.6627167331730769 0.4989911418269231 0.6668846826923077 0.49186644230769233 0.6720144663461538 0.4915814543269231 0.6801900576923077 0.48673665865384613 0.6875641225961538 0.48474174278846155 0.6967015480769232 0.48531171875 0.7050374471153845 0.4861666826923077 0.7106481490384616 0.4958562740384615 0.7128924278846154 0.5055458653846154 0.711609983173077 0.5078257692307692 0.7027931682692308 0.5101056730769231 0.6869228990384616 0.5098206850961539 0.681632810096154 0.50754078125 0.6636785673076923
8 0.5725180384615385 0.7826254230769231 0.5688131971153847 0.778938391826923 0.5602635576923076 0.7805414495192308 0.5574136778846154 0.7837475625000001 0.5471541105769231 0.7869536778846153 0.5388894591346154 0.7936865192307692 0.5320497475961539 0.7983353846153847 0.532334735576923 0.8005796658653845 0.5354696033653846 0.8041063918269231 0.5386044711538461 0.8073125072115384 0.5465841346153846 0.8060300600961539 0.5596935817307692 0.7960911057692308 0.5656783293269231 0.789358264423077 0.5725180384615385 0.7826254230769231
4 0.7489255961538461 0.6755411923076923 0.7261265576923077 0.6716938533653847 0.7161519783653846 0.678587 0.7038974951923076 0.6729763004807693 0.6967727956730769 0.6744190528846155 0.7007626274038461 0.6885259567307693 0.6976277596153846 0.6885259567307693 0.7135870865384616 0.6894877908653847 0.7321113052884616 0.6902893197115384 0.74750065625 0.6885259567307693 0.7489255961538461 0.6755411923076923
2 0.5437342548076923 0.6978236899038461 0.5340446634615384 0.7043962235576923 0.5200802524038461 0.7098466201923077 0.5095356971153846 0.7172206826923078 0.5180853365384616 0.7226710793269231 0.5403143990384616 0.7088847860576923 0.5517139182692308 0.7109687596153846 0.5881923774038461 0.689006875 0.5696681586538461 0.677464860576923 0.5596935817307692 0.6817931153846154 0.5437342548076923 0.6978236899038461
7 0.33455308173076925 0.8126025961538462 0.3502274206730769 0.8153277932692308 0.3607719759615385 0.8151674879807692 0.36162693990384615 0.7925643798076922 0.3388279014423077 0.7861521490384615 0.31545888701923075 0.7911216274038462 0.3103291033653846 0.7925643798076922 0.3100441153846154 0.8028239447115385 0.31745380288461533 0.8061903653846154 0.3214436346153846 0.8082743413461538 0.33455308173076925 0.8126025961538462
8 0.9911653725961538 0.76226659375 0.9980050841346154 0.7646711802884615 0.9968651322115385 0.7507245817307692 0.9868905528846154 0.7566558942307692 0.9817607692307693 0.7582589519230769 0.9834706971153846 0.7621062884615385 0.9911653725961538 0.76226659375
12 0.09031838942307693 0.6320983389423076 0.09430822115384616 0.6293731394230769 0.09288328125 0.6260067211538461 0.0846186298076923 0.6260067211538461 0.0743590625 0.6308158918269231 0.053554939903846153 0.6349838413461538 0.05782975961538461 0.6369075096153847 0.066949375 0.6348235360576923 0.07777891826923077 0.6328998677884615 0.08376366586538463 0.6328998677884615 0.09031838942307693 0.6320983389423076
2 0.6383502620192308 0.5828844783653846 0.6292306466346154 0.5820829495192308 0.6161211995192308 0.5944264903846154 0.606431608173077 0.6066097259615385 0.6084265240384615 0.6135028725961539 0.5993069086538462 0.6226403004807692 0.594177125 0.6274494711538462 0.6030117524038462 0.6293731394230769 0.6189710793269231 0.6163883750000001 0.6315105504807692 0.6099761466346154 0.6460449374999999 0.5926631274038462 0.6506047451923076 0.58753334375 0.6383502620192308 0.5828844783653846
2 0.5659633173076923 0.6135028725961539 0.5685282091346153 0.6112585913461538 0.5765078701923076 0.605647891826923 0.5864824495192308 0.59939596875 0.584202545673077 0.5953883245192307 0.5719480625 0.5989150504807692 0.5690981850961538 0.6048463629807692 0.550858954326923 0.6051669735576923 0.5280599158653846 0.6144647067307693 0.5155204447115385 0.6271288605769231 0.5240700841346154 0.6309761971153847 0.5283449038461538 0.6322586442307692 0.5340446634615384 0.6293731394230769 0.5428792908653846 0.624884579326923 0.5534238461538462 0.6218387716346154 0.5659633173076923 0.6135028725961539
2 0.6021567884615384 0.5835256995192307 0.5924671971153846 0.5832050889423077 0.5873374134615384 0.5907394591346153 0.5844875336538462 0.59490740625 0.5864824495192308 0.6003578028846154 0.5776478221153846 0.6062891153846154 0.5776478221153846 0.6118998149038462 0.5770778461538462 0.6284113052884616 0.5833475817307693 0.6280906947115384 0.6021567884615384 0.6136631778846154 0.6161211995192308 0.5931440432692308 0.6229609110576924 0.5832050889423077 0.6044366923076923 0.5787165288461538 0.6021567884615384 0.5835256995192307
10 0.7418008966346155 0.6279303894230769 0.7269815216346154 0.6146250120192308 0.7158669903846153 0.6194341850961538 0.707887326923077 0.6247242740384615 0.7047524591346155 0.6261670264423077 0.7107372067307692 0.6337013942307692 0.71786190625 0.6348235360576923 0.7227067019230768 0.6327395600961538 0.736386125 0.6293731394230769 0.7418008966346155 0.6279303894230769
8 0.7258415697115385 0.5602813677884615 0.7201418100961539 0.5586783100961539 0.7172919302884615 0.5538691394230769 0.7073173509615385 0.5561134206730769 0.7110221947115385 0.5591592283653847 0.7087422908653846 0.5639684014423076 0.7164369663461538 0.5750294951923076 0.7227067019230768 0.5838463125 0.7281214735576923 0.5849684519230769 0.7355311610576922 0.5836860072115384 0.7392360048076922 0.5835256995192307 0.7403759567307693 0.5804798918269231 0.7332512572115385 0.5710218533653847 0.7258415697115385 0.5602813677884615
8 0.6984827235576923 0.5907394591346153 0.7058924110576924 0.5913806802884616 0.7081723149038462 0.5838463125 0.6594393725961538 0.5734264399038461 0.654594576923077 0.57567071875 0.6568744807692308 0.5777546947115385 0.6631442163461538 0.58160203125 0.6696989375 0.5883348725961539 0.6853732764423076 0.5917012932692308 0.6984827235576923 0.5907394591346153
8 0.6805284807692308 0.5620447307692308 0.6679890096153845 0.556754641826923 0.6534546250000001 0.5513042475961538 0.6514597091346155 0.5533882211538461 0.6429100697115384 0.5532279158653846 0.63863525 0.5525866923076923 0.6343604302884616 0.5569149471153846 0.6471848894230768 0.563487483173077 0.6631442163461538 0.5692584903846154 0.6765386490384616 0.5739073557692308 0.6830933725961538 0.5750294951923076 0.6913580240384616 0.5658920697115385 0.6805284807692308 0.5620447307692308
8 0.6984827235576923 0.5607622860576923 0.7064623870192308 0.5622050384615385 0.7095972548076923 0.5578767836538462 0.7016175913461539 0.553067610576923 0.6890781201923077 0.5468156875 0.6728338052884616 0.5415255985576923 0.6377802860576923 0.5328690889423077 0.6306555865384615 0.5444111009615384 0.6332204783653845 0.5468156875 0.648609829326923 0.5492202740384615 0.6674190336538461 0.5553118918269231 0.6788185528846153 0.5598004519230769 0.6984827235576923 0.5607622860576923
4 0.9090888365384615 0.5806401971153846 0.8988292692307692 0.5846478413461539 0.9202033677884616 0.6048463629807692 0.9278980432692308 0.6022814711538461 0.9318878749999999 0.597472298076923 0.9236232235576923 0.5838463125 0.9090888365384615 0.5806401971153846
2 0.4773320576923077 0.5698997115384615 0.4585228509615385 0.5750294951923076 0.43914366826923074 0.5779150000000001 0.43429887259615385 0.5803195865384615 0.4365787764423077 0.5867318149038462 0.4434184879807692 0.5905791514423077 0.4627976706730769 0.5884951778846154 0.4873066346153846 0.5843272283653846 0.49870615384615385 0.5785562235576923 0.5069708052884615 0.5727852163461539 0.4907264903846154 0.5718233822115384 0.4773320576923077 0.5698997115384615
8 0.4750521538461538 0.6667243774038462 0.48502673076923075 0.6827549495192307 0.49129646634615387 0.6814725048076924 0.49329138221153845 0.6683274350961538 0.4938613581730769 0.6611136754807692 0.4875916225961538 0.6439609615384616 0.48531171875 0.6381899567307693 0.4770470697115385 0.6349838413461538 0.4670724903846154 0.6401136249999999 0.47077733413461537 0.6553426706730769 0.4750521538461538 0.6667243774038462
2 0.4516831394230769 0.5950677139423077 0.4345838605769231 0.6006784134615384 0.43201896874999995 0.6021211658653847 0.44940323557692313 0.6107776754807692 0.4875916225961538 0.6062891153846154 0.4978511899038462 0.6024417764423077 0.4978511899038462 0.5918615985576923 0.4895865384615385 0.5896173173076923 0.4716322980769231 0.5923425168269231 0.4516831394230769 0.5950677139423077
6 0.9618116105769231 0.6553426706730769 0.9991450360576923 0.6510144134615385 0.9757760216346154 0.5641287067307692 0.9606716586538462 0.5723042980769231 0.9606716586538462 0.6050066682692308 0.9655164543269231 0.6162280697115385 0.9618116105769231 0.6553426706730769
2 0.37388142307692307 0.5878539543269231 0.36447681971153845 0.6014799423076923 0.3619119278846154 0.6074112548076923 0.3667567235576923 0.6096555360576923 0.3770162908653846 0.61270134375 0.38385600240384615 0.612380733173077 0.4001003149038462 0.5857699807692307 0.40694002644230765 0.5636477884615385 0.39867537499999994 0.5626859543269231 0.38841581009615384 0.5771134711538461 0.37958118269230773 0.5791974447115384 0.37388142307692307 0.5878539543269231
8 0.9105137764423077 0.5955486298076923 0.9025341129807691 0.5923425168269231 0.8919895576923077 0.5990753557692308 0.8942694615384615 0.6034036105769232 0.9025341129807691 0.6069303365384615 0.9156435600961538 0.6059685024038461 0.9184934399038462 0.6040448341346154 0.9105137764423077 0.5955486298076923
6 0.08433364182692307 0.5799989735576923 0.06637939903846155 0.5865715096153846 0.06466947115384615 0.591220375 0.07692395432692309 0.6042051394230769 0.08604356971153847 0.6037242235576923 0.09772807692307692 0.5989150504807692 0.08433364182692307 0.5799989735576923
7 0.33626300961538463 0.6502128870192307 0.23509227884615386 0.5939455721153846 0.16983003365384614 0.6290525288461539 0.25931625721153845 0.6933351298076923 0.33626300961538463 0.6502128870192307
8 0.764884920673077 0.5080216995192308 0.7537703918269231 0.5073804759615385 0.7460757163461539 0.5112278125 0.7457907283653846 0.5206858509615384 0.7446507764423077 0.5314263365384615 0.7480706322115385 0.5402431514423077 0.7534854038461538 0.5424874326923077 0.7631749951923077 0.5418462091346153 0.7677348004807693 0.5407240697115385 0.7691597403846154 0.5291820552884615 0.7694447283653846 0.5160369855769231 0.764884920673077 0.5080216995192308
7 0.9948702163461539 0.4940751009615385 0.9940152524038461 0.48990715144230773 0.9777709375 0.4862201177884616 0.9563968413461539 0.48638042548076926 0.9478472019230769 0.49311326442307696 0.9515520456730768 0.49215143028846153 0.9586767427884616 0.49327357211538464 0.9572518052884615 0.49647968509615387 0.9469922379807693 0.49663999278846155 0.9521220216346153 0.5068995576923077 0.9672263822115384 0.5109072019230769 0.9831857091346153 0.5096247572115384 0.9803358293269231 0.5166782091346154 0.9997150120192307 0.5206858509615384 0.9985750600961538 0.5022506923076923 0.9948702163461539 0.5028919158653846 0.9886004807692307 0.5008079399038462 0.9897404326923076 0.4940751009615385 0.9948702163461539 0.4940751009615385
8 0.28126033173076925 0.5464950745192307 0.28325524759615384 0.5562737259615385 0.2909499230769231 0.5545103629807693 0.30405936778846154 0.5498614951923076 0.3063392716346154 0.5354339807692308 0.2863901153846154 0.5303041971153847 0.28126033173076925 0.5464950745192307
2 0.5901872932692307 0.4777239158653846 0.5813526658653847 0.476120858173077 0.5742279663461539 0.4887850096153846 0.5665332932692307 0.4929529591346154 0.5585536298076923 0.5040140552884615 0.553138858173077 0.5171591249999999 0.5525688822115384 0.5226095216346154 0.55940859375 0.5251744134615385 0.573088014423077 0.5245331899038461 0.581922641826923 0.5123499543269231 0.5870524254807692 0.5008079399038462 0.5864824495192308 0.4924720432692308 0.5901872932692307 0.4777239158653846
7 0.5571286899038461 0.49567815625 0.5494340144230769 0.5059377235576923 0.5400294110576923 0.5163575961538461 0.5377495072115385 0.5235713557692308 0.5357545913461539 0.5333500048076923 0.5585536298076923 0.5423271274038461 0.6161211995192308 0.5525866923076923 0.6363553461538461 0.5142736225961538 0.5896173173076923 0.5046552788461539 0.5847725216346153 0.5046552788461539 0.5571286899038461 0.49567815625
7 0.9569668173076923 0.46457884375 0.95924671875 0.47259413221153845 0.9655164543269231 0.4753193293269231 0.9774859495192308 0.4766017740384615 0.986320576923077 0.4817315576923077 0.9914503605769232 0.4873422596153846 0.9997150120192307 0.49038806730769235 0.9980050841346154 0.45848722596153846 0.9888854687499999 0.45720478125 0.9820457572115384 0.45351775 0.9623815865384615 0.4538383605769231 0.9569668173076923 0.46457884375
7 0.00254209375 0.40382297115384613 0.0031120697115384617 0.4604108966346154 0.009951781250000001 0.4629757884615385 0.02619609375 0.45640325240384616 0.03588568509615385 0.4392505384615385 0.03845057692307692 0.42514363461538457 0.019641370192307692 0.4097542836538462 0.00254209375 0.40382297115384613
8 0.24763175 0.41905201682692306 0.24050705048076923 0.41424284375 0.20716345673076922 0.4067084735576923 0.19633391346153847 0.4148840673076923 0.20687846875 0.4188917115384615 0.21713803605769233 0.4227390480769231 0.2345223028846154 0.42514363461538457 0.2459218221153846 0.4238611875 0.24763175 0.41905201682692306
8 0.3901257379807692 0.4753193293269231 0.3582070841346154 0.4782048317307692 0.34481264903846154 0.48125064182692306 0.3359780216346154 0.4844567548076923 0.3354080456730769 0.4902277620192308 0.3396828653846154 0.49279265384615384 0.3553572043269231 0.4951972403846154 0.3701765793269231 0.49183081971153847 0.39525551923076924 0.48862470432692306 0.4194794975961538 0.4814109471153846 0.41577465384615386 0.4770826923076923 0.3901257379807692 0.4753193293269231
7 0.3718865072115385 0.4437390985576923 0.38499595432692313 0.45800631009615383 0.39639547115384616 0.46105211778846156 0.43572381250000003 0.45976967307692307 0.4516831394230769 0.43444136778846154 0.44427345192307693 0.42594516346153843 0.4080799783653846 0.41776956971153845 0.3693216153846154 0.4256245504807692 0.3718865072115385 0.4437390985576923
3 0.5403143990384616 0.4443803221153846 0.5215051923076923 0.44726582451923075 0.5212202043269231 0.45431927884615386 0.5294848557692308 0.45720478125 0.5448742067307693 0.4560826418269231 0.5599785697115385 0.45512080528846155 0.5682432211538462 0.45480019471153843 0.5696681586538461 0.4482276586538462 0.5611185216346154 0.44389940384615384 0.5403143990384616 0.4443803221153846
8 0.5970270048076923 0.4509528581730769 0.5833475817307693 0.44117420673076924 0.5719480625 0.4435787932692307 0.5693831730769231 0.44790704807692305 0.5728030264423076 0.45175438701923076 0.5816376538461538 0.45720478125 0.5901872932692307 0.46377731730769234 0.5967420168269231 0.46938801682692305 0.6044366923076923 0.47259413221153845 0.6112764038461539 0.4756399399038462 0.6181161153846154 0.4721132139423077 0.6138412956730769 0.4695483221153846 0.6129863317307692 0.46425823317307696 0.6047216802884615 0.45720478125 0.5970270048076923 0.4509528581730769
8 0.636070358173077 0.43524289423076923 0.6166911754807691 0.43396044951923074 0.6107064278846154 0.4350825889423077 0.6109914158653846 0.4437390985576923 0.6092814879807692 0.45447958413461537 0.6109914158653846 0.46281548076923074 0.6164061875000001 0.4663422067307692 0.6192560673076923 0.47451780048076925 0.6223909350961538 0.47740330288461535 0.6272357307692308 0.47692238701923073 0.6298006225961538 0.46906740625 0.6366403341346154 0.45768569711538465 0.6377802860576923 0.44534215625 0.636070358173077 0.43524289423076923
8 0.7665948485576923 0.4621742596153846 0.7799892836538462 0.4575253918269231 0.7970885625 0.441655125 0.7879689471153846 0.4395711490384615 0.7466456923076923 0.4491894951923077 0.7477856442307692 0.4515940793269231 0.7423708725961539 0.45640325240384616 0.7489255961538461 0.45848722596153846 0.7557653076923077 0.4621742596153846 0.7665948485576923 0.4621742596153846
8 0.7651699086538462 0.4443803221153846 0.7688747524038462 0.4389299278846154 0.7754294759615384 0.4301131105769231 0.777424391826923 0.4233802716346154 0.7571902475961539 0.4227390480769231 0.7497805600961538 0.4358841177884616 0.7452207524038462 0.4373268701923077 0.7392360048076922 0.4499910240384616 0.7412309206730769 0.4567238629807692 0.7455057403846154 0.45255591346153845 0.7446507764423077 0.44983071634615385 0.7494955721153846 0.44726582451923075 0.7651699086538462 0.4443803221153846
4 0.9974351081730769 0.44582307451923076 1 0.4225787427884615 0.9558268653846155 0.4245024110576923 0.952976985576923 0.43331922596153843 0.95924671875 0.44646429567307694 0.9974351081730769 0.44582307451923076
7 0.9829007211538462 0.35909767067307696 0.9760610096153847 0.3475556586538462 0.9715012019230769 0.3481968822115385 0.9658014423076923 0.3560518629807692 0.9475622139423077 0.3658305120192308 0.9435723822115385 0.37929619471153847 0.9378726225961539 0.3871511754807692 0.9615266225961538 0.3930824879807692 0.9809058052884615 0.4094336730769231 0.9985750600961538 0.4051054158653846 0.9982900721153847 0.3530060528846154 0.9888854687499999 0.35332666346153846 0.9917353485576924 0.35717400240384617 0.9905953966346155 0.36278470192307694 0.9829007211538462 0.35909767067307696
11 0.7190018581730769 0.3504411610576923 0.7138720745192307 0.3368151730769231 0.6810984567307692 0.34963963221153843 0.671123877403846 0.36150225721153845 0.6725488173076923 0.3706396850961538 0.6845183125 0.38394506009615387 0.7053224350961538 0.3887542331730769 0.7247016177884615 0.38570842307692305 0.738951016826923 0.3836244495192308 0.7577602235576923 0.3706396850961538 0.76232003125 0.35669308413461537 0.7429408485576924 0.33938006490384615 0.7318263173076923 0.3377770072115384 0.7289764375 0.35108238461538466 0.7190018581730769 0.3504411610576923
8 0.7329662692307692 0.33376936538461544 0.7343912091346153 0.33745639663461535 0.7463607043269231 0.34034189903846157 0.7463607043269231 0.34226556971153843 0.750065548076923 0.34130373557692306 0.7879689471153846 0.33296783653846157 0.7788493317307693 0.31998307211538457 0.7503505360576923 0.32383040865384616 0.7352461730769231 0.32687621874999995 0.7423708725961539 0.33296783653846157 0.7329662692307692 0.33376936538461544
2 0.20659348076923076 0.37448702163461534 0.2048835528846154 0.3651892884615385 0.20744844471153845 0.3592579759615384 0.2048835528846154 0.35284574759615384 0.1866443245192308 0.3530060528846154 0.18436442067307693 0.36406714903846155 0.1877842764423077 0.37993741586538465 0.19120413221153848 0.38618934134615385 0.1931990480769231 0.392761875 0.19718887740384616 0.39292218028846154 0.1974738653846154 0.3911588173076923 0.20260364903846154 0.38634964663461535 0.2051685408653846 0.3815404735576923 0.20659348076923076 0.37448702163461534
0 0.5283449038461538 0.36134195192307694 0.43914366826923074 0.36743356971153845 0.43914366826923074 0.37993741586538465 0.44968822355769233 0.40334205288461533 0.5038359375 0.3998153269230769 0.5417393389423076 0.3970901298076923 0.5283449038461538 0.36134195192307694
7 0.6286606706730768 0.37881527644230767 0.6471848894230768 0.39757104807692306 0.6927829639423078 0.4057466394230769 0.738666028846154 0.4086321442307692 0.7341062211538462 0.36358623076923074 0.6836633485576923 0.36150225721153845 0.68081346875 0.35284574759615384 0.6665640721153847 0.34723504567307695 0.6372103100961539 0.3475556586538462 0.6203960192307693 0.3600595048076923 0.6286606706730768 0.37881527644230767
6 0.44100447115384617 0.4737917091346154 0.5999439423076923 0.40517142548076923 0.5894329134615385 0.3976464855769231 0.5142631442307692 0.42541709615384615 0.4585228509615385 0.4487085769230769 0.4253971899038461 0.4637584567307692 0.44100447115384617 0.4737917091346154
7 0.9885334254807692 0.3157679735576923 0.9980889038461539 0.3155888076923077 0.9987259350961538 0.29605979807692306 0.9914000697115385 0.2930139903846154 0.9783409134615385 0.2958806322115385 0.9812075576923077 0.30645138221153845 0.9885334254807692 0.3157679735576923
7 0.9544522163461538 0.25037266346153847 0.9324746153846154 0.25861426442307694 0.9369338389423076 0.26345172596153843 0.9461708004807693 0.26613920432692306 0.9522226033653846 0.2772474495192308 0.9515855721153846 0.28387656250000004 0.95700034375 0.28996818028846155 0.9732446586538461 0.29319315384615385 0.9882149086538461 0.29068484134615385 0.9955407764423078 0.2836973966346154 0.9933111658653846 0.26703503125 0.9710150456730768 0.2527018125 0.9544522163461538 0.25037266346153847
7 0.8617640697115385 0.2449977067307692 0.8837416706730769 0.24535603605769232 0.9018970817307692 0.23675610576923076 0.9031711442307693 0.2247520360576923 0.8617640697115385 0.2224228870192308 0.8592159423076923 0.22546869711538461 0.8429716274038461 0.22833533894230768 0.8477493653846153 0.24231022836538463 0.8617640697115385 0.2449977067307692
7 0.7719425649038462 0.31881378365384616 0.7818165600961537 0.3132596610576923 0.7792684326923076 0.30179308653846154 0.7754462403846154 0.29355148557692307 0.7601574735576923 0.28710153605769234 0.7464612884615385 0.2844140576923077 0.7321280697115384 0.2824432403846154 0.7232096225961538 0.2865640408653846 0.7232096225961538 0.29534313701923076 0.7254392331730769 0.3034055721153846 0.7292614254807692 0.31361799038461535 0.7298984567307693 0.3170221298076923 0.7378613557692308 0.32239708653846155 0.7400909687499999 0.32096376442307695 0.7506019951923076 0.32257625240384613 0.7582463774038462 0.32096376442307695 0.7719425649038462 0.31881378365384616
2 0.6900839615384615 0.33475948798076927 0.7076023389423077 0.33475948798076927 0.7200244615384614 0.3302803581730769 0.7394539375 0.32490540144230773 0.7286243942307693 0.31809712259615386 0.7190689134615386 0.31755962740384613 0.6843506730769231 0.3265178870192308 0.6512250120192308 0.3340428269230769 0.651862045673077 0.33888028846153845 0.6900839615384615 0.33475948798076927
0 0.4699894254807692 0.28763903125 0.4620265264423077 0.24840184615384614 0.3722050216346154 0.2507309951923077 0.3636050913461538 0.25538929086538464 0.3760272139423077 0.29158066826923074 0.4699894254807692 0.28763903125
7 0.9130451394230769 0.2806515889423077 0.9213265552884615 0.2890723533653846 0.9206895240384616 0.29337231971153843 0.9219635865384616 0.296955625 0.9499929927884616 0.28960985096153846 0.9468078341346153 0.2684683533653846 0.9184599110576923 0.2580767692307692 0.9038081778846153 0.2681100216346154 0.9050822403846154 0.27312664903846157 0.9130451394230769 0.2806515889423077
7 0.8802379951923077 0.29319315384615385 0.8827861225961539 0.30860136538461536 0.8872453461538462 0.30806386778846157 0.9190969423076923 0.2937306490384616 0.9184599110576923 0.28280156971153847 0.8987119206730768 0.27187249278846154 0.8862897980769231 0.27384331009615387 0.8840601875 0.2797557620192308 0.8802379951923077 0.29319315384615385
7 0.7162022692307691 0.21400212019230772 0.7107874999999999 0.21955624278846153 0.7174763341346153 0.23084365384615382 0.7088764038461538 0.24893934134615386 0.7142911754807693 0.2587934302884615 0.7120615625 0.26470588221153846 0.7040986634615384 0.26219756971153846 0.6900839615384615 0.2673933605769231 0.6875358341346154 0.2752766322115385 0.7171578173076922 0.2842348918269231 0.7302169735576923 0.2842348918269231 0.7362687764423076 0.27885993509615387 0.7477353509615384 0.27384331009615387 0.7467798028846153 0.2573601081730769 0.7388169038461538 0.25037266346153847 0.7362687764423076 0.24750601923076923 0.739135420673077 0.24446021153846154 0.7897794591346153 0.24517687259615384 0.8197199615384616 0.2256478605769231 0.813349641826923 0.20665634615384618 0.770987016826923 0.20271471153846152 0.7404094831730769 0.20540218990384615 0.7162022692307691 0.21400212019230772
2 0.6620545552884616 0.2605850817307692 0.6547286875 0.2525226466346154 0.6257437355769231 0.24822268028846153 0.6123660649038462 0.25108932451923077 0.5951662019230769 0.24983516826923077 0.5833811105769231 0.2532393076923077 0.5779663389423078 0.26076424759615385 0.5827440793269231 0.26398922115384615 0.6193734158653845 0.2709766658653846 0.6496324326923077 0.2727683173076923 0.6591879110576924 0.26954334375 0.6728840985576923 0.26864751682692306 0.6744766778846153 0.26327256009615385 0.6620545552884616 0.2605850817307692
7 0.47827084134615383 0.30071809374999997 0.4961077355769231 0.30053893028846157 0.5158557259615384 0.29785144951923076 0.5295519110576923 0.30000143269230767 0.5317815240384616 0.29641812980769233 0.5241371394230769 0.29158066826923074 0.5279593317307693 0.27957659615384617 0.5126705649038461 0.26506421394230767 0.4980188317307693 0.26954334375 0.4811374831730769 0.27079749999999997 0.48177451682692307 0.27545579567307693 0.47922638942307694 0.2824432403846154 0.4703079423076923 0.28853485817307695 0.4712634903846154 0.29534313701923076 0.47827084134615383 0.30071809374999997
7 0.9448967379807692 0.18551484855769232 0.9340671947115384 0.18103571875 0.9222821033653846 0.18426069230769232 0.9184599110576923 0.1950106057692308 0.9155932668269231 0.20755217307692306 0.9254672620192307 0.2104188173076923 0.940437514423077 0.2109563125 0.9506300240384615 0.2143604519230769 0.9560447956730769 0.22009374038461538 0.9662373076923078 0.22063123557692307 0.97069653125 0.21776459134615384 0.9671928557692309 0.20683551201923076 0.95700034375 0.20361053846153845 0.9534966682692307 0.1948314423076923 0.9448967379807692 0.18551484855769232
8 0.6693804230769231 0.23980191586538463 0.6528175913461538 0.2378310985576923 0.6308399903846154 0.2403394110576923 0.6324325697115385 0.24732685576923077 0.6426250817307693 0.25019349759615384 0.655684235576923 0.25144765625 0.6709730024038462 0.2507309951923077 0.6712915192307692 0.24750601923076923 0.6693804230769231 0.23980191586538463
13 0.5578998341346154 0.17315244711538463 0.5528035769230769 0.16777749038461537 0.5362407475961539 0.16061088221153846 0.5225445600961538 0.1647316826923077 0.5177668221153846 0.17530243028846154 0.5285963629807692 0.1833648653846154 0.5362407475961539 0.18605234375 0.5438851298076923 0.18461902403846153 0.5521665456730769 0.17888573557692308 0.5578998341346154 0.17315244711538463
7 0.5817885312500001 0.15989422115384616 0.5664997644230769 0.16365668990384613 0.5566257692307692 0.16849415144230767 0.5572628004807693 0.17404827403846154 0.5461147427884615 0.18461902403846153 0.5445221634615385 0.1973397548076923 0.5623590576923078 0.2050438605769231 0.5801959519230769 0.20486469471153848 0.6012180048076923 0.19447311057692307 0.6047216802884615 0.17673575240384617 0.6040846490384616 0.1647316826923077 0.5817885312500001 0.15989422115384616
0 0.5989883942307692 0.16061088221153846 0.59548471875 0.16204420432692307 0.6063142596153847 0.16276086538461537 0.6075883245192307 0.18641067548076923 0.6031291009615385 0.19662309375 0.5741441466346153 0.2070146778846154 0.5454777091346154 0.2003855625 0.5489813870192308 0.21722709615384617 0.5518480288461538 0.22582702644230768 0.6585508798076922 0.20558135576923078 0.6308399903846154 0.13212361057692307 0.6279733461538461 0.13373609615384616 0.5846551754807693 0.15075679326923078 0.5989883942307692 0.16061088221153846
7 0.8082533870192308 0.1434110192307692 0.8041126778846154 0.13104861778846152 0.7920090721153846 0.13194444471153846 0.7824535913461539 0.14699432451923078 0.7623870865384615 0.15434009855769232 0.7576093461538461 0.1718982908653846 0.7595204423076923 0.1819315456730769 0.7614315384615384 0.18820232692307692 0.7617500552884615 0.19017314423076923 0.7977423581730769 0.1960855985576923 0.8229051201923077 0.18891898798076923 0.825134733173077 0.17297328365384615 0.8238606682692308 0.14771098557692308 0.8146237043269231 0.14305268990384615 0.8082533870192308 0.1434110192307692
2 0.8913860552884615 0.12656948798076922 0.998407420673077 0.15093595913461538 0.9987259350961538 0.14520267067307693 0.8936156658653847 0.12119453125 0.8913860552884615 0.12656948798076922
2 1 0.11528207692307692 0.9974518725961539 0.1099071201923077 0.8891564423076923 0.11456541586538461 0.8652677451923078 0.11796955528846155 0.8674973557692307 0.1217320264423077 1 0.11528207692307692
2 0.8968008245192307 0.11044461538461539 0.9022155961538462 0.11366959134615384 0.9496744759615384 0.11205710336538462 0.998407420673077 0.10847379807692309 0.9996814831730769 0.10363633653846153 0.8968008245192307 0.11044461538461539
13 0.7324465841346155 0.08822812740384614 0.7133356274038462 0.09521557211538462 0.7050542115384615 0.11008628605769231 0.7152467235576924 0.1281819735576923 0.7359502596153846 0.1362444110576923 0.75569825 0.1378568966346154 0.7617500552884615 0.1366027403846154 0.7792684326923076 0.1281819735576923 0.7846832043269232 0.11653623557692307 0.7818165600961537 0.10506965865384615 0.7722610817307692 0.09593223317307692 0.7576093461538461 0.08894478846153847 0.7324465841346155 0.08822812740384614
0 0.7700314687500001 0.07228242067307691 0.7235281370192308 0.06672830048076923 0.7181133653846155 0.09216976201923077 0.7133356274038462 0.12907780048076922 0.7674833413461539 0.1394693846153846 0.812712610576923 0.1410818701923077 0.8614455528846154 0.14251519230769233 0.8745047067307692 0.08106151923076924 0.8194014447115384 0.07747821394230768 0.7700314687500001 0.07228242067307691
6 0.6607804903846154 0.04684095913461538 0.6435806298076923 0.03197024519230769 0.5935736225961539 0.09736555528846155 0.5958032331730769 0.10739880769230768 0.611092 0.11384875480769231 0.6607804903846154 0.04684095913461538
6 0.7907350072115384 0.07281991826923076 0.8751417403846153 0.07944903125000001 0.8722750961538461 0.11384875480769231 0.9538151850961539 0.10506965865384615 0.9458522860576923 0.026774451923076925 0.8687714206730769 0.028207774038461537 0.8037941610576923 0.03591187980769231 0.7869128149038461 0.03985351442307693 0.7907350072115384 0.07281991826923076
2 0.9987259350961538 0.010112086538461539 0.9477633798076923 0.03770353125 0.9493559615384615 0.04522847115384616 0.9974518725961539 0.01799535576923077 0.9987259350961538 0.010112086538461539
13 0.7244836850961539 0.027670278846153844 0.7136541418269231 0.017457860576923077 0.6919950576923076 0.006707947115384616 0.6782988701923076 0.007424608173076923 0.6474028197115385 0.01477038221153846 0.6474028197115385 0.03429939182692308 0.66778784375 0.04594513221153846 0.6919950576923076 0.04988676682692307 0.7044171802884616 0.04719928846153846 0.7088764038461538 0.039495185096153844 0.7216170408653846 0.038241026442307695 0.7244836850961539 0.027670278846153844
9 0.7031431153846154 0.011187076923076923 0.7174763341346153 0.0183536875 0.7388169038461538 0.01387455528846154 0.74136503125 0.004199632211538461 0.7400909687499999 0.0007954927884615385 0.6939061514423077 0.0006163293269230769 0.6954987331730769 0.004737129807692308 0.7031431153846154 0.011187076923076923
11 0.3451311658653846 0.25395596875000004 0.3378052980769231 0.24374355048076923 0.31614621153846156 0.23836859375 0.3002204134615385 0.2449977067307692 0.29799080048076926 0.2559267860576923 0.30404260576923076 0.2620184038461538 0.31232401923076925 0.26685586538461536 0.32761278605769234 0.26828918749999997 0.33047943028846155 0.26542254326923076 0.3451311658653846 0.25395596875000004