0 0.1847790769230769 0.4440112620192308 0.16447368509615384 0.4692801971153846 0.1468756778846154 0.5089885216346154 0.17462637980769233 0.5414771490384616 0.19357808173076924 0.5571198221153846 0.2037307764423077 0.5354607379807692 0.21388347355769233 0.5234279110576924 0.21726770673076923 0.5258344759615384 0.22809725 0.5125983677884615 0.22200563221153846 0.5041753894230769 0.20034654567307691 0.4933458485576923 0.20508447115384615 0.48251630528846157 0.21997509134615384 0.4488243918269231 0.21185293509615383 0.4404014158653846 0.19763915865384615 0.42475874278846154 0.1847790769230769 0.4440112620192308
0 0.25381741346153847 0.49093928124999997 0.26126272596153843 0.46807691346153846 0.2666774951923077 0.45845065384615385 0.2754765 0.41874232932692307 0.23418886778846154 0.3994898076923077 0.2213287860576923 0.4476211105769231 0.20170023798076922 0.49454912980769233 0.22606670913461538 0.5065819543269231 0.24637210336538462 0.5150049326923077 0.25381741346153847 0.49093928124999997
2 0.06006632451923077 0.5760709350961538 0.08190700240384616 0.5641848533653846 0.10196476923076923 0.5538835793269231 0.12157680769230769 0.5443747139423076 0.13628583653846155 0.5372430625 0.15054913701923078 0.5285266009615385 0.15857224278846155 0.5221873557692308 0.15364414182692307 0.5210213461538461 0.14349144471153846 0.5258344759615384 0.11100281490384616 0.5438837139423077 0.07445310817307692 0.5595263870192307 0.05144032932692308 0.5703559302884615 0.06006632451923077 0.5760709350961538
2 0.13272001201923078 0.6624431442307692 0.12202253605769231 0.6822532836538462 0.12425117788461539 0.6862153125 0.13896020432692308 0.6632355504807692 0.1532235048076923 0.6402557884615384 0.16614962259615387 0.6156912163461539 0.18709884375 0.5824101802884616 0.19957923317307694 0.5618076346153846 0.2080480673076923 0.5459595240384615 0.21607117307692308 0.5340734399038461 0.21562544471153847 0.5277341947115385 0.21161389182692308 0.5301114134615384 0.2035907860576923 0.5435823076923076 0.18308729086538464 0.5768633413461539 0.15233205048076923 0.631539326923077 0.13272001201923078 0.6624431442307692
2 0.1821958341346154 0.6045975384615384 0.2013621442307692 0.5673544735576923 0.21696262980769232 0.53803546875 0.2298887451923077 0.515848110576923 0.22676864903846153 0.5118860841346154 0.21607117307692308 0.5261493846153846 0.20671088221153847 0.5483367403846153 0.18799030048076923 0.5800329639423076 0.16570389423076926 0.6133139975961538 0.15678933173076923 0.6370861658653847 0.16035515625000002 0.6418405985576924 0.1821958341346154 0.6045975384615384
2 0.20581942548076923 0.6521418725961539 0.21384253365384615 0.5982582932692307 0.22097418269230767 0.5610152307692308 0.2258771923076923 0.5301114134615384 0.22052845432692306 0.5324886298076923 0.21473399038461538 0.5657696634615385 0.20581942548076923 0.6172760264423077 0.1964591346153846 0.6719520120192308 0.20047068990384617 0.6767064447115385 0.20581942548076923 0.6521418725961539
7 0.08502710096153845 0.7163267259615385 0.10018185817307691 0.7226659687500001 0.11177078846153846 0.7139495072115385 0.11890243990384615 0.6830456899038461 0.11533661298076922 0.6648203605769231 0.10597632211538463 0.6521418725961539 0.09171302163461538 0.64897225 0.08458137259615385 0.6632355504807692 0.07210098317307692 0.6878001225961538 0.07076380048076923 0.704440641826923 0.08502710096153845 0.7163267259615385
8 0.013633620192307691 0.7513640072115385 0.01595423798076923 0.7467227740384617 0.01566416105769231 0.7302206129807692 0.0124733125 0.7013418317307691 0.010152697115384616 0.6925750600961538 0.0005801538461538461 0.6951535216346154 0.0005801538461538461 0.7121713749999999 0.0026106923076923074 0.7276421514423077 0.005221387019230769 0.7441443100961538 0.0075420024038461535 0.7508483149038461 0.01073285096153846 0.7601307788461539 0.013633620192307691 0.7601307788461539 0.013633620192307691 0.7513640072115385
5 0.011603081730769231 0.6760728990384616 0.006091617788461539 0.6807141298076923 0.0049313100961538466 0.6925750600961538 0.015374084134615384 0.6858710552884616 0.011603081730769231 0.6760728990384616
13 0.013923697115384616 0.6631805841346154 0.03596955288461538 0.6410058076923076 0.029587858173076922 0.611095639423077 0.023496240384615383 0.5801540889423077 0.02030539423076923 0.5765442403846154 0.013343543269230769 0.5863423990384615 0.007832079326923076 0.5961405576923077 0.006091617788461539 0.6023288677884615 0.0023206153846153845 0.6095485625 0.0008702307692307692 0.6095485625 0.00029007692307692306 0.630176264423077 0.00029007692307692306 0.655960889423077 0.0011603076923076923 0.6771042836538462 0.013923697115384616 0.6631805841346154
13 0.03016801201923077 0.4398857235576923 0.024946625 0.4404014158653846 0.02146570192307692 0.44297987740384615 0.02378631730769231 0.45741926923076925 0.016824468750000002 0.45948203846153846 0.01421377403846154 0.46309188701923076 0.013923697115384616 0.47392143028846156 0.01769469951923077 0.47237435096153846 0.026687088942307695 0.47237435096153846 0.041771093749999995 0.4744371225961539 0.0548245625 0.47031158173076926 0.05714517788461538 0.4672174254807692 0.06178641105769231 0.46412327163461536 0.06323679567307693 0.4553564975961538 0.06613756730769231 0.44194849278846154 0.06323679567307693 0.4342131057692308 0.05337417548076923 0.43524449038461543 0.05134363701923077 0.44194849278846154 0.046702403846153845 0.4460740336538462 0.03858024759615385 0.44968387980769225 0.03538939903846154 0.4434955697115385 0.03016801201923077 0.4398857235576923
13 0.07223942307692308 0.4743339831730769 0.07774064903846155 0.47598419951923077 0.08191434375 0.4743339831730769 0.0866443076923077 0.46172074999999996 0.09029927644230769 0.45101861298076923 0.09481424038461538 0.4376409423076923 0.09653422836538463 0.43420097115384615 0.09739422115384616 0.42884990144230767 0.09266425961538462 0.4227343966346154 0.08578431490384616 0.42693880769230774 0.08234434134615384 0.43343653365384616 0.07589439182692308 0.44910751923076925 0.07266941826923078 0.46057409375 0.07094943269230769 0.46783625721153843 0.07223942307692308 0.4743339831730769
7 0 0.5137025576923077 0.0012899903846153847 0.5293735432692308 0.006234949519230769 0.5232580360576923 0.009459925480769231 0.5159958725961539 0.013974887019230768 0.5102625841346154 0.017844858173076922 0.5026182019230769 0.02106983173076923 0.4934449423076923 0.022359822115384616 0.4945915985576923 0.02192982451923077 0.5007071057692307 0.02558479567307692 0.5033826394230769 0.024079807692307695 0.5075870504807692 0.022144822115384617 0.5133203389423077 0.019349846153846155 0.51943584375 0.022789817307692306 0.5255513509615384 0.01805985576923077 0.5328135144230769 0.013759889423076923 0.5377823653846154 0.017629858173076923 0.5446623100961538 0.01956484375 0.5438978701923077 0.02429480528846154 0.5389290216346153 0.031604747596153844 0.5331957355769231 0.037194701923076924 0.5297557620192308 0.042999656250000004 0.5259335697115385 0.046439627403846155 0.5209647211538462 0.046439627403846155 0.5152314326923076 0.05288957692307693 0.5167603100961539 0.06385449038461538 0.5156136538461539 0.06815445432692308 0.5125558990384615 0.07202442307692308 0.5014715432692308 0.06643446875 0.49688491346153846 0.06879944951923077 0.4949738173076923 0.07309941586538461 0.4888583100961539 0.07782937740384616 0.4773917355769231 0.07352941105769231 0.4766272980769231 0.07137942788461539 0.4712762307692308 0.06062951442307692 0.47700951682692305 0.053749569711538464 0.4835072427884616 0.04321465384615385 0.48465390144230774 0.055469555288461536 0.4789206129807692 0.0629944951923077 0.47242288701923074 0.07051943509615385 0.46936513461538465 0.07202442307692308 0.46133853125 0.0696594423076923 0.4598096538461538 0.06320949519230769 0.46210296875 0.05632955048076923 0.46783625721153843 0.04901960817307693 0.4720406682692308 0.03869968990384615 0.47548064182692307 0.030529754807692308 0.47395176442307696 0.022359822115384616 0.47318732451923073 0.01698486298076923 0.47586286057692306 0.010534915865384615 0.48083170913461537 0.0064499495192307695 0.48924053125 0.0019349855769230768 0.4838894615384615 0.005159959134615384 0.4735695456730769 0.0010749903846153845 0.47318732451923073 0 0.4995604471153846 0 0.5137025576923077
8 0.016339870192307693 0.5526889110576924 0.01655486778846154 0.5458089663461538 0.013759889423076923 0.5351068293269231 0.012039903846153848 0.5320490769230769 0.0077399375 0.5293735432692308 0.007309942307692307 0.5266980096153846 0.006664947115384615 0.5247869134615384 0.0025799783653846155 0.5274624471153846 0.0019349855769230768 0.5324312956730769 0.00021499759615384615 0.5419867740384615 0 0.5675954591346154 0.0004299975961538462 0.5847953221153847 0.0017199855769230768 0.590146389423077 0.004514963942307692 0.5966441153846154 0.009459925480769231 0.5947330192307693 0.01182490625 0.588999733173077 0.01612487019230769 0.5832664447115385 0.018274853365384616 0.5786798149038461 0.019349846153846155 0.5744754038461538 0.019134846153846155 0.5714176514423077 0.017414860576923076 0.5599510769230769 0.016339870192307693 0.5526889110576924
8 0.04020467788461538 0.588999733173077 0.03332473317307692 0.5974085528846154 0.02902476682692308 0.6035240600961539 0.03246474038461538 0.6161372932692307 0.03590471153846154 0.6096395673076923 0.039774682692307696 0.6119328822115384 0.0434296514423077 0.6084929086538462 0.04944960336538461 0.6039062788461538 0.05632955048076923 0.5954974591346154 0.06363949038461539 0.5870886370192308 0.06406948798076922 0.5821197884615384 0.05976952163461539 0.5763865 0.05632955048076923 0.5763865 0.051814586538461535 0.5782975961538461 0.04557963461538461 0.5847953221153847 0.04020467788461538 0.588999733173077
5 0.031174749999999998 0.5954974591346154 0.03418472596153846 0.5870886370192308 0.03289473798076923 0.5832664447115385 0.02837977403846154 0.5813553485576923 0.024509802884615385 0.5825020072115384 0.025154798076923078 0.5882352932692307 0.027519778846153847 0.5954974591346154 0.031174749999999998 0.5954974591346154
4 0.037194701923076924 0.5683598966346154 0.03654970673076923 0.5610977331730769 0.03461472355769231 0.5519244735576924 0.03762469951923077 0.5419867740384615 0.035689713942307695 0.5400756802884615 0.03138975 0.5347246105769231 0.027089783653846154 0.5377823653846154 0.0234348125 0.5404578990384615 0.021499826923076924 0.5465734062500001 0.02171482692307692 0.5687421177884615 0.03246474038461538 0.5687421177884615 0.037194701923076924 0.5683598966346154
6 0.061059512019230766 0.4204410817307692 0.06320949519230769 0.4150900120192308 0.06170450721153846 0.40094790384615386 0.061274509615384616 0.3906279855769231 0.05611455048076923 0.3883346706730769 0.044719641826923076 0.38565913701923077 0.035044718749999995 0.38336582211538467 0.03224974278846154 0.38336582211538467 0.030099759615384615 0.38030806971153847 0.024079807692307695 0.3787791923076923 0.01805985576923077 0.3791614110576923 0.012039903846153848 0.37763253365384614 0.006019951923076924 0.38107250721153846 0.007094942307692308 0.3852769182692307 0.002149983173076923 0.3906279855769231 0.0004299975961538462 0.39215686298076924 0 0.39865458894230765 0.00021499759615384615 0.41776554567307694 0.0010749903846153845 0.4567519014423077 0.006664947115384615 0.4471964230769231 0.012684899038461539 0.4437564495192308 0.01805985576923077 0.4406986971153846 0.019779841346153848 0.44337423076923077 0.024509802884615385 0.4406986971153846 0.02923976682692308 0.43878760096153846 0.03525971875 0.4429920120192307 0.039344685096153846 0.44987195673076924 0.04708462259615384 0.44566754567307687 0.05116959134615384 0.43840538221153846 0.05353457211538462 0.43534762740384614 0.05998451923076923 0.43267209375 0.06191950480769231 0.4280854639423077 0.061059512019230766 0.4204410817307692
10 0.05396456730769231 0.38718801442307693 0.06170450721153846 0.3933035192307692 0.06449948317307692 0.3879524519230769 0.06471448317307692 0.3814547259615385 0.06148950721153846 0.374957 0.06234950240384615 0.3684592740384615 0.05525455769230769 0.3623437692307692 0.04858961057692308 0.35928601442307695 0.042354661057692304 0.3680770552884616 0.044719641826923076 0.3814547259615385 0.04708462259615384 0.3879524519230769 0.05396456730769231 0.38718801442307693
4 0.027734778846153847 0.3478194399038462 0.021284829326923074 0.34896609615384616 0.017414860576923076 0.3550816033653846 0.013974887019230768 0.3638726442307692 0.015909872596153847 0.3692237139423077 0.025369798076923078 0.3741925625 0.031604747596153844 0.3589037956730769 0.031604747596153844 0.3531705072115384 0.031819745192307694 0.34858387740384617 0.027734778846153847 0.3478194399038462
6 0.0006449951923076923 0.3030997980769231 0 0.3168596875 0.0004299975961538462 0.33329511057692307 0.001504987980769231 0.3673126177884616 0.008814930288461538 0.3631082067307692 0.016769865384615383 0.3581393581730769 0.025154798076923078 0.34820165865384617 0.02923976682692308 0.33635286538461534 0.031604747596153844 0.32259297355769234 0.030529754807692308 0.31227305769230773 0.02730478125 0.3034820168269231 0.027734778846153847 0.29583763221153847 0.028164774038461536 0.2839888389423077 0.026014790865384614 0.28054886778846155 0.020639834134615384 0.29048656490384617 0.013114894230769232 0.29583763221153847 0.006234949519230769 0.29965982451923073 0.0006449951923076923 0.3030997980769231
7 0.04385964903846154 0.22550930769230768 0.030744754807692308 0.21671826682692308 0.01956484375 0.2266559639423077 0.01096491346153846 0.23277147115384617 0.0006449951923076923 0.2388869783653846 0.0004299975961538462 0.26984673076923077 0.0008599927884615384 0.29583763221153847 0.009459925480769231 0.2927798798076923 0.02171482692307692 0.28284218269230765 0.02880976923076923 0.27749111298076923 0.02730478125 0.25914459375 0.02902476682692308 0.2541757451923077 0.03762469951923077 0.24347360817307692 0.0436446514423077 0.2388869783653846 0.04815961538461539 0.23391812980769233 0.05310457451923077 0.2392691971153846 0.05224458173076923 0.23315368990384616 0.04385964903846154 0.22550930769230768
6 0.05632955048076923 0.23544700480769232 0.05267457932692307 0.24156251201923076 0.04987960096153846 0.23659366346153846 0.03289473798076923 0.25035355288461536 0.03246474038461538 0.258762375 0.035474716346153845 0.2576157163461538 0.03783969711538461 0.2637312235576923 0.03482972115384615 0.2725222644230769 0.03525971875 0.28245996153846153 0.03783969711538461 0.28284218269230765 0.04149466826923077 0.27558001682692307 0.04407464663461538 0.27061116826923076 0.051814586538461535 0.26067347115384615 0.057189543269230765 0.25685127884615383 0.06750945913461538 0.25341130528846156 0.0670794639423077 0.24614914182692307 0.06428448557692308 0.23850475961538462 0.05632955048076923 0.23544700480769232
4 0.03848469230769231 0.20945610096153844 0.03289473798076923 0.21518938942307694 0.044719641826923076 0.22474486778846153 0.053319574519230764 0.23238925240384617 0.05955452403846154 0.2358292235576923 0.06428448557692308 0.2358292235576923 0.06815445432692308 0.2300959375 0.06922944711538462 0.22168711538461539 0.06815445432692308 0.2113671971153846 0.06213450240384615 0.2109849783653846 0.05783453846153846 0.20907388221153844 0.055684555288461536 0.20486947115384616 0.046224629807692305 0.2056339110576923 0.042999656250000004 0.2071627860576923 0.03848469230769231 0.20945610096153844
13 0.18167354567307692 0.21901158173076923 0.17780357692307694 0.21671826682692308 0.17178362500000002 0.2128960745192308 0.16812865384615383 0.21557160817307694 0.16554867548076924 0.22436264903846154 0.16490368028846153 0.23391812980769233 0.16490368028846153 0.2388869783653846 0.16877364903846154 0.24538470432692308 0.17156862740384618 0.24767801923076924 0.17414860576923077 0.24232694951923076 0.17457860336538464 0.22971371875 0.17586859375 0.22359821153846154 0.17737358173076923 0.23047815624999998 0.1797385625 0.23124259374999998 0.18339353365384614 0.23162481250000003 0.1842535264423077 0.22742040384615383 0.1829635360576923 0.2209226778846154 0.18167354567307692 0.21901158173076923
6 0.1707086346153846 0.29927760576923074 0.16769865865384614 0.31647746875 0.16877364903846154 0.3298551394230769 0.1790935673076923 0.3321484543269231 0.18489852163461537 0.3310017956730769 0.19263845913461536 0.3229751947115385 0.1975834182692308 0.3126552764423077 0.203173375 0.31112639903846157 0.2096233221153846 0.31418415384615384 0.21628826923076924 0.31380193509615384 0.2182232548076923 0.3030997980769231 0.21650326682692309 0.2946909759615385 0.2124183004807692 0.2847532764423077 0.20489336057692306 0.28781103125 0.1952184375 0.29086878365384616 0.1818885456730769 0.2923976610576923 0.1707086346153846 0.29927760576923074
6 0.06277949759615385 0.3260329471153846 0.06578947355769231 0.32259297355769234 0.07094943269230769 0.32488629086538456 0.08105435096153846 0.32488629086538456 0.08685930528846154 0.32565072836538456 0.09481424038461538 0.31953522115384614 0.08965428365384616 0.3050108942307692 0.08578431490384616 0.2943087572115385 0.08363433173076923 0.29048656490384617 0.08277433653846153 0.28284218269230765 0.08191434375 0.27710889423076923 0.07954936298076923 0.27061116826923076 0.07245442067307692 0.26678897596153844 0.05396456730769231 0.2595268125 0.04407464663461538 0.27061116826923076 0.03805469471153846 0.28284218269230765 0.03654970673076923 0.29392653846153843 0.03611971153846154 0.30539311298076927 0.03590471153846154 0.31227305769230773 0.041279670673076925 0.31647746875 0.03590471153846154 0.3245040697115385 0.036979704326923074 0.32870848076923076 0.04170966586538461 0.32641516586538466 0.0436446514423077 0.3290906995192308 0.03848469230769231 0.33329511057692307 0.036979704326923074 0.3382639615384615 0.03461472355769231 0.3447616875 0.03461472355769231 0.3531705072115384 0.03138975 0.3638726442307692 0.02902476682692308 0.36998815144230773 0.024509802884615385 0.37610365865384615 0.02687478605769231 0.3795436298076923 0.035044718749999995 0.37533921875000004 0.040849673076923075 0.3696059326923077 0.04901960817307693 0.3589037956730769 0.05439456490384616 0.3550816033653846 0.05783453846153846 0.36349042548076926 0.06557447596153845 0.3726636850961539 0.07417440625 0.36349042548076926 0.07782937740384616 0.3581393581730769 0.07718438221153846 0.35164163221153844 0.07288441586538462 0.3447616875 0.06686446394230769 0.34170393269230764 0.061274509615384616 0.33482398798076923 0.06277949759615385 0.3260329471153846
4 0.0864293076923077 0.36005045192307694 0.09352425240384615 0.36043267307692306 0.09739422115384616 0.3558460432692308 0.09868421153846155 0.3474372211538462 0.09567423557692309 0.3436150288461538 0.09008427884615385 0.3443794663461538 0.08277433653846153 0.3436150288461538 0.07868937019230769 0.34667278125 0.07761437980769231 0.3531705072115384 0.07954936298076923 0.3654015216346154 0.08384932932692307 0.36578374038461536 0.0864293076923077 0.36005045192307694
7 0.12125902884615385 0.31991743990384613 0.1311489519230769 0.3168596875 0.12899896875 0.3149485913461539 0.12104403125 0.3084508653846154 0.11867905048076924 0.3118908389423077 0.11437908413461538 0.30768642788461537 0.10212418269230769 0.3126552764423077 0.09975920192307693 0.3229751947115385 0.1008341923076923 0.33520620673076923 0.09954420432692308 0.3436150288461538 0.09868421153846155 0.35469938461538464 0.1008341923076923 0.35852157692307696 0.10577915384615386 0.36272598798076927 0.11695906490384617 0.3573749182692308 0.12620399038461538 0.3581393581730769 0.13458892307692308 0.36425486298076926 0.1395338846153846 0.36043267307692306 0.13630890865384615 0.3504949735576923 0.1332989326923077 0.34934831730769234 0.1300739591346154 0.3420861514423077 0.12727898076923078 0.3371173028846154 0.125129 0.3298551394230769 0.12125902884615385 0.31991743990384613
6 0.06170450721153846 0.4055345336538462 0.06363949038461539 0.4120322596153846 0.06922944711538462 0.41012116346153843 0.07632438942307693 0.40629897115384617 0.08599931250000001 0.3982723701923077 0.09545923557692307 0.39101020432692307 0.09653422836538463 0.38336582211538467 0.09717922355769232 0.37533921875000004 0.09588923317307693 0.37381034375 0.08857929086538462 0.37686809615384614 0.08470932211538461 0.37648587740384615 0.08470932211538461 0.36654817788461536 0.07460440384615384 0.3673126177884616 0.07288441586538462 0.3734281225961539 0.06557447596153845 0.3933035192307692 0.06170450721153846 0.4055345336538462
8 0.06277949759615385 0.41776554567307694 0.06234950240384615 0.4257921490384616 0.06363949038461539 0.4303787788461539 0.07417440625 0.42426327163461536 0.08341933173076922 0.41547223076923073 0.10362917067307692 0.4020945600961538 0.11115411057692308 0.3944501778846154 0.11158410817307693 0.3906279855769231 0.11050911538461539 0.3845124783653846 0.10771413942307692 0.38336582211538467 0.09459924278846153 0.3933035192307692 0.08148434855769231 0.40400565624999996 0.07008943990384615 0.4135611346153846 0.06277949759615385 0.41776554567307694
9 0.08707430288461539 0.46095631249999997 0.08513931971153846 0.46783625721153843 0.08621431009615385 0.47471620192307695 0.08836429326923077 0.48197836538461536 0.09094427163461538 0.4873294350961539 0.09395424759615384 0.48962275 0.09975920192307693 0.48924053125 0.10427416586538461 0.48541833894230774 0.10771413942307692 0.48121392788461537 0.10857413221153847 0.47318732451923073 0.1100791201923077 0.4666895985576923 0.10814413461538462 0.45866299759615387 0.10384416826923076 0.45445858653846155 0.09696422355769231 0.4514008341346154 0.09137426923076923 0.45560524278846154 0.08707430288461539 0.46095631249999997
8 0.13372893028846153 0.3726636850961539 0.1384588918269231 0.37533921875000004 0.14297385576923077 0.3791614110576923 0.14942380528846153 0.3883346706730769 0.1517887860576923 0.3845124783653846 0.15329377403846153 0.37381034375 0.1507137932692308 0.3696059326923077 0.14641382932692307 0.3673126177884616 0.13888888942307692 0.3631082067307692 0.13544891586538463 0.36578374038461536 0.13136394951923075 0.36463708173076925 0.1311489519230769 0.3707525889423077 0.13372893028846153 0.3726636850961539
6 0.15372376923076925 0.3829836033653846 0.14877881009615385 0.3933035192307692 0.1507137932692308 0.3998012451923077 0.15264877884615385 0.4074456298076923 0.15716374278846154 0.41317891586538463 0.16490368028846153 0.41852998557692306 0.16920364663461537 0.4143255745192308 0.17199862500000002 0.40018346634615387 0.17500860096153847 0.3890991105769231 0.17565359375 0.38260138461538457 0.16963364182692306 0.3780147548076923 0.1608187139423077 0.3730459038461538 0.1569487451923077 0.37381034375 0.15372376923076925 0.3829836033653846
4 0.1341589278846154 0.2778733317307692 0.12899896875 0.2751977980769231 0.12147402884615384 0.2694645120192308 0.1160990721153846 0.28054886778846155 0.12104403125 0.28284218269230765 0.1277089783653846 0.29048656490384617 0.1341589278846154 0.2778733317307692
7 0.11201410336538462 0.3955968341346154 0.10061919471153846 0.40591675240384617 0.10685414423076924 0.4166188894230769 0.11631406971153847 0.4085922860576923 0.1216890264423077 0.40629897115384617 0.12856897115384616 0.4036234375 0.13544891586538463 0.3982723701923077 0.14297385576923077 0.39406795913461534 0.14447884375 0.38183694471153845 0.1401788798076923 0.3787791923076923 0.1328689375 0.37457478125 0.12985896153846152 0.37151702884615384 0.11953904326923077 0.374957 0.1100791201923077 0.38030806971153847 0.11201410336538462 0.3890991105769231 0.11201410336538462 0.3955968341346154
7 0.13243893990384617 0.43305431250000004 0.13695390384615386 0.43420097115384615 0.14404884855769232 0.42961434134615384 0.1479188173076923 0.42349883413461537 0.14705882451923077 0.4127966971153846 0.14168386778846154 0.39789014903846154 0.13781389663461538 0.3967434927884615 0.13458892307692308 0.39865458894230765 0.12706398317307693 0.40706341105769234 0.12641898798076923 0.4135611346153846 0.12899896875 0.4204410817307692 0.13243893990384617 0.43305431250000004
9 0.18532851682692308 0.40094790384615386 0.18769349759615384 0.4013301225961538 0.19715342307692307 0.39865458894230765 0.1999484014423077 0.3952146153846154 0.19951840384615385 0.38413025961538466 0.1999484014423077 0.3780147548076923 0.19844341346153846 0.3730459038461538 0.1919934639423077 0.37228146634615383 0.18468352163461538 0.3741925625 0.1797385625 0.3799258485576923 0.18231854086538463 0.39253908173076923 0.18532851682692308 0.40094790384615386
10 0.17522359855769232 0.39636127403846155 0.1762985889423077 0.40400565624999996 0.18038355769230768 0.4089745048076923 0.18317853365384615 0.4105033822115385 0.18446852403846153 0.4013301225961538 0.18382352884615386 0.3955968341346154 0.18038355769230768 0.39406795913461534 0.17522359855769232 0.39636127403846155
9 0.15759374038461538 0.3707525889423077 0.1666236658653846 0.3680770552884616 0.16877364903846154 0.35699269951923074 0.1674836610576923 0.3478194399038462 0.16253869951923078 0.34017505769230766 0.15630375000000002 0.34093949519230765 0.1528637764423077 0.345526125 0.15049879567307692 0.35393494711538465 0.14985380048076924 0.36425486298076926 0.15221878125000002 0.3707525889423077 0.15759374038461538 0.3707525889423077
13 0.20661334615384613 0.402859 0.21435328605769233 0.4047700961538461 0.22617818990384614 0.3898635480769231 0.23047815624999998 0.3795436298076923 0.2298331610576923 0.3631082067307692 0.22316821394230768 0.35928601442307695 0.21263329807692305 0.36081489182692306 0.20102339182692308 0.37151702884615384 0.1997334014423077 0.38336582211538467 0.2018833846153846 0.3982723701923077 0.20661334615384613 0.402859
11 0.20811833413461536 0.34514390625 0.21370829086538462 0.3474372211538462 0.22252321875 0.3474372211538462 0.2259631923076923 0.34667278125 0.2266081875 0.34170393269230764 0.22252321875 0.3382639615384615 0.21779325721153847 0.3397928365384616 0.20811833413461536 0.34514390625
0 0.2515479879807692 0.3730459038461538 0.27240281971153846 0.3696059326923077 0.2878826971153846 0.37381034375 0.2896026826923077 0.3673126177884616 0.2818627451923077 0.36043267307692306 0.27992775961538463 0.35393494711538465 0.2672428629807692 0.3558460432692308 0.24703302403846153 0.35852157692307696 0.23004815865384615 0.3596682331730769 0.23112315144230772 0.3741925625 0.23391812980769233 0.37763253365384614 0.2515479879807692 0.3730459038461538
13 0.2857327139423077 0.4215877379807692 0.29519263942307694 0.4250277115384616 0.30615755048076926 0.4219699567307692 0.31583247355769234 0.4089745048076923 0.3143274855769231 0.39215686298076924 0.3093825240384615 0.3860413557692307 0.30336257211538464 0.3822191634615385 0.2949776394230769 0.38107250721153846 0.2835827307692308 0.3883346706730769 0.27820777403846153 0.39865458894230765 0.27928276682692305 0.40782784855769233 0.2857327139423077 0.4215877379807692
9 0.33518231971153845 0.3436150288461538 0.3364723076923077 0.3581393581730769 0.3433522524038462 0.36005045192307694 0.3502321971153846 0.3589037956730769 0.3498022019230769 0.3462905625 0.3485122115384615 0.34093949519230765 0.3442122451923077 0.3397928365384616 0.33518231971153845 0.3436150288461538
7 0.35646714903846155 0.3527882884615385 0.35152218749999997 0.3581393581730769 0.34313725480769236 0.36005045192307694 0.3345373245192308 0.35928601442307695 0.32830237259615386 0.36081489182692306 0.3255073966346154 0.3623437692307692 0.3248624014423077 0.37151702884615384 0.32335741346153846 0.3795436298076923 0.33088235336538463 0.38336582211538467 0.3366873052884615 0.3860413557692307 0.34227726201923075 0.3845124783653846 0.3448572403846154 0.3890991105769231 0.35044719711538463 0.3852769182692307 0.35560715625 0.3822191634615385 0.35689714423076924 0.37381034375 0.3581871346153846 0.36157932932692305 0.3588321298076923 0.3504949735576923 0.35646714903846155 0.3527882884615385
0 0.3235724110576923 0.38030806971153847 0.3235724110576923 0.37381034375 0.31991743990384613 0.3734281225961539 0.31647746875 0.37189924759615384 0.30873753125 0.37686809615384614 0.29712762259615383 0.3787791923076923 0.29605263221153844 0.3806902884615385 0.30486756009615384 0.38260138461538457 0.3093825240384615 0.3852769182692307 0.31497248076923073 0.3936857403846154 0.3171224639423077 0.39941902644230765 0.3263673894230769 0.404387875 0.34227726201923075 0.40171234134615386 0.37474200240384614 0.3703703701923077 0.35646714903846155 0.37725031490384614 0.3549621610576923 0.3845124783653846 0.3448572403846154 0.3879524519230769 0.34034227644230775 0.38413025961538466 0.3349673197115385 0.38642357451923076 0.3235724110576923 0.38030806971153847
7 0.3130374951923077 0.42005886057692304 0.3121775024038461 0.4261743677884615 0.3145424831730769 0.43420097115384615 0.31733746153846154 0.4406986971153846 0.3231424158653846 0.44452088942307694 0.3317423461538462 0.4372587235576923 0.33238734134615383 0.4303787788461539 0.3313123485576923 0.41700110817307695 0.3302373581730769 0.4108856009615385 0.32421740624999995 0.4089745048076923 0.31948744471153845 0.4089745048076923 0.31669246634615383 0.40782784855769233 0.31475748076923077 0.41394335576923075 0.3130374951923077 0.42005886057692304
4 0.3465772283653846 0.45407636778846155 0.3502321971153846 0.45522302403846154 0.3474372211538462 0.4479608605769231 0.34356725240384617 0.43878760096153846 0.3409872716346154 0.43420097115384615 0.3371173028846154 0.43267209375 0.3302373581730769 0.43840538221153846 0.3302373581730769 0.45445858653846155 0.33045235576923077 0.45942743509615386 0.33905228846153845 0.4567519014423077 0.3465772283653846 0.45407636778846155
13 0.3027175793269231 0.4514008341346154 0.29583763221153847 0.4483430793269231 0.2900326802884615 0.44948973798076924 0.28164774759615385 0.45522302403846154 0.27713278365384614 0.46477850480769234 0.27455280288461537 0.47395176442307696 0.2743378052884615 0.4873294350961539 0.27777777884615384 0.49726713221153845 0.28379772836538464 0.506058173076923 0.2936876514423077 0.5087337067307692 0.30379256971153845 0.5010893245192307 0.31024251923076923 0.48962275 0.31239249999999996 0.47089400961538463 0.3089525288461538 0.45560524278846154 0.3027175793269231 0.4514008341346154
7 0.27498280048076923 0.48962275 0.27498280048076923 0.46783625721153843 0.26530787740384615 0.4689829158653846 0.2584279326923077 0.4686006947115385 0.2577829375 0.47930283173076926 0.2579979350961538 0.49764935336538463 0.2668128653846154 0.4949738173076923 0.27326281490384613 0.5091159278846153 0.28250774038461535 0.504529298076923 0.27498280048076923 0.48962275
6 0.27713278365384614 0.5121736802884616 0.27025283894230767 0.5163780913461539 0.2706828341346154 0.5358712692307692 0.2779927764423077 0.5385468028846154 0.2807877548076923 0.5255513509615384 0.27713278365384614 0.5121736802884616
7 0.25821293509615384 0.5966441153846154 0.26810285576923076 0.5943508004807693 0.2734778125 0.6157550745192307 0.2760577908653846 0.6138439783653846 0.27498280048076923 0.589764170673077 0.2767027860576923 0.5817375673076923 0.27498280048076923 0.5725643076923077 0.26917784615384616 0.5695065552884615 0.2644478846153846 0.5588044182692308 0.25498795913461536 0.57600428125 0.2554179567307692 0.5920574855769231 0.25821293509615384 0.5966441153846154
4 0.27498280048076923 0.6547414278846154 0.2822927427884615 0.6566525240384615 0.2831527355769231 0.6528303341346154 0.28551771634615386 0.6356304711538462 0.26939284375 0.6264572115384616 0.2668128653846154 0.6425104158653846 0.27498280048076923 0.6547414278846154
7 0.3177674567307692 0.6822612091346154 0.32099243269230765 0.676910139423077 0.3267973846153846 0.660856935096154 0.32335741346153846 0.6459503870192307 0.3169074639423077 0.6295149639423077 0.3113175096153846 0.6172839495192307 0.30121259134615386 0.6180483894230769 0.29605263221153844 0.6318082788461539 0.2947626418269231 0.6513014567307691 0.29992260096153844 0.6662080024038463 0.31024251923076923 0.6788212355769231 0.3177674567307692 0.6822612091346154
2 0.3349673197115385 0.7250697548076922 0.32980736057692306 0.7334785769230769 0.32507739903846156 0.7277452884615384 0.3197024423076923 0.736536329326923 0.3207774326923077 0.7395940841346154 0.3252923966346154 0.7472384663461539 0.32615239182692307 0.7613805745192308 0.3371173028846154 0.7724649302884615 0.3474372211538462 0.7854603822115384 0.3575421394230769 0.7854603822115384 0.3648520817307693 0.7728471514423076 0.3670020649038461 0.7594694807692307 0.3571121442307692 0.7468562475961539 0.3474372211538462 0.735007454326923 0.3392672860576923 0.7254519735576923 0.3349673197115385 0.7250697548076922
2 0.2767027860576923 0.6983144134615386 0.27992775961538463 0.6891411538461539 0.26960784375 0.6883767139423077 0.26702786298076925 0.6983144134615386 0.26251289903846153 0.7170431538461539 0.27369281009615387 0.7265986322115385 0.2794977644230769 0.7281275096153846 0.2835827307692308 0.7223942211538461 0.2801427596153846 0.7074876730769231 0.2767027860576923 0.6983144134615386
4 0.27777777884615384 0.6971677572115385 0.27971276201923073 0.7059587956730768 0.2835827307692308 0.7227764399038462 0.28809769471153845 0.7254519735576923 0.29261265865384617 0.7235408774038461 0.29777261778846154 0.7216297836538461 0.3022875817307692 0.7132209615384616 0.3063725480769231 0.7071054543269231 0.3014275889423077 0.7048121394230769 0.29777261778846154 0.6956388798076923 0.29454764423076923 0.6830256466346154 0.2923976610576923 0.6834078653846153 0.2829377355769231 0.6902878100961539 0.27777777884615384 0.6971677572115385
7 0.28487272115384615 0.7258341923076923 0.27713278365384614 0.735007454326923 0.2726178197115385 0.7407407403846153 0.2760577908653846 0.7453273701923078 0.2829377355769231 0.7472384663461539 0.2831527355769231 0.7571761658653846 0.2904626754807692 0.7594694807692307 0.2994926033653846 0.7640561105769231 0.30099759134615384 0.7587050408653847 0.3059425528846154 0.7392118653846154 0.30916752644230766 0.732714139423077 0.3027175793269231 0.7285097283653846 0.29841761298076924 0.7231586586538461 0.29196766346153846 0.7239230985576923 0.28487272115384615 0.7258341923076923
10 0.33238734134615383 0.7006077283653845 0.3274423798076923 0.6860834014423076 0.32464740384615387 0.6795856754807693 0.32185242548076926 0.6788212355769231 0.31905744711538464 0.6795856754807693 0.31991743990384613 0.6914344687499999 0.32722738221153846 0.708252110576923 0.3332473341346154 0.7139853990384615 0.3338923293269231 0.7093987692307693 0.33238734134615383 0.7006077283653845
4 0.24767801923076924 0.6914344687499999 0.2519779831730769 0.6933455649038461 0.25606295192307693 0.6864656201923077 0.2579979350961538 0.6734701682692308 0.24918300721153847 0.6723235096153846 0.24853801201923076 0.6822612091346154 0.24767801923076924 0.6914344687499999
11 0.2577829375 0.8041891225961538 0.2603629158653846 0.7961625192307692 0.25885793028846155 0.7908114519230769 0.2526229783653846 0.7850781634615385 0.23950808413461538 0.7976913966346154 0.23348813221153847 0.8068646562499999 0.2324131418269231 0.8164201346153847 0.23993807932692307 0.8229178605769231 0.24617303125 0.8183312307692308 0.24853801201923076 0.8152734783653847 0.2577829375 0.8041891225961538
9 0.1646886826923077 0.8110690673076923 0.16834365384615382 0.8137446009615386 0.17350361298076925 0.8106868485576922 0.1769435841346154 0.8030424639423077 0.1769435841346154 0.7915758894230769 0.17328861298076925 0.7835492860576923 0.16834365384615382 0.7759049038461538 0.16017371875 0.7804915336538462 0.15823873317307693 0.793486985576923 0.1612487091346154 0.8057179975961539 0.1646886826923077 0.8110690673076923
6 0.20123838942307692 0.2178649230769231 0.2059683533653846 0.21404273076923078 0.20661334615384613 0.2071627860576923 0.20618335096153845 0.2006650625 0.20080839423076924 0.1934028966346154 0.1997334014423077 0.19990062259615385 0.19629343028846155 0.20372281490384614 0.1868335048076923 0.2102205408653846 0.1861885096153846 0.21518938942307694 0.18790849759615383 0.22054045673076922 0.1898434807692308 0.22245155288461538 0.20123838942307692 0.2178649230769231
12 0.1790935673076923 0.2641134423076923 0.1851135192307692 0.2576157163461538 0.19177846634615386 0.25532240144230767 0.19005847836538464 0.24997133413461536 0.1861885096153846 0.24806023798076923 0.1829635360576923 0.25608684134615384 0.1775885793269231 0.2622023461538462 0.1790935673076923 0.2641134423076923
7 0.25821293509615384 0.25494018269230767 0.2586429302884615 0.24882467548076923 0.2584279326923077 0.23659366346153846 0.24853801201923076 0.2300959375 0.24058307451923078 0.23697588221153848 0.2360681105769231 0.24958911538461537 0.2356381153846154 0.25646906009615383 0.24380805048076923 0.26487788221153846 0.24896800721153844 0.2641134423076923 0.2554179567307692 0.25990903125 0.25821293509615384 0.25494018269230767
6 0.34378225 0.6314260600961539 0.3409872716346154 0.633719375 0.33883728846153843 0.6417459783653846 0.33991228125000006 0.6528303341346154 0.34120227163461536 0.6723235096153846 0.3429222572115385 0.6944922211538462 0.35732714182692304 0.6941100024038461 0.36528207692307696 0.69105225 0.3659270721153846 0.6730879495192308 0.36334709374999996 0.6566525240384615 0.3616271057692308 0.6409815384615385 0.36119711057692305 0.6356304711538462 0.35539215625000004 0.6463326081730769 0.3517371850961538 0.6417459783653846 0.3489422091346154 0.6363949086538461 0.34378225 0.6314260600961539
7 0.3392672860576923 0.6341015937500001 0.3381922932692308 0.6169017307692308 0.3358273125 0.6104040048076923 0.33152734855769234 0.6050529375 0.3263673894230769 0.5993196490384615 0.3207774326923077 0.5974085528846154 0.31583247355769234 0.60467071875 0.3128224975961539 0.6115506634615385 0.3121775024038461 0.6157550745192307 0.3160474711538462 0.6295149639423077 0.3244324038461538 0.6451859495192308 0.3343223245192308 0.6428926346153846 0.3392672860576923 0.6341015937500001
7 0.3177674567307692 0.6019951826923077 0.3235724110576923 0.5943508004807693 0.3220674230769231 0.589381951923077 0.31948744471153845 0.5825020072115384 0.31475748076923077 0.5763865 0.3059425528846154 0.5813553485576923 0.29992260096153844 0.5977907740384615 0.29734262019230767 0.6092573485576923 0.3014275889423077 0.6153728557692307 0.30916752644230766 0.6134617596153846 0.3119625048076923 0.6065818149038461 0.3177674567307692 0.6019951826923077
8 0.3349673197115385 0.5610977331730769 0.3274423798076923 0.5572755408653847 0.32249742067307696 0.5538355697115385 0.31948744471153845 0.5607155144230769 0.31583247355769234 0.57600428125 0.3197024423076923 0.5836486634615384 0.32894736778846156 0.5863241971153846 0.33797729567307694 0.590146389423077 0.33733230048076923 0.5756220625 0.33754730048076925 0.5653021442307693 0.3349673197115385 0.5610977331730769
4 0.29024767788461536 0.57600428125 0.29605263221153844 0.5752398413461539 0.30379256971153845 0.5752398413461539 0.31325249278846157 0.5691243365384615 0.3179824567307692 0.5607155144230769 0.3216374278846154 0.5458089663461538 0.31475748076923077 0.5266980096153846 0.30701754326923075 0.5351068293269231 0.30379256971153845 0.5435156514423076 0.2947626418269231 0.54733784375 0.2863777091346154 0.5565111033653847 0.28551771634615386 0.5683598966346154 0.29024767788461536 0.57600428125
0 0.3485122115384615 0.5576577620192308 0.34765221875 0.5683598966346154 0.3457172331730769 0.5626266105769231 0.34356725240384617 0.5607155144230769 0.33754730048076925 0.5675954591346154 0.33733230048076923 0.5779153774038461 0.3401272788461539 0.590528608173077 0.3420622644230769 0.5981729927884616 0.3538871682692308 0.5932041442307692 0.35582215384615384 0.588617514423077 0.35689714423076924 0.5802086923076923 0.35646714903846155 0.5740931850961538 0.3616271057692308 0.5653021442307693 0.3627020985576923 0.5584221995192308 0.3627020985576923 0.5458089663461538 0.3575421394230769 0.5385468028846154 0.35152218749999997 0.5458089663461538 0.34829721394230767 0.5511600360576924 0.3485122115384615 0.5576577620192308
4 0.33690230528846155 0.5266980096153846 0.3360423125 0.5354890504807692 0.33625731009615384 0.5484845 0.3485122115384615 0.5561288846153846 0.35216718269230773 0.5450445288461538 0.35453216346153843 0.5396934615384615 0.3528121778846154 0.5286091057692308 0.3498022019230769 0.5247869134615384 0.33690230528846155 0.5266980096153846
7 0.3360423125 0.5358712692307692 0.3371173028846154 0.5270802283653846 0.3334623317307692 0.5221113798076923 0.3235724110576923 0.5198180625 0.3179824567307692 0.5217291586538462 0.3177674567307692 0.5316668581730769 0.32013243990384616 0.5377823653846154 0.3227124182692308 0.5450445288461538 0.3248624014423077 0.5507778173076923 0.3334623317307692 0.5500133774038461 0.3364723076923077 0.5492489399038462 0.3360423125 0.5358712692307692
7 0.33045235576923077 0.60467071875 0.3360423125 0.6123151009615385 0.34034227644230775 0.6176661706730768 0.34507224038461537 0.6138439783653846 0.35195218509615384 0.6092573485576923 0.34829721394230767 0.5993196490384615 0.34120227163461536 0.5970263341346154 0.33840729326923075 0.5912930480769231 0.3364723076923077 0.5909108293269231 0.3255073966346154 0.588999733173077 0.32722738221153846 0.6012307451923077 0.33045235576923077 0.60467071875
7 0.31239249999999996 0.4773917355769231 0.3111025120192308 0.49000496875 0.30508256009615387 0.5010893245192307 0.30443756490384616 0.5133203389423077 0.3078775360576923 0.5205825024038462 0.3128224975961539 0.5213469399038462 0.3177674567307692 0.5217291586538462 0.32507739903846156 0.5171425288461539 0.3358273125 0.519053625 0.3433522524038462 0.49764935336538463 0.3495872043269231 0.4838894615384615 0.3560371514423077 0.48427168028846157 0.359477125 0.4804494903846154 0.3627020985576923 0.4785383942307692 0.36141210817307695 0.4632496274038462 0.35861713221153846 0.4514008341346154 0.35152218749999997 0.4514008341346154 0.3442122451923077 0.45407636778846155 0.3381922932692308 0.45560524278846154 0.3300223605769231 0.46095631249999997 0.31905744711538464 0.4659251610576923 0.31239249999999996 0.4773917355769231
7 0.35302717548076923 0.4850361201923077 0.3493722043269231 0.48771165384615384 0.3506621947115385 0.4949738173076923 0.3551771586538462 0.5072048317307692 0.3627020985576923 0.5133203389423077 0.37151702884615384 0.5129381177884615 0.3756019951923077 0.5072048317307692 0.3781819735576923 0.4995604471153846 0.3766769855769231 0.49268050240384614 0.3745270048076923 0.4827428052884616 0.37216202163461537 0.48197836538461536 0.36786205769230773 0.4785383942307692 0.3685070528846154 0.4827428052884616 0.36399208894230767 0.4865649975961538 0.3609821129807692 0.48159614663461536 0.35689714423076924 0.48427168028846157 0.35302717548076923 0.4850361201923077
7 0.37990196153846156 0.5007071057692307 0.3740970072115385 0.5121736802884616 0.3723770216346154 0.5182891875 0.374957 0.5278446658653846 0.37624699038461534 0.5331957355769231 0.37710698317307695 0.5396934615384615 0.3833419326923077 0.5442800913461538 0.39280185817307695 0.5442800913461538 0.39473684134615383 0.5362534879807692 0.4005417956730769 0.5282268846153846 0.40290677644230766 0.5205825024038462 0.40032679807692306 0.5102625841346154 0.3938768485576923 0.5041470769230769 0.38785689663461537 0.4991782283653846 0.38226694230769226 0.5003248870192307 0.37990196153846156 0.5007071057692307
8 0.3925868581730769 0.54810228125 0.39817681490384615 0.5542177884615385 0.40204678365384616 0.5538355697115385 0.40699174519230774 0.5477200625 0.41344169230769234 0.5412223365384615 0.41774165865384616 0.5328135144230769 0.4164516682692308 0.5278446658653846 0.41537667788461535 0.519053625 0.41021671875000004 0.5209647211538462 0.40118679086538467 0.5255513509615384 0.3940918461538461 0.5381645841346153 0.3925868581730769 0.54810228125
13 0.4155916754807692 0.5205825024038462 0.41795665625 0.5289913245192308 0.4216116274038461 0.5377823653846154 0.43171654567307693 0.5454267475961538 0.44246646153846153 0.54733784375 0.45235638221153845 0.5416045552884615 0.4585913317307692 0.5297557620192308 0.4553663581730769 0.5171425288461539 0.44891640865384613 0.5075870504807692 0.443326454326923 0.5018537620192307 0.4340815264423077 0.4984137908653846 0.42655658653846157 0.5026182019230769 0.4216116274038461 0.5064403918269231 0.41709666346153845 0.5102625841346154 0.4155916754807692 0.5205825024038462
4 0.4379514951923077 0.41623667067307696 0.4390264879807692 0.4036234375 0.44160646634615386 0.4020945600961538 0.44139146875 0.3998012451923077 0.42913656730769234 0.39636127403846155 0.42849157211538463 0.4074456298076923 0.4379514951923077 0.41623667067307696
0 0.47385620913461535 0.4315254375 0.4837461298076923 0.4414631346153846 0.49234606009615384 0.4460497644230769 0.5046009639423077 0.41317891586538463 0.5121259038461539 0.3902457668269231 0.5035259711538461 0.38260138461538457 0.48976608173076924 0.3730459038461538 0.48310113461538456 0.39101020432692307 0.47428620673076927 0.4143255745192308 0.46826625480769235 0.42655658653846157 0.47385620913461535 0.4315254375
2 0.38033195673076925 0.4108856009615385 0.37345201201923073 0.4273210264423077 0.3702270384615384 0.43878760096153846 0.3680770552884616 0.4487252980769231 0.36743206009615387 0.4559874639423077 0.3708720336538462 0.4598096538461538 0.37947196394230764 0.45942743509615386 0.3865669086538462 0.45445858653846155 0.3893618846153846 0.4368765048076923 0.39043687740384614 0.4303787788461539 0.39151186778846153 0.4143255745192308 0.39000687980769233 0.4089745048076923 0.38785689663461537 0.4051523149038462 0.38355693028846155 0.40591675240384617 0.38033195673076925 0.4108856009615385
7 0.4095717235576923 0.37113480769230767 0.4145166826923077 0.3787791923076923 0.41752665865384614 0.38336582211538467 0.4211816298076923 0.3890991105769231 0.42462160336538457 0.39712571153846155 0.42849157211538463 0.3860413557692307 0.4349415216346154 0.3783969735576923 0.44031647836538457 0.3741925625 0.4418214663461538 0.3680770552884616 0.4418214663461538 0.36272598798076927 0.4379514951923077 0.36998815144230773 0.43451152403846155 0.3661659591346154 0.4278465769230769 0.36005045192307694 0.42462160336538457 0.3531705072115384 0.4201066394230769 0.34858387740384617 0.41903164663461534 0.3573749182692308 0.4136566899038462 0.36349042548076926 0.4095717235576923 0.37113480769230767
0 0.4353715168269231 0.3447616875 0.44311145432692306 0.3317662355769231 0.45020639903846155 0.3168596875 0.4504213966346154 0.3034820168269231 0.44246646153846153 0.2943087572115385 0.4302115576923077 0.2786377716346154 0.42139662980769227 0.29851316826923074 0.4147316826923077 0.32029965865384613 0.40914172596153847 0.3302373581730769 0.4127966971153846 0.3413217139423077 0.4321465432692308 0.34896609615384616 0.4353715168269231 0.3447616875
6 0.41989164182692307 0.2182471418269231 0.41172170673076924 0.21480717067307692 0.40677674519230766 0.21862936298076924 0.40527175721153846 0.2262737451923077 0.41064671394230773 0.23430034855769233 0.41666666586538464 0.23430034855769233 0.4229016177884616 0.23430034855769233 0.4222566225961539 0.22856706009615382 0.41989164182692307 0.2182471418269231
6 0.37624699038461534 0.13377670673076925 0.37882696875 0.14103887259615383 0.3820519447115384 0.15403432211538462 0.38635190865384617 0.17390971875 0.3912968701923077 0.16473645913461538 0.3917268653846154 0.1525054471153846 0.3940918461538461 0.1395099951923077 0.3876418990384615 0.1398922139423077 0.37624699038461534 0.13377670673076925
7 0.33045235576923077 0.12536788701923077 0.33410732692307693 0.11504796875 0.33690230528846155 0.10816802403846154 0.33410732692307693 0.10243473557692308 0.3295923629807692 0.09784810576923077 0.32378740865384614 0.10052363942307692 0.31948744471153845 0.10090585817307693 0.31583247355769234 0.10740358413461538 0.3156174759615385 0.11275465384615384 0.3203474375 0.12039903605769231 0.3235724110576923 0.12345679086538461 0.33045235576923077 0.12536788701923077
0 0.30336257211538464 0.1104613389423077 0.2949776394230769 0.10281695432692307 0.29261265865384617 0.10243473557692308 0.29024767788461536 0.12078125721153846 0.29884760817307693 0.12536788701923077 0.3074475408653846 0.12269235096153847 0.3128224975961539 0.1196345985576923 0.31174750721153843 0.11275465384615384 0.30336257211538464 0.1104613389423077
6 0.30916752644230766 0.15059435096153845 0.3022875817307692 0.14638993990384616 0.2990626081730769 0.15938539182692307 0.30207258413461535 0.1632075841346154 0.3063725480769231 0.16397202163461538 0.30916752644230766 0.15059435096153845
0 0.23649810817307693 0.20028284134615384 0.24789301682692308 0.1937851153846154 0.25240798076923077 0.18499407451923075 0.25240798076923077 0.17505637740384616 0.22897316826923075 0.1689408701923077 0.22832817307692307 0.1979895264423077 0.23649810817307693 0.20028284134615384
7 0.32185242548076926 0.1976073076923077 0.3252923966346154 0.19531399278846154 0.3287323701923077 0.18766961057692308 0.3267973846153846 0.1811718846153846 0.3207774326923077 0.17314528125 0.3136824903846154 0.17620303365384615 0.3095975240384616 0.17390971875 0.3080925360576923 0.1872873894230769 0.3104575168269231 0.19607843028846156 0.3151874783653846 0.19837174519230769 0.32185242548076926 0.1976073076923077
7 0.4422514615384615 0.2679356346153846 0.43773649759615385 0.2629667860576923 0.43193154567307696 0.26067347115384615 0.4269865841346154 0.26449566105769234 0.4254815961538462 0.2725222644230769 0.42741658173076924 0.28093108653846155 0.43558651442307694 0.2801666466346154 0.44354145192307687 0.28054886778846155 0.44397144711538467 0.2751977980769231 0.4422514615384615 0.2679356346153846
7 0.4699862403846154 0.5404578990384615 0.4643962860576923 0.5297557620192308 0.46009631971153847 0.5320490769230769 0.45450636298076924 0.5484845 0.4553663581730769 0.5641554855769231 0.4514963870192308 0.5798264735576922 0.45063639423076923 0.5989374302884616 0.4542913653846154 0.6065818149038461 0.4499913990384616 0.6146084158653846 0.44074647355769236 0.6398348822115385 0.4471964230769231 0.6524481129807692 0.45708634375 0.6650613461538462 0.4624613004807693 0.6700301947115384 0.47106123076923073 0.6551236466346153 0.4753611971153846 0.6444215120192307 0.4764361875 0.6295149639423077 0.4777261778846154 0.6153728557692307 0.4800911586538461 0.6031418413461538 0.48224114182692307 0.588999733173077 0.48073615384615387 0.5802086923076923 0.47901616826923077 0.5706532115384616 0.47622118990384615 0.5549822259615385 0.4699862403846154 0.5404578990384615
4 0.4487014110576923 0.7258341923076923 0.45214138221153843 0.7109276466346154 0.4467664254807693 0.7048121394230769 0.43773649759615385 0.6964033173076923 0.43429652644230765 0.7178075913461538 0.43107155048076923 0.7434162740384616 0.43451152403846155 0.7460918100961538 0.4368765048076923 0.7491495625 0.43601651201923075 0.7552650697115385 0.44311145432692306 0.7636738894230769 0.4482714134615385 0.736918548076923 0.4487014110576923 0.7258341923076923
6 0.44977640144230774 0.7250697548076922 0.4596663221153846 0.736918548076923 0.4665462668269231 0.7472384663461539 0.47428620673076927 0.7548828509615385 0.4835311322115385 0.7609983557692307 0.49643102884615387 0.7724649302884615 0.49793601682692307 0.7655849855769231 0.4921310625 0.7613805745192308 0.4835311322115385 0.7522073149038462 0.47794117548076925 0.7460918100961538 0.47342621153846154 0.7399763028846155 0.46418128605769227 0.7265986322115385 0.4536463701923077 0.7113098653846154 0.45085139423076925 0.7155142764423077 0.44977640144230774 0.7250697548076922
7 0.44805641586538464 0.8450865721153846 0.45708634375 0.851202079326923 0.47514619951923076 0.8538776129807691 0.4777261778846154 0.8431754759615384 0.47794117548076925 0.8286511490384616 0.4781561754807692 0.8160379158653845 0.4760061923076923 0.8030424639423077 0.47299621634615385 0.7927225480769231 0.4626762980769231 0.7770515625 0.45235638221153845 0.7751404663461539 0.4478414182692308 0.7816381923076924 0.4527863774038462 0.7908114519230769 0.44913140625 0.8034246826923077 0.44805641586538464 0.8252111754807692 0.4463364302884615 0.8404999423076924 0.44805641586538464 0.8450865721153846
0 0.4201066394230769 0.8095401899038461 0.42419160576923076 0.835148875 0.44160646634615386 0.8275044903846154 0.4401014783653846 0.80610021875 0.4385964903846154 0.8034246826923077 0.4201066394230769 0.8095401899038461
6 0.47579119471153847 0.8531131754807693 0.45988131971153845 0.850437641826923 0.44805641586538464 0.8454687908653846 0.4461214302884615 0.8477621057692308 0.44741142067307693 0.8538776129807691 0.4381664951923077 0.86457975 0.42677158653846153 0.8722241322115385 0.4276315793269231 0.8863662427884615 0.4304265576923077 0.8859840240384614 0.4465514278846153 0.8745174495192308 0.45171138701923075 0.8672552836538461 0.4538613701923077 0.8580820240384616 0.46590127403846154 0.8615219975961538 0.4753611971153846 0.8619042163461538 0.48546611538461537 0.8630508725961538 0.4917010673076923 0.8634330937500001 0.499871 0.8630508725961538 0.49793601682692307 0.8592286826923077 0.48847609134615383 0.8527309567307693 0.47579119471153847 0.8531131754807693
8 0.45235638221153845 0.8722241322115385 0.4444014447115385 0.8787218581730769 0.44805641586538464 0.8871306802884615 0.4519263846153846 0.89362840625 0.4611713100961538 0.8920995288461538 0.4643962860576923 0.8882773389423076 0.46482628125 0.8810151730769231 0.4704162355769231 0.8764285432692307 0.4745012043269231 0.8768107620192308 0.47665118749999996 0.8863662427884615 0.48159614663461536 0.8844551466346153 0.4850361201923077 0.8798685168269231 0.48159614663461536 0.8691663798076923 0.4796611634615384 0.8603753389423077 0.4740712067307692 0.8615219975961538 0.4607413149038461 0.8680197235576923 0.45235638221153845 0.8722241322115385
6 0.5607155144230769 0.8240645192307692 0.5579205360576923 0.8343844350961539 0.5555555552884616 0.8527309567307693 0.5650154807692307 0.86572640625 0.5798503605769231 0.8817796129807692 0.5918902644230769 0.8959217211538462 0.6084451322115385 0.9112104879807692 0.6316649471153847 0.9303214471153846 0.6374698990384615 0.9115927067307692 0.6402648774038462 0.8901884350961539 0.6258599927884615 0.8764285432692307 0.6015651875 0.8554064903846155 0.5630804951923077 0.8198601081730769 0.5607155144230769 0.8240645192307692
4 0.5798503605769231 0.8053357788461538 0.5847953221153847 0.8148912596153846 0.5882352932692307 0.8259756153846154 0.5996302019230769 0.8103046298076924 0.5908152740384616 0.793486985576923 0.5858703125 0.7854603822115384 0.5811403509615385 0.7896647932692308 0.578130375 0.7961625192307692 0.5798503605769231 0.8053357788461538
10 0.5359907115384616 0.8733707908653846 0.5338407283653847 0.8783396394230769 0.5288957692307692 0.8875128990384616 0.5349157211538461 0.8997439134615385 0.5445906442307693 0.8898062139423076 0.5359907115384616 0.8733707908653846
6 0.560500516826923 0.6964033173076923 0.5488906081730769 0.6749990456730769 0.5402906778846154 0.6623858125000001 0.5342707259615385 0.6490081418269231 0.52739078125 0.6371593461538462 0.5215858269230769 0.6440392932692307 0.5286807716346154 0.6581814014423077 0.5379256971153846 0.6749990456730769 0.5454506370192308 0.6845545240384615 0.5540505673076923 0.6960210985576923 0.5671654615384616 0.7071054543269231 0.5723254206730769 0.7151320576923077 0.5792053653846154 0.7231586586538461 0.58974028125 0.7315674807692307 0.5942552451923077 0.7189542475961539 0.5845803221153847 0.7143676177884615 0.5755503966346154 0.7048121394230769 0.5699604399038461 0.7032832620192307 0.560500516826923 0.6964033173076923
8 0.5630804951923077 0.6279860865384616 0.5503955961538461 0.6272216490384616 0.545020639423077 0.6249283341346155 0.5396456826923077 0.6298971826923078 0.5392156850961538 0.6371593461538462 0.5448056418269231 0.6440392932692307 0.55856553125 0.6451859495192308 0.5697454423076923 0.6470970456730769 0.5706054350961538 0.6310438413461538 0.5630804951923077 0.6279860865384616
8 0.5910302716346154 0.6386882235576923 0.59361025 0.6398348822115385 0.5944702451923077 0.6298971826923078 0.5961902307692308 0.619577266826923 0.59382525 0.6081106899038462 0.5923202620192307 0.5932041442307692 0.5908152740384616 0.5779153774038461 0.5880202956730769 0.5733287475961538 0.5798503605769231 0.5756220625 0.5802803581730769 0.5836486634615384 0.5822153413461538 0.6081106899038462 0.5837203293269231 0.6245461153846155 0.5869453052884616 0.6329549375 0.5910302716346154 0.6386882235576923
8 0.6088751298076923 0.6669724423076923 0.6103801177884616 0.6589458389423076 0.60543515625 0.6528303341346154 0.5953302379807692 0.6390704423076923 0.5875903004807692 0.6363949086538461 0.5856553149038461 0.6413637572115385 0.5899552812500001 0.6505370168269231 0.5985552115384615 0.6623858125000001 0.603500173076923 0.6662080024038463 0.6088751298076923 0.6669724423076923
8 0.6215600264423077 0.63333715625 0.6213450288461538 0.620341704326923 0.6161850697115384 0.6084929086538462 0.6105951153846154 0.6107862259615385 0.6112401105769231 0.6276038677884616 0.6110251129807692 0.6463326081730769 0.6161850697115384 0.6505370168269231 0.6204850360576923 0.6516836754807692 0.6215600264423077 0.63333715625
10 0.6452098389423077 0.6623858125000001 0.6456398341346153 0.6543592091346154 0.6432748533653846 0.6451859495192308 0.6391898870192307 0.6451859495192308 0.6305899543269231 0.6451859495192308 0.6277949783653847 0.6516836754807692 0.6297299615384616 0.6623858125000001 0.6323099423076923 0.6700301947115384 0.6353199182692308 0.6688835384615385 0.6452098389423077 0.6623858125000001
8 0.5979102163461538 0.6188128269230769 0.5994152043269231 0.6295149639423077 0.6052201586538462 0.6287505264423078 0.6086601298076924 0.6188128269230769 0.6047901610576922 0.6111684447115384 0.6041451658653846 0.6031418413461538 0.6013501899038461 0.592821923076923 0.6000601995192307 0.5840308822115385 0.5970502235576923 0.5832664447115385 0.5946852427884616 0.588999733173077 0.5946852427884616 0.6042885 0.5979102163461538 0.6188128269230769
2 0.6196250432692308 0.5970263341346154 0.6209150336538461 0.6096395673076923 0.6239250096153846 0.6130795408653846 0.6348899206730769 0.6115506634615385 0.6452098389423077 0.6104040048076923 0.6525197788461538 0.60467071875 0.6636996899038461 0.6019951826923077 0.6645596826923076 0.5962618966346154 0.6596147235576922 0.5966441153846154 0.6507997932692308 0.5947330192307693 0.6443498461538462 0.5909108293269231 0.6327399375 0.590528608173077 0.6217750264423076 0.5924397043269231 0.6196250432692308 0.5970263341346154
8 0.5301857596153846 0.5263157884615385 0.5263157884615385 0.5213469399038462 0.5205108365384615 0.51943584375 0.5121259038461539 0.5117914615384616 0.5067509447115385 0.5125558990384615 0.5039559687499999 0.5171425288461539 0.5048159615384615 0.5266980096153846 0.5129858966346154 0.5316668581730769 0.5248108004807692 0.5374001442307692 0.5357757139423077 0.5442800913461538 0.537065704326923 0.5389290216346153 0.5301857596153846 0.5263157884615385
8 0.5362057115384615 0.5232580360576923 0.5357757139423077 0.5163780913461539 0.5284657716346154 0.4984137908653846 0.5241658076923077 0.4888583100961539 0.5185758509615385 0.49191606490384615 0.5170708629807692 0.49573825721153847 0.517715858173077 0.5033826394230769 0.5222308221153846 0.5137025576923077 0.5258857932692308 0.5205825024038462 0.5338407283653847 0.5343423918269231 0.5362057115384615 0.5351068293269231 0.5377106971153846 0.5301379807692308 0.5362057115384615 0.5232580360576923
2 0.5830753365384616 0.5240224735576923 0.5854403173076923 0.5106448028846153 0.5822153413461538 0.5037648581730769 0.5673804615384616 0.505293735576923 0.5583505336538461 0.5072048317307692 0.5542655649038462 0.5110270216346154 0.5422256634615384 0.5156136538461539 0.54287065625 0.5232580360576923 0.5564155480769231 0.5221113798076923 0.5620055048076923 0.5266980096153846 0.5830753365384616 0.5240224735576923
4 0.5654454759615384 0.5305201995192308 0.5656604759615385 0.5542177884615385 0.5660904711538461 0.5626266105769231 0.58200034375 0.5603332956730769 0.5992002067307692 0.5595688557692308 0.5989852091346154 0.5282268846153846 0.5951152379807693 0.49573825721153847 0.5951152379807693 0.49191606490384615 0.5639404879807692 0.5010893245192307 0.564370485576923 0.5030004206730769 0.58200034375 0.5033826394230769 0.5863003100961538 0.5114092427884616 0.5828603365384615 0.5263157884615385 0.5628654975961539 0.5266980096153846 0.5654454759615384 0.5305201995192308
5 0.6030701754807692 0.5259335697115385 0.6022101826923077 0.5343423918269231 0.6045751634615384 0.5396934615384615 0.6090901274038462 0.5400756802884615 0.6118851057692308 0.5339601730769231 0.6103801177884616 0.5282268846153846 0.6060801514423078 0.5263157884615385 0.6030701754807692 0.5259335697115385
2 0.6692896466346153 0.5633910480769231 0.6770295841346154 0.5565111033653847 0.6768145865384615 0.5484845 0.6729446153846154 0.5328135144230769 0.6555297548076923 0.5454267475961538 0.6510147908653846 0.5549822259615385 0.6456398341346153 0.5614799519230769 0.6374698990384615 0.5679776778846154 0.6396198822115384 0.5725643076923077 0.6484348124999999 0.5706532115384616 0.6617647067307693 0.5660665817307693 0.6692896466346153 0.5633910480769231
2 0.6353199182692308 0.5912930480769231 0.6490798076923077 0.589764170673077 0.6628396971153846 0.5867064182692308 0.6682146538461539 0.5847953221153847 0.6684296514423077 0.5805909110576923 0.6626246995192309 0.5794442524038461 0.6546697620192308 0.5779153774038461 0.6486498100961539 0.5740931850961538 0.6421998629807693 0.5740931850961538 0.6333849326923077 0.5740931850961538 0.6230650144230769 0.5717998701923077 0.6226350192307692 0.5870886370192308 0.6353199182692308 0.5912930480769231
2 0.6340299278846153 0.4514008341346154 0.6391898870192307 0.44948973798076924 0.6456398341346153 0.45560524278846154 0.6516597860576923 0.45560524278846154 0.6662796706730769 0.4575163389423077 0.6727296177884615 0.4575163389423077 0.6748796009615384 0.4471964230769231 0.6729446153846154 0.44184535336538466 0.6641296874999999 0.44184535336538466 0.6529497764423078 0.43878760096153846 0.6475748197115384 0.4426097932692308 0.6426298581730769 0.4429920120192307 0.6331699350961538 0.44413866826923076 0.6340299278846153 0.4514008341346154
2 0.6301599591346154 0.5087337067307692 0.6320949423076924 0.5102625841346154 0.6363949086538461 0.5094981466346155 0.640909872596154 0.5064403918269231 0.6449948389423077 0.49764935336538463 0.6490798076923077 0.48924053125 0.6510147908653846 0.48236058653846153 0.6499398004807693 0.4750984206730769 0.6467148269230769 0.4712762307692308 0.6432748533653846 0.4697473533653846 0.6400498798076922 0.47700951682692305 0.6359649134615384 0.48541833894230774 0.6318799447115384 0.4938271610576923 0.630804954326923 0.5014715432692308 0.6301599591346154 0.5087337067307692
2 0.7211042307692307 0.5870886370192308 0.7086343317307692 0.5981729927884616 0.7084193317307693 0.6115506634615385 0.712934295673077 0.6188128269230769 0.7213192283653846 0.6161372932692307 0.7363691081730769 0.6023774038461538 0.73830409375 0.5920574855769231 0.7449690408653846 0.5870886370192308 0.7514189879807692 0.5782975961538461 0.7484090120192307 0.5714176514423077 0.7456140360576923 0.5744754038461538 0.7370141033653846 0.5805909110576923 0.7331441346153846 0.5817375673076923 0.7281991754807693 0.5809731298076923 0.7211042307692307 0.5870886370192308
2 0.7069143437500001 0.5343423918269231 0.7019693846153847 0.5328135144230769 0.701109391826923 0.5393112403846154 0.7088493293269231 0.5465734062500001 0.7161592716346153 0.5542177884615385 0.7211042307692307 0.5591866370192308 0.728629170673077 0.5649199254807692 0.7385190913461539 0.5710354326923077 0.7419590649038461 0.5698887740384616 0.7445390432692308 0.5607155144230769 0.7445390432692308 0.5534533509615385 0.7370141033653846 0.5484845 0.7273391802884616 0.5419867740384615 0.7215342283653846 0.5377823653846154 0.716804264423077 0.5377823653846154 0.7069143437500001 0.5343423918269231
8 0.7436790504807692 0.6834078653846153 0.7331441346153846 0.6723235096153846 0.728414173076923 0.6673546610576923 0.724329204326923 0.6600924975961538 0.7163742692307692 0.6574169639423076 0.7107843149038462 0.6585636201923077 0.7071293437499999 0.6543592091346154 0.7060543509615385 0.66200359375 0.7084193317307693 0.6650613461538462 0.7092793269230769 0.6704124134615385 0.7135792908653846 0.6841723052884615 0.7178792572115384 0.6902878100961539 0.7266941874999999 0.6990788509615384 0.7357241153846155 0.7093987692307693 0.7443240456730769 0.72010090625 0.7507739927884616 0.7262164134615384 0.7539989687499999 0.7231586586538461 0.755718954326923 0.7162787139423077 0.7615239086538461 0.7093987692307693 0.7610939110576923 0.7013721658653846 0.7518489855769231 0.6899055913461538 0.7436790504807692 0.6834078653846153
8 0.7946336418269231 0.6555058677884615 0.7793687644230769 0.6360126899038462 0.7709838317307691 0.6321904975961539 0.7636738894230769 0.6470970456730769 0.7625988990384616 0.6520658942307692 0.7686188509615385 0.6604747163461538 0.7720588245192308 0.6662080024038463 0.7851737187500001 0.6792034543269231 0.7935586514423077 0.6845545240384615 0.80065359375 0.6960210985576923 0.8077485384615385 0.6979321947115384 0.8133384927884616 0.7048121394230769 0.8172084615384616 0.6971677572115385 0.8124785 0.6895233725961538 0.8096835216346154 0.6738523870192308 0.8036635697115385 0.6692657572115385 0.7946336418269231 0.6555058677884615
8 0.7744238052884616 0.7476206850961538 0.7849587211538461 0.75029621875 0.7944186442307692 0.7541184110576923 0.7954936370192307 0.7403585216346154 0.7914086682692307 0.7361541105769231 0.7849587211538461 0.735771891826923 0.7776487788461538 0.7330963581730768 0.7720588245192308 0.7334785769230769 0.7647488822115385 0.7296563846153846 0.7645338846153845 0.7361541105769231 0.7671138629807692 0.7376829879807693 0.7744238052884616 0.7476206850961538
8 0.7720588245192308 0.749914 0.7742088052884615 0.7556472884615384 0.7774337812500001 0.762909451923077 0.7802287572115384 0.7686427403846154 0.7840987259615384 0.7824026298076923 0.7890436875 0.7908114519230769 0.7931286538461539 0.7961625192307692 0.7952786370192307 0.7908114519230769 0.7974286201923076 0.7896647932692308 0.7978586177884615 0.7850781634615385 0.7952786370192307 0.7770515625 0.7907636730769231 0.7686427403846154 0.7858187139423076 0.7606161370192308 0.7836687307692307 0.7564117259615385 0.7797987620192307 0.749914 0.7770037836538461 0.7457095889423078 0.7720588245192308 0.749914
2 0.720889233173077 0.7927225480769231 0.7275541802884615 0.7984558341346154 0.7380890961538462 0.7953980817307692 0.7527089783653846 0.7858426009615385 0.7559339519230769 0.77896265625 0.7664688677884615 0.7739938076923077 0.7660388725961538 0.764820548076923 0.7606639134615385 0.7644383293269231 0.7570089447115385 0.7655849855769231 0.7533539735576924 0.7686427403846154 0.7488390096153845 0.7655849855769231 0.7417440649038463 0.7686427403846154 0.732499139423077 0.7755226850961539 0.7221792235576923 0.7804915336538462 0.7193842451923077 0.7843137259615385 0.720889233173077 0.7927225480769231
2 0.7142242860576923 0.7422696177884615 0.7202442379807692 0.7418873990384616 0.7249741995192308 0.7380652067307693 0.7228242163461539 0.7269808509615385 0.7185242524038462 0.7093987692307693 0.7122893028846153 0.69067003125 0.7099243197115384 0.6876122764423077 0.7069143437500001 0.6837900841346154 0.704979360576923 0.6860834014423076 0.7041193677884615 0.692581125 0.704979360576923 0.7009899471153846 0.7066993461538461 0.7120743028846154 0.7079893365384616 0.7189542475961539 0.7103543173076924 0.7292741658653846 0.7142242860576923 0.7422696177884615
7 0.7825937403846154 0.5691243365384615 0.7881836947115384 0.5607155144230769 0.7901186802884616 0.5519244735576924 0.7883986923076923 0.5423689951923077 0.7840987259615384 0.5358712692307692 0.7748538004807692 0.5305201995192308 0.7684038533653846 0.5328135144230769 0.76173890625 0.5374001442307692 0.7662538701923077 0.5461911850961538 0.7703388365384616 0.5565111033653847 0.7716288269230769 0.5649199254807692 0.7782937740384616 0.5725643076923077 0.7825937403846154 0.5691243365384615
4 0.8133384927884616 0.5698887740384616 0.8077485384615385 0.5817375673076923 0.8021585817307693 0.5920574855769231 0.7991486057692309 0.5947330192307693 0.8012985889423077 0.6027596225961539 0.8060285528846154 0.6100217860576923 0.8090385288461538 0.6169017307692308 0.8124785 0.6272216490384616 0.8174234615384616 0.6291327451923077 0.8197884423076923 0.6249283341346155 0.8275283798076922 0.6115506634615385 0.8277433774038462 0.6016129639423077 0.8212934302884616 0.5997018701923077 0.8184984519230769 0.592821923076923 0.8176384591346154 0.5813553485576923 0.8133384927884616 0.5698887740384616
7 0.763888889423077 0.4422275745192307 0.7679738557692308 0.46936513461538465 0.7707688341346154 0.48197836538461536 0.7873237019230769 0.48771165384615384 0.8066735456730769 0.49764935336538463 0.8139834879807691 0.49153384615384615 0.8139834879807691 0.47318732451923073 0.8114035096153847 0.4536941490384615 0.8036635697115385 0.43343653365384616 0.7914086682692307 0.41776554567307694 0.7739938076923077 0.40706341105769234 0.7662538701923077 0.42349883413461537 0.763888889423077 0.4422275745192307
8 0.84386825 0.4712762307692308 0.8423632620192307 0.460191875 0.8359133125 0.4578985600961539 0.8238734086538462 0.45445858653846155 0.8159184735576923 0.4529297091346154 0.8114035096153847 0.45445858653846155 0.8141984855769231 0.46783625721153843 0.8193584447115385 0.47242288701923074 0.828173375 0.47012957211538464 0.8408582740384615 0.4735695456730769 0.84386825 0.4712762307692308
7 0.8344083245192307 0.5182891875 0.83978328125 0.506058173076923 0.8391382860576923 0.4953560360576923 0.8348383221153846 0.4804494903846154 0.8313983485576923 0.4728051057692308 0.8212934302884616 0.4712762307692308 0.8167784663461538 0.48236058653846153 0.8159184735576923 0.4987960096153846 0.8223684206730769 0.5102625841346154 0.8305383557692309 0.5251691322115385 0.8344083245192307 0.5182891875
7 0.8320433437499999 0.5266980096153846 0.8348383221153846 0.5328135144230769 0.8421482620192309 0.5412223365384615 0.8466632259615385 0.5511600360576924 0.853543170673077 0.5450445288461538 0.8584881322115384 0.5381645841346153 0.8623581009615384 0.5404578990384615 0.8640780865384615 0.5286091057692308 0.8681630552884615 0.51790696875 0.8692380456730769 0.5102625841346154 0.8640780865384615 0.5049115168269231 0.85547815625 0.5033826394230769 0.8464482283653846 0.5003248870192307 0.8423632620192307 0.505293735576923 0.8380632956730769 0.5110270216346154 0.8350533197115385 0.5163780913461539 0.8320433437499999 0.5266980096153846
8 0.820003439903846 0.6482437019230769 0.8238734086538462 0.6428926346153846 0.8221534230769231 0.6329549375 0.8126934975961538 0.6321904975961539 0.8055985552884616 0.6329549375 0.7991486057692309 0.6379237860576924 0.7997936009615384 0.647479264423077 0.8010835913461538 0.6482437019230769 0.8107585144230769 0.6516836754807692 0.820003439903846 0.6482437019230769
4 0.8354833173076923 0.6612391538461538 0.8154884759615384 0.6577991826923076 0.8038785697115384 0.6513014567307691 0.7892586850961538 0.647479264423077 0.7879686971153846 0.6505370168269231 0.8043085649038461 0.6700301947115384 0.8169934639423077 0.6704124134615385 0.8270983822115384 0.6707946346153846 0.8477382187500001 0.6784390168269231 0.8569831442307693 0.6960210985576923 0.8567681466346154 0.7097809879807693 0.8578431370192308 0.7166609326923077 0.8657980745192309 0.7223942211538461 0.8636480913461538 0.7093987692307693 0.8587031298076924 0.677292358173077 0.8522531826923078 0.6669724423076923 0.8354833173076923 0.6612391538461538
8 0.880632954326923 0.6509192379807692 0.8894478846153846 0.6463326081730769 0.8862229110576922 0.6310438413461538 0.8804179567307693 0.6302794014423078 0.8756879951923077 0.6276038677884616 0.8681630552884615 0.6306616225961539 0.8544031658653846 0.6321904975961539 0.853328173076923 0.6440392932692307 0.8599931201923077 0.6505370168269231 0.8690230480769231 0.6513014567307691 0.880632954326923 0.6509192379807692
2 0.8909528725961539 0.633719375 0.8836429302884615 0.6111684447115384 0.8776229783653846 0.5985552115384615 0.8709580312499999 0.5867064182692308 0.8642930865384616 0.5932041442307692 0.86321809375 0.6004663076923077 0.8698830408653847 0.6138439783653846 0.8769779831730768 0.6245461153846155 0.8834279326923077 0.6298971826923078 0.888802889423077 0.6409815384615385 0.8924578605769231 0.6394526610576924 0.8909528725961539 0.633719375
11 0.9419074639423077 0.6776745793269231 0.9481424158653847 0.677292358173077 0.9477124182692307 0.6604747163461538 0.943412451923077 0.6444215120192307 0.9326625384615385 0.6161372932692307 0.915892673076923 0.6142261971153846 0.9096577235576924 0.6165195120192308 0.9139576875 0.6417459783653846 0.9193326442307692 0.6623858125000001 0.9227726177884615 0.6700301947115384 0.9419074639423077 0.6776745793269231
9 0.9307275552884615 0.7235408774038461 0.9380374951923076 0.7319496995192308 0.9436274519230768 0.7311852620192307 0.9481424158653847 0.7239230985576923 0.9520123846153846 0.7101632067307692 0.9494324038461539 0.6956388798076923 0.943197454326923 0.6887589350961538 0.9330925360576923 0.6857011802884615 0.9285775721153846 0.6902878100961539 0.9255675961538461 0.6998432908653847 0.9272875817307693 0.7147498365384616 0.9307275552884615 0.7235408774038461
8 0.9156776754807693 0.850819860576923 0.9242776057692308 0.8726063533653845 0.9324475408653845 0.8867484615384615 0.9371775024038461 0.8905706538461539 0.9393274855769231 0.8963039399038462 0.9447024423076923 0.8932461875000001 0.943412451923077 0.8890417764423078 0.9427674567307692 0.8775752019230769 0.9367475072115384 0.86419753125 0.9298675600961539 0.8435576947115385 0.9223426201923076 0.8286511490384616 0.9126676995192308 0.8370599711538461 0.9156776754807693 0.850819860576923
9 0.884502923076923 0.8775752019230769 0.8872979014423077 0.8875128990384616 0.8939628485576924 0.894010625 0.9051427596153846 0.8928639687500001 0.9113777091346154 0.8825440504807692 0.9128826971153846 0.8703130384615385 0.9085827307692308 0.8550242716346154 0.8993378052884615 0.8439399158653846 0.8913828677884615 0.8443221346153845 0.8834279326923077 0.8580820240384616 0.8821379423076923 0.8687841610576924 0.884502923076923 0.8775752019230769
7 0.8146284831730769 0.7896647932692308 0.8101135192307692 0.7896647932692308 0.8064585480769231 0.8045713413461539 0.8109735120192307 0.8179490120192308 0.8159184735576923 0.8263578341346154 0.8202184375 0.83476665625 0.8266683870192307 0.8393532860576923 0.8311833509615384 0.8466154495192307 0.8423632620192307 0.8584642427884616 0.8524681802884615 0.8622864350961539 0.8670880625 0.8542598317307692 0.8720330240384615 0.8374421899038461 0.873108014423077 0.8278867091346154 0.8737530096153846 0.8168023533653846 0.8660130721153846 0.8129801634615385 0.8587031298076924 0.8041891225961538 0.8481682139423078 0.7931047668269231 0.837633298076923 0.7862248221153846 0.8258083942307692 0.7885181370192308 0.8146284831730769 0.7896647932692308
10 0.8851479182692308 0.851966516826923 0.8862229110576922 0.8435576947115385 0.8808479543269231 0.835148875 0.8720330240384615 0.8424110384615384 0.8700980384615384 0.8443221346153845 0.8718180264423077 0.8523487379807692 0.8726780192307693 0.8619042163461538 0.8782679735576924 0.86419753125 0.8851479182692308 0.851966516826923
4 0.8759029927884616 0.8867484615384615 0.8713880288461537 0.8768107620192308 0.8651530793269231 0.8741352283653847 0.8642930865384616 0.8603753389423077 0.8574131418269231 0.8634330937500001 0.8492432067307691 0.8615219975961538 0.83978328125 0.8576998052884615 0.8363433100961538 0.8554064903846155 0.8296783629807692 0.8534953942307693 0.8307533533653846 0.8607575576923078 0.8359133125 0.8718419134615385 0.8412882692307692 0.879104079326923 0.8501031995192307 0.8882773389423076 0.8608531129807692 0.8978328173076923 0.8709580312499999 0.9020372283653846 0.8748280024038462 0.8974505985576923 0.8759029927884616 0.8867484615384615
7 0.8739680072115384 0.9211481875 0.8690230480769231 0.9238237211538463 0.8599931201923077 0.9211481875 0.8496732019230768 0.9219126249999999 0.8430082548076924 0.9207659663461538 0.8365583076923078 0.9383480480769231 0.8402132788461538 0.9532545961538462 0.8417182668269232 0.9712188966346154 0.8374183004807693 0.9754233076923077 0.8313983485576923 0.9792455 0.8344083245192307 0.9979742379807692 0.8522531826923078 0.9975920192307692 0.8690230480769231 0.9975920192307692 0.8832129350961538 0.9975920192307692 0.8915978677884616 0.9975920192307692 0.896327829326923 0.995680923076923 0.9083677331730768 0.9834499110576923 0.9150326802884615 0.9773344038461539 0.91782765625 0.9670144855769232 0.9133126947115385 0.9486679663461538 0.9047127620192307 0.9433168990384615 0.8931028557692307 0.9341436370192308 0.8829979350961538 0.9261170360576922 0.8739680072115384 0.9211481875
3 0.8881578942307692 0.3998012451923077 0.8939628485576924 0.4112678221153846 0.8980478149038462 0.41776554567307694 0.9032077740384616 0.4166188894230769 0.9066477475961539 0.4108856009615385 0.9055727548076924 0.40324121874999996 0.8926728581730768 0.38336582211538467 0.8860079110576924 0.37381034375 0.8817079471153846 0.3696059326923077 0.8778379783653846 0.37457478125 0.8784829711538461 0.38183694471153845 0.8853629158653846 0.39139242548076925 0.8881578942307692 0.3998012451923077
8 0.8623581009615384 0.3799258485576923 0.8664430697115384 0.38565913701923077 0.8763329903846154 0.39292130048076923 0.8834279326923077 0.40094790384615386 0.8857929134615384 0.39941902644230765 0.8853629158653846 0.3933035192307692 0.8819229447115385 0.38642357451923076 0.8791279663461539 0.3822191634615385 0.8743980048076924 0.37686809615384614 0.8696680432692308 0.3707525889423077 0.8655830745192308 0.3684592740384615 0.86321809375 0.37610365865384615 0.8623581009615384 0.3799258485576923
6 0.8797729615384615 0.4005656850961538 0.87891296875 0.3967434927884615 0.8733230144230769 0.3933035192307692 0.8642930865384616 0.3883346706730769 0.8614981081730769 0.3890991105769231 0.8584881322115384 0.39941902644230765 0.8602081177884616 0.40400565624999996 0.8709580312499999 0.4089745048076923 0.8774079807692308 0.4135611346153846 0.8797729615384615 0.4005656850961538
7 0.8507481947115385 0.3887168894230769 0.8595631225961539 0.3837480408653846 0.8623581009615384 0.37228146634615383 0.8604231177884615 0.3619615480769231 0.8516081875 0.35699269951923074 0.8447282427884615 0.35699269951923074 0.8365583076923078 0.3589037956730769 0.8309683533653847 0.36157932932692305 0.8273133822115385 0.37113480769230767 0.8318283461538462 0.3829836033653846 0.8421482620192309 0.38718801442307693 0.8507481947115385 0.3887168894230769
8 0.9047127620192307 0.5263157884615385 0.9107327139423076 0.5240224735576923 0.9186876514423077 0.5236402548076924 0.9296525625 0.5221113798076923 0.9311575504807692 0.5167603100961539 0.9309425528846155 0.5106448028846153 0.9283625721153845 0.5075870504807692 0.9208376322115384 0.5064403918269231 0.9150326802884615 0.5087337067307692 0.9068627451923077 0.5110270216346154 0.9023477812499999 0.5137025576923077 0.8989078076923077 0.5163780913461539 0.9047127620192307 0.5263157884615385
7 0.9195476442307692 0.48541833894230774 0.9212676298076924 0.48159614663461536 0.92578259375 0.4636318461538461 0.9247076033653846 0.46095631249999997 0.9130976947115385 0.4514008341346154 0.904282766826923 0.44910751923076925 0.9010577908653846 0.4483430793269231 0.8922428629807692 0.446431983173077 0.8896628822115384 0.4529297091346154 0.8911678701923077 0.4651607235576923 0.8924578605769231 0.4720406682692308 0.8918128653846153 0.4804494903846154 0.8892328870192308 0.4850361201923077 0.8855779158653847 0.49268050240384614 0.8892328870192308 0.4987960096153846 0.8997678028846153 0.5075870504807692 0.9040677668269231 0.5125558990384615 0.9193326442307692 0.5049115168269231 0.92578259375 0.506058173076923 0.9313725480769232 0.5098803653846153 0.9371775024038461 0.5106448028846153 0.9393274855769231 0.5075870504807692 0.9386824903846154 0.49803157211538457 0.9376074999999999 0.49268050240384614 0.931587548076923 0.4949738173076923 0.9290075673076923 0.4991782283653846 0.927502579326923 0.49726713221153845 0.923632610576923 0.4938271610576923 0.9195476442307692 0.48541833894230774
7 0.9593223245192307 0.5286091057692308 0.9713622283653846 0.5202002836538462 0.9711472307692308 0.5102625841346154 0.9705022355769231 0.4995604471153846 0.9692122451923078 0.4873294350961539 0.9638372884615385 0.4880938725961539 0.9573873413461539 0.47700951682692305 0.9505073966346154 0.47395176442307696 0.9427674567307692 0.48121392788461537 0.9382524927884616 0.48962275 0.9423374615384615 0.5007071057692307 0.9447024423076923 0.5133203389423077 0.9505073966346154 0.5213469399038462 0.9593223245192307 0.5286091057692308
7 0.8996500817307692 0.5660424591346154 0.9023463701923077 0.5772270697115385 0.9062410120192308 0.5942702836538462 0.9167265841346153 0.600128889423077 0.9299084447115384 0.6086504975961539 0.9481833004807693 0.6134439014423078 0.9541750552884616 0.5942702836538462 0.949980826923077 0.5798900721153847 0.9442886586538461 0.5708358629807692 0.9376977283653846 0.5687054615384615 0.9230179278846153 0.5596512524038462 0.9176253485576923 0.5532600480769231 0.9089373028846153 0.5532600480769231 0.8996500817307692 0.5660424591346154
7 0.9218195769230769 0.558053451923077 0.9332039110576923 0.5676402596153847 0.9400944302884615 0.5697706610576924 0.9484828870192307 0.5681728605769231 0.9541750552884616 0.5612490552884615 0.9511791778846154 0.5537926466346154 0.9484828870192307 0.5431406394230769 0.9427907211538462 0.5292930264423077 0.9305076225961538 0.5308908269230769 0.9212204014423077 0.5330212283653846 0.9182245240384616 0.5420754375 0.9188236995192308 0.5543252475961539 0.9218195769230769 0.558053451923077
5 0.9020467836538462 0.5314234278846154 0.8960550288461538 0.5415428365384616 0.9002492572115385 0.5559230504807693 0.9095364783653845 0.5532600480769231 0.9122327668269231 0.5426080384615385 0.9020467836538462 0.5314234278846154
2 0.827749016826923 0.617704704326923 0.8514164519230769 0.6059874951923077 0.8592057331730769 0.5985310889423077 0.8541127403846154 0.5825530745192308 0.8499185120192307 0.5820204735576924 0.8376354134615384 0.5894768798076924 0.8280486057692307 0.5995962884615385 0.827749016826923 0.617704704326923
11 0.8577077932692307 0.4525985576923077 0.8535135649038461 0.4307619375 0.8205589110576923 0.4291641370192308 0.8196601466346153 0.45046815625000003 0.8361374759615384 0.4584571634615384 0.8475218100961539 0.4621853653846154 0.8508172764423076 0.4669787716346154 0.8562098557692307 0.46591356971153847 0.8577077932692307 0.4525985576923077
8 0.7962923028846153 0.4020015120192308 0.7917984855769231 0.3998711105769231 0.7885030192307692 0.41212092067307693 0.793296423076923 0.4195773293269231 0.8013852932692308 0.42756633413461537 0.8094741634615384 0.4360879423076923 0.8157655072115385 0.43289234134615384 0.8139679807692308 0.42756633413461537 0.8100733389423076 0.41851212740384613 0.7962923028846153 0.4020015120192308
7 0.8097737524038462 0.34501326201923077 0.8040815841346153 0.3444806610576923 0.7941951875 0.3444806610576923 0.7906001346153846 0.3508718677884615 0.7888026081730769 0.3625890769230769 0.8004865312499999 0.3700454831730769 0.8070774615384615 0.3716432860576923 0.8139679807692308 0.36578468028846156 0.813668391826923 0.35566527163461537 0.8097737524038462 0.34501326201923077
7 0.7950939495192307 0.3977407091346154 0.8010857067307692 0.38708869951923075 0.7977902403846154 0.3801648942307692 0.7917984855769231 0.3679150817307692 0.7861063173076922 0.3583282740384615 0.7813129134615384 0.3530022692307692 0.7681310528846154 0.3524696682692308 0.7612405336538461 0.36684988221153847 0.7609409447115384 0.3769692908653846 0.7630380600961538 0.3886865 0.7693294038461538 0.39720810817307695 0.7831104399038461 0.3998711105769231 0.7950939495192307 0.3977407091346154
5 0.7507549615384614 0.39081690144230774 0.7498561971153846 0.3759040889423077 0.7408685649038461 0.37537148798076925 0.7438644423076923 0.38762130048076926 0.7507549615384614 0.39081690144230774
5 0.7516537235576923 0.38549089903846157 0.7588438317307692 0.3860234975961539 0.7606413581730769 0.37324108653846155 0.7504553725961538 0.37270848557692304 0.7516537235576923 0.38549089903846157
7 0.805879110576923 0.2422213701923077 0.798089829326923 0.2390257668269231 0.7876042572115385 0.24488437259615384 0.7852075552884615 0.22943895913461537 0.7849079663461538 0.21399354567307693 0.7729244567307691 0.22837375721153846 0.7768190961538461 0.2528733798076923 0.7891021947115384 0.26352538942307696 0.8004865312499999 0.26512318990384615 0.805879110576923 0.2422213701923077
7 0.7426660913461538 0.2193195504807692 0.7405689759615384 0.22464555528846153 0.7432652668269231 0.2507429783653846 0.7459615576923077 0.2688513942307692 0.7504553725961538 0.26725359134615384 0.75974259375 0.25340598076923077 0.75974259375 0.2368953653846154 0.7537508389423077 0.22943895913461537 0.7510545480769231 0.2182543485576923 0.7426660913461538 0.2193195504807692
9 0.7450627932692307 0.2704491947115385 0.7450627932692307 0.2874924110576923 0.7555483653846153 0.29761181971153844 0.7642364110576924 0.2906880144230769 0.7636372355769231 0.27843820192307694 0.75974259375 0.2688513942307692 0.7531516634615384 0.26352538942307696 0.7450627932692307 0.2704491947115385
11 0.7618397091346154 0.26672099278846156 0.7708273413461538 0.26086238701923076 0.7747219831730768 0.24701477403846153 0.7696289903846154 0.2384931658653846 0.7618397091346154 0.24009096875 0.75824465625 0.24914517548076923 0.7549491899038461 0.2592645841346154 0.7618397091346154 0.26672099278846156
5 0.7813129134615384 0.304535625 0.7774182716346154 0.29122061298076923 0.7744223942307692 0.29015541346153845 0.767531875 0.29974222115384613 0.7666331129807692 0.3056008269230769 0.7714265168269231 0.3146550336538461 0.7813129134615384 0.304535625
7 0.5608163173076923 0.39614290625 0.5578204399038461 0.38069749278846154 0.5533266225961538 0.3737736875 0.5452377524038462 0.3769692908653846 0.5350517692307692 0.3860234975961539 0.5290600144230769 0.4014689110576923 0.5362501201923077 0.41318612259615384 0.5407439375 0.4174469254807692 0.5515290961538462 0.40999051923076923 0.5608163173076923 0.39614290625
6 0.5263637235576923 0.434490141826923 0.5110847475961539 0.4467399519230769 0.4901136033653846 0.4664461706730769 0.4823243221153846 0.47709818028846157 0.4853201995192308 0.48721758894230766 0.5011983509615384 0.4749677788461538 0.5329546538461538 0.4531311586538462 0.5437398149038462 0.4376857451923077 0.5431406394230769 0.4280989350961538 0.5536262115384616 0.4195773293269231 0.5662088966346154 0.4115883221153846 0.5584196153846154 0.39667550721153844 0.5389464086538461 0.42117512980769234 0.5263637235576923 0.434490141826923
8 0.5512295072115385 0.4541963581730769 0.5536262115384616 0.4621853653846154 0.557221264423077 0.4611201658653846 0.5578204399038461 0.4525985576923077 0.5587192019230769 0.4467399519230769 0.5596179663461538 0.4392835456730769 0.5584196153846154 0.4307619375 0.557221264423077 0.4201099278846154 0.5494319807692307 0.42064252884615383 0.5443389903846154 0.42756633413461537 0.5449381658653846 0.4366205432692307 0.5479340432692308 0.44833775480769233 0.5512295072115385 0.4541963581730769
4 0.5515290961538462 0.4611201658653846 0.5536262115384616 0.472837375 0.5587192019230769 0.48508718749999996 0.5665084831730769 0.4829567860576923 0.5754961177884615 0.47550037740384615 0.5769940552884616 0.4600549639423077 0.5772936442307692 0.44727255288461537 0.5751965288461538 0.42756633413461537 0.5710023004807693 0.4254359326923077 0.5593183774038462 0.42650113461538464 0.5587192019230769 0.45526156009615387 0.5515290961538462 0.4611201658653846
7 0.5994631394230769 0.4579245625 0.5940705576923077 0.4531311586538462 0.5859816899038461 0.4579245625 0.5778928197115385 0.45898976442307693 0.57669446875 0.4829567860576923 0.5787915817307693 0.49307619471153846 0.5883783918269231 0.4936087932692308 0.5988639639423077 0.4898805913461538 0.6000623149038462 0.4781633798076923 0.5994631394230769 0.4579245625
8 0.5494319807692307 0.29974222115384613 0.5530270336538462 0.30666602644230767 0.5593183774038462 0.30080742307692304 0.5587192019230769 0.2906880144230769 0.5536262115384616 0.28269900721153846 0.5470352788461539 0.2906880144230769 0.5494319807692307 0.29974222115384613
4 0.557221264423077 0.21399354567307693 0.5497315697115385 0.19961333173076923 0.53595053125 0.21399354567307693 0.5386468221153846 0.22784115624999998 0.5470352788461539 0.22304775240384614 0.557221264423077 0.21399354567307693
0 0.5488328052884616 0.1617986971153846 0.5413431129807692 0.15008148798076923 0.5335538293269231 0.14795108653846153 0.5272624879807692 0.16073349759615382 0.5326550673076923 0.17564631009615386 0.5410435240384616 0.1804397139423077 0.55003115625 0.17777671153846153 0.5548245625 0.17138550721153845 0.5488328052884616 0.1617986971153846
7 0.570403125 0.18683092067307694 0.5784919951923077 0.20813493990384616 0.5883783918269231 0.20174373317307692 0.5868804519230769 0.18683092067307694 0.5796903461538462 0.1820375168269231 0.572799826923077 0.16872250480769233 0.5671076610576923 0.16818990384615384 0.5617150793269231 0.17937451442307692 0.5617150793269231 0.19322212740384614 0.5617150793269231 0.20121113461538462 0.570403125 0.18683092067307694
7 0.6090499471153846 0.20760233894230767 0.6054548942307693 0.19801553125 0.5970664375 0.190559125 0.5895767427884615 0.19854813221153847 0.5835849879807692 0.21026534134615385 0.5904755048076923 0.21399354567307693 0.5967668485576924 0.22304775240384614 0.6075520072115385 0.2171891466346154 0.6090499471153846 0.20760233894230767
8 0.6593806923076924 0.22198255288461538 0.6656720360576922 0.2193195504807692 0.66117821875 0.20440673557692307 0.6575831658653846 0.1942873269230769 0.6488951201923077 0.20014593269230768 0.6557856394230769 0.2161239471153846 0.6593806923076924 0.22198255288461538
6 0.6902382331730769 0.30666602644230767 0.6980275144230769 0.29707921875 0.6851452403846154 0.28216640625 0.6791534855769231 0.2896228125 0.6902382331730769 0.30666602644230767
7 0.6758580192307692 0.3561978725961538 0.6782547211538461 0.36898028365384616 0.6917361706730769 0.39454510576923074 0.6995254519230769 0.4195773293269231 0.7085130865384616 0.44141394711538456 0.7127073149038462 0.43875094471153847 0.7453623822115384 0.4142513245192308 0.7450627932692307 0.39933850961538464 0.7276867019230769 0.3716432860576923 0.7070151466346153 0.3455458629807693 0.6896390576923076 0.34341546153846153 0.6833477139423076 0.3396872572115385 0.6752588437499999 0.3386220552884615 0.6758580192307692 0.3561978725961538
8 0.7363747475961537 0.9367323894230769 0.7399698004807692 0.9377975913461539 0.75345125 0.9287433822115384 0.7621392956730768 0.9218195769230769 0.7687302259615384 0.9095697644230769 0.7741228076923077 0.9058415624999999 0.7696289903846154 0.8957221538461538 0.7603417692307691 0.8994503557692308 0.7546496009615384 0.8989177548076923 0.7468603197115384 0.9079719639423077 0.7381722740384615 0.914363170673077 0.7339780456730769 0.920754375 0.7363747475961537 0.9367323894230769
7 0.7483582596153846 0.8930591514423077 0.7546496009615384 0.8941243509615385 0.7615401201923077 0.8967873533653846 0.7705277548076922 0.8951895528846153 0.77382321875 0.8999829567307691 0.7762199206730769 0.89838515625 0.7750215697115385 0.8861353437499999 0.7693294038461538 0.8749507355769232 0.7603417692307691 0.8680269278846153 0.7513541370192307 0.8658965264423077 0.7468603197115384 0.8515163125 0.7420669158653846 0.8515163125 0.74416403125 0.862700923076923 0.7450627932692307 0.8760159350961538 0.7483582596153846 0.8930591514423077
4 0.8070774615384615 0.9042437596153847 0.8172634447115384 0.9122327668269231 0.8232552019230769 0.9191565745192308 0.8313440697115385 0.8941243509615385 0.8331415961538462 0.8792115384615384 0.8226560240384615 0.8706899302884616 0.8085753990384615 0.8605705216346154 0.8028832331730769 0.8733529326923077 0.798089829326923 0.8861353437499999 0.8037819951923078 0.8957221538461538 0.8070774615384615 0.9042437596153847
6 0.7351763966346153 0.6198351057692307 0.7348768100961538 0.63368271875 0.7405689759615384 0.652323735576923 0.7498561971153846 0.6629757451923077 0.7588438317307692 0.6469977307692307 0.765135173076923 0.6432695288461538 0.7762199206730769 0.6326175192307691 0.7786166225961538 0.6235633100961538 0.7747219831730768 0.6150417019230769 0.7678314639423077 0.6123786995192307 0.7621392956730768 0.617704704326923 0.7567467163461538 0.6182373052884615 0.7516537235576923 0.6118460985576923 0.7465607331730768 0.6081178966346154 0.741767329326923 0.6054548942307693 0.7351763966346153 0.6198351057692307
9 0.7477590841346153 0.01426836778846154 0.7465607331730768 0.024387776442307694 0.7492570216346154 0.03290938221153846 0.7567467163461538 0.039300588942307695 0.7612405336538461 0.02385517548076923 0.7603417692307691 0.013735766826923077 0.7519533125 0.00840976201923077 0.7477590841346153 0.01426836778846154
7 0.6315190288461537 0.061137209134615386 0.6210334591346154 0.07498482211538461 0.62043428125 0.08616943028846154 0.6246285120192308 0.10268004567307693 0.632118204326923 0.09256063701923077 0.6429033653846153 0.08244122836538462 0.6453000673076923 0.07391962019230769 0.6420046009615384 0.06752841346153846 0.6315190288461537 0.061137209134615386