2 0.8282064951923077 0.8595700961538462 0.8198099423076923 0.8560578125 0.8020290024038462 0.857813954326923 0.7842480649038461 0.863960451923077 0.7842480649038461 0.8744973052884616 0.7881993846153846 0.8938148677884615 0.8044985769230769 0.8938148677884615 0.8277125817307692 0.8911806538461539 0.8296882403846154 0.8797657307692308 0.8410482860576922 0.8753753750000001 0.8380847956730769 0.8648385216346154 0.8282064951923077 0.8595700961538462
9 0.9432886826923077 0.7050295913461538 0.9546487283653846 0.7050295913461538 0.9605757067307692 0.6944927379807692 0.9586000480769231 0.67956553125 0.9497095769230769 0.6742971033653846 0.9358799591346153 0.6725409615384615 0.9348921298076923 0.6778093894230769 0.9368677884615385 0.6944927379807692 0.9432886826923077 0.7050295913461538
4 0.8751284182692308 0.83674025 0.8701892692307692 0.8437648173076924 0.8642622884615385 0.8560578125 0.8642622884615385 0.8683508076923078 0.882537141826923 0.877131516826923 0.889451951923077 0.8463990312499999 0.8751284182692308 0.83674025
4 0.8884641225961538 0.8569358822115384 0.9017998269230769 0.8472771009615384 0.8978485072115384 0.8279595384615385 0.8919215264423077 0.8209349711538461 0.8775979927884615 0.8244472548076923 0.8766101634615384 0.8358621778846154 0.8879702067307692 0.844642889423077 0.8884641225961538 0.8569358822115384
7 0.8533961586538462 0.8543016706730769 0.8622866298076922 0.8499113149038462 0.8696953533653846 0.8463990312499999 0.8741405889423077 0.8253253245192307 0.8701892692307692 0.8139104014423076 0.8563596490384615 0.8156665432692307 0.8435178605769231 0.8235691826923077 0.8469752644230769 0.8402525336538461 0.8533961586538462 0.8543016706730769
7 0.8632744591346154 0.8982052235576923 0.8632744591346154 0.9061078629807693 0.8632744591346154 0.9245473533653846 0.8682136081730769 0.9368403485576924 0.8835249735576922 0.9482552740384615 0.8953789326923077 0.9535236995192308 0.9022937403846154 0.9438649182692308 0.9022937403846154 0.9201569999999999 0.8938971874999999 0.9043517211538461 0.8830310576923076 0.8938148677884615 0.8731527572115384 0.8920587259615385 0.8632744591346154 0.8982052235576923
8 0.7605401466346154 0.8859122283653846 0.7531314206730768 0.8859122283653846 0.7491801009615385 0.8946929375000001 0.7556009951923077 0.9043517211538461 0.7802967451923077 0.9175227860576923 0.7842480649038461 0.8964490817307692 0.7605401466346154 0.8859122283653846
10 0.7313991634615384 0.8823999447115385 0.7358443966346153 0.8929367956730769 0.7447348653846154 0.9017175072115384 0.7486861850961539 0.8999613653846155 0.7511557620192307 0.8841560865384616 0.7472044423076922 0.8806438028846154 0.737326141826923 0.8753753750000001 0.7338687379807692 0.8736192331730769 0.7313991634615384 0.8823999447115385
1 0.43751975721153846 0.9394745624999999 0.4360380120192308 0.92981578125 0.4409771610576923 0.9131324302884616 0.45480678125 0.9043517211538461 0.46369725 0.8982052235576923 0.4696242283653846 0.8823999447115385 0.47505729326923074 0.8665946658653846 0.4711059735576923 0.8376183197115386 0.46468507932692305 0.8393744615384615 0.45678243990384615 0.8095200456730769 0.4296171177884615 0.8024954783653846 0.4172692427884615 0.80161740625 0.4172692427884615 0.8270814663461539 0.3960308990384615 0.8393744615384615 0.36293859615384616 0.8534235985576923 0.3708412355769231 0.8841560865384616 0.38220128125 0.9447429879807692 0.39998221875 0.9500114158653846 0.43554409615384615 0.9535236995192308 0.43751975721153846 0.9394745624999999
6 0.33280978365384617 0.7155664447115384 0.32984629326923076 0.7059076610576922 0.33873676201923075 0.6918585264423077 0.34663940144230765 0.6716628918269231 0.3337976129807692 0.6620041105769231 0.3239193149038462 0.6505891850961538 0.31848625 0.6444426875 0.3125592692307692 0.6321496947115384 0.3011992259615385 0.6286374086538462 0.2947783317307692 0.6453207596153846 0.2883574375 0.6602479663461539 0.28736960576923076 0.6725409615384615 0.29033309615384617 0.687468170673077 0.2883574375 0.7102980168269231 0.3002113966346154 0.7146883725961538 0.3066322908653846 0.7252252259615385 0.3239193149038462 0.7225910120192308 0.33280978365384617 0.7155664447115384
6 0.2799608822115385 0.5083416754807693 0.2799608822115385 0.5171223846153846 0.27650347596153846 0.5338057355769231 0.28786352163461537 0.5381960913461539 0.27946696634615387 0.5469768004807692 0.28292437259615383 0.5531232980769231 0.2893452668269231 0.5583917259615384 0.2932965865384615 0.5610259375 0.2957661610576923 0.5680505072115385 0.3026809711538462 0.57068471875 0.3135471009615385 0.5636601514423076 0.3066322908653846 0.524146954326923 0.29724790625 0.5065855336538462 0.2932965865384615 0.4863898990384615 0.2883574375 0.46180390865384613 0.28687569230769233 0.4459986298076923 0.2809487115384615 0.4328275649038461 0.27551564663461536 0.4416082740384616 0.2715643269230769 0.4600477668269231 0.26415560336538463 0.44863284374999995 0.2597103677884615 0.4512670576923077 0.24933815384615385 0.4556574110576923 0.24242334375000002 0.4565354831730769 0.2394598533653846 0.4626819807692308 0.24143551442307692 0.47234076201923075 0.2527955576923077 0.47146268990384615 0.26415560336538463 0.47585304567307696 0.27353998798076923 0.48024340144230765 0.28292437259615383 0.5013171057692307 0.2799608822115385 0.5083416754807693
4 0.16043345913461537 0.3625818798076923 0.15500039423076922 0.37136259134615385 0.16092737499999998 0.3871678701923077 0.1683360985576923 0.39770472115384614 0.17179350480769232 0.4117538581730769 0.17623873798076922 0.3994608653846154 0.17722656971153847 0.39068015384615384 0.17376916346153845 0.3678503052884615 0.17179350480769232 0.35467924038461535 0.16537261057692307 0.35028888461538465 0.16043345913461537 0.3625818798076923
8 0.44838588701923077 0.6927365961538462 0.4419649903846154 0.6901023822115384 0.43554409615384615 0.6997611658653846 0.42714754326923077 0.7102980168269231 0.4231962235576923 0.7234690841346154 0.4207266466346154 0.7331278653846154 0.42467796634615385 0.7401524326923077 0.4315927764423077 0.7322497932692307 0.4404832451923077 0.7234690841346154 0.4469041418269231 0.7120541586538462 0.4528311201923077 0.706785733173077 0.45875810096153846 0.6953708100961538 0.44838588701923077 0.6927365961538462
7 0.48295993269230764 0.8411306033653846 0.4859234230769231 0.8490332427884616 0.48987474278846155 0.8411306033653846 0.4987652115384615 0.8323498942307693 0.50271653125 0.8174226850961539 0.49975304326923076 0.8068858341346155 0.4943199783653846 0.7972270504807693 0.49135648798076925 0.78229984375 0.4859234230769231 0.7708849206730769 0.4824660192307692 0.7743972043269232 0.47851469951923076 0.78229984375 0.4720938052884615 0.7910805552884616 0.4735755480769231 0.7998612644230769 0.47703295432692305 0.8130323317307693 0.47950252884615385 0.8209349711538461 0.48147818990384617 0.8314718221153845 0.48295993269230764 0.8411306033653846
7 0.5338331754807693 0.844642889423077 0.5318575144230769 0.8165446153846154 0.5288940264423077 0.791958625 0.5219792163461539 0.7717629903846154 0.5170400673076924 0.7542015697115385 0.5111130865384615 0.7542015697115385 0.49827129807692305 0.7638603509615384 0.4953078076923077 0.7761533461538461 0.4948138918269231 0.7972270504807693 0.49777738221153844 0.8077639038461538 0.5022226177884616 0.8209349711538461 0.49777738221153844 0.8349841057692308 0.4933321490384615 0.8516674567307692 0.49728346875 0.8613262379807692 0.501728701923077 0.8560578125 0.5041982764423077 0.863960451923077 0.5111130865384615 0.8595700961538462 0.516052235576923 0.8718630913461538 0.5209913870192308 0.8806438028846154 0.526424451923077 0.8727411610576923 0.5338331754807693 0.844642889423077
11 0.5269183653846153 0.7858121274038462 0.5323514302884615 0.8068858341346155 0.5397601538461538 0.8270814663461539 0.5432175600961539 0.8314718221153845 0.549638454326923 0.8191788269230769 0.5540836899038462 0.8007393365384616 0.5387723245192307 0.7743972043269232 0.5288940264423077 0.7682507067307692 0.5269183653846153 0.7858121274038462
2 0.9991010745192308 0.8604481682692308 0.9941619254807693 0.8393744615384615 0.9763809855769231 0.7963489807692308 0.9684783461538462 0.7972270504807693 0.9823079663461538 0.8297156802884615 0.9902106057692308 0.8499113149038462 1 0.8794970408653846 0.9991010745192308 0.8604481682692308
4 0.9388434495192308 0.9623044086538461 0.925013829326923 0.9640605504807692 0.9166172740384616 0.9763535456730769 0.9151355312499999 0.9974272524038461 0.9378556177884616 0.9991833942307693 0.9413130240384615 0.9860123293269231 0.9388434495192308 0.9623044086538461
8 0.6573119182692307 0.9061078629807693 0.6528666826923076 0.9201569999999999 0.6528666826923076 0.9306938509615384 0.6612632379807692 0.9333280649038461 0.6657084711538462 0.9245473533653846 0.6755867716346154 0.9087420745192307 0.6825015817307692 0.8929367956730769 0.6844772403846153 0.877131516826923 0.6716354519230769 0.8762534471153847 0.6632388966346153 0.8903025841346154 0.6573119182692307 0.9061078629807693
7 0.6825015817307692 0.9157666442307693 0.6716354519230769 0.9350842067307692 0.6701537067307692 0.941230704326923 0.673611110576923 0.9544017692307692 0.6899103052884615 0.9631824807692309 0.6978129447115384 0.958792125 0.7062094999999999 0.9675728365384615 0.7141121394230769 0.9535236995192308 0.7086790745192307 0.941230704326923 0.7022581802884615 0.9254254254807692 0.6968251153846154 0.9122543605769231 0.6918859639423077 0.9078640048076922 0.6825015817307692 0.9157666442307693
4 0.7501679302884615 0.9983053221153846 0.7442409519230769 0.9737193341346154 0.7412774615384615 0.9579140552884616 0.73288090625 0.9544017692307692 0.7239904375 0.9605482668269231 0.7279417572115385 0.9868903990384615 0.7313991634615384 0.9983053221153846 0.7501679302884615 0.9983053221153846
4 0.6449640432692308 0.9359622788461538 0.643482298076923 0.9069859326923078 0.6405188076923077 0.8973271514423077 0.6296526778846154 0.9087420745192307 0.6326161682692307 0.9289377091346154 0.63014659375 0.941230704326923 0.631134423076923 0.9500114158653846 0.6449640432692308 0.9359622788461538
7 0.6745989399038461 0.9904026826923077 0.6711415360576923 0.9789877596153846 0.6681780456730769 0.9623044086538461 0.6607693221153846 0.947377201923077 0.6553362572115385 0.9500114158653846 0.6479275336538461 0.9385964903846153 0.6395309783653846 0.9429868461538462 0.6350857427884615 0.950889485576923 0.6321222548076922 0.958792125 0.6306405096153846 0.9666947644230769 0.6316283389423076 0.9816219735576923 0.6405188076923077 0.9860123293269231 0.6494092788461538 0.9956711105769231 0.6538545120192307 0.9974272524038461 0.6678685264423077 1 0.6755867716346154 0.9974272524038461 0.6745989399038461 0.9904026826923077
6 0.2355085360576923 0.30287304807692306 0.24242334375000002 0.2940923389423077 0.23995376923076922 0.27301863221153844 0.22859372596153846 0.2501887860576923 0.21920934134615383 0.2396519326923077 0.20784929567307692 0.22648086778846155 0.20389797596153844 0.23350543509615385 0.1925379326923077 0.22999315144230767 0.18858661298076923 0.23438350721153847 0.18908052884615384 0.2598475673076923 0.18414137740384615 0.2940923389423077 0.18858661298076923 0.30901954567307693 0.19451359134615384 0.31780025721153843 0.20784929567307692 0.3239467548076923 0.21525802163461538 0.31955639903846156 0.22365457451923076 0.3107756875 0.2355085360576923 0.30287304807692306
7 0.30218705528846157 0.21857822836538462 0.29922356490384616 0.2203343701923077 0.2923087572115385 0.20804137500000003 0.28490003124999996 0.21067558653846152 0.2932965865384615 0.2203343701923077 0.3026809711538462 0.23701771875000002 0.3199679951923077 0.23526157692307692 0.31749841826923075 0.21506594230769233 0.3165105889423077 0.18960188221153845 0.3130531850961538 0.1711623894230769 0.3007053100961538 0.1711623894230769 0.2923087572115385 0.17730888701923078 0.2804547980769231 0.16940624759615386 0.2760095625 0.16238168028846156 0.2695886682692308 0.14745447115384616 0.26514343269230767 0.1360395480769231 0.2621799423076923 0.1351614783653846 0.2587225384615385 0.1439421875 0.2606981971153846 0.15799132451923076 0.2616860288461539 0.17028431971153848 0.2809487115384615 0.18345538461538463 0.28588786057692306 0.18784574038461538 0.2942844158653846 0.20101680528846153 0.30218705528846157 0.21857822836538462
5 0.44492848076923075 0.3125318293269231 0.4409771610576923 0.3371178197115385 0.45184329086538466 0.3415081754807692 0.45381894951923074 0.32658096634615386 0.44492848076923075 0.3125318293269231
7 0.5723585432692307 0.22472472596153845 0.5649498173076923 0.20804137500000003 0.5580350096153845 0.20277294951923078 0.5486506250000001 0.21243173076923078 0.544205389423077 0.22209051201923075 0.5412418990384615 0.23438350721153847 0.540747985576923 0.24755457211538462 0.5446993052884616 0.26423792307692306 0.5461810504807693 0.26950634855769234 0.5506262836538461 0.27477477403846157 0.5659376490384616 0.2677502067307692 0.5718646274038461 0.2493107139423077 0.5723585432692307 0.22472472596153845
2 0.6212561249999999 0.1456983293269231 0.6424944687499999 0.16501589423076923 0.6731171971153846 0.17291853365384616 0.6765746009615385 0.15360096875 0.6750928557692308 0.14042990384615386 0.6518788533653846 0.1369176201923077 0.643482298076923 0.1298930504807692 0.6207622091346153 0.13428340625 0.6212561249999999 0.1456983293269231
4 0.7136182235576923 0.21682208413461537 0.7062094999999999 0.22209051201923075 0.6997886033653846 0.22999315144230767 0.7012703485576923 0.2466765 0.7022581802884615 0.2668721346153846 0.7062094999999999 0.27301863221153844 0.7146060528846154 0.2668721346153846 0.7155938822115384 0.2501887860576923 0.7195452019230769 0.24404228846153847 0.7205330336538461 0.23350543509615385 0.7136182235576923 0.21682208413461537
7 0.6864528990384616 0.1571132548076923 0.6908981346153846 0.19135802403846155 0.7007764350961538 0.19926066346153848 0.7042338389423077 0.18696766826923075 0.7131243076923077 0.15096675721153846 0.6963311995192308 0.13867376201923076 0.6864528990384616 0.1571132548076923
6 0.9146416153846153 0.17291853365384616 0.9314347235576924 0.18784574038461538 0.9393373629807692 0.18082117307692308 0.9467460889423077 0.15272289903846153 0.9576122163461539 0.12550269471153847 0.9334103846153846 0.11145355769230769 0.9180990192307692 0.09652635096153846 0.9131598701923077 0.15799132451923076 0.9146416153846153 0.17291853365384616
8 0.8296882403846154 0.19399223798076923 0.8336395600961539 0.1860895985576923 0.8336395600961539 0.17730888701923078 0.8380847956730769 0.16765010576923078 0.8374499855769231 0.15244576682692307 0.8366030504807692 0.13779568990384614 0.8351213052884615 0.11672198557692307 0.8351213052884615 0.09652635096153846 0.8227734302884616 0.09389213701923077 0.8183281971153846 0.0947702091346154 0.8222795168269231 0.1053070625 0.8194957427884616 0.12052711298076924 0.8212916875 0.1334053341346154 0.8227018557692307 0.1655552139423077 0.8262308365384615 0.18433345673076923 0.8296882403846154 0.19399223798076923
7 0.7714062740384615 0.47234076201923075 0.7832602331730769 0.4565354831730769 0.7768393389423077 0.42053456971153846 0.7635036346153845 0.3941924375 0.75411925 0.37838715865384615 0.7467105264423076 0.38189944230769235 0.7476983557692307 0.39858279326923074 0.7531314206730768 0.4056073605769231 0.7516496754807692 0.41351000240384617 0.746216610576923 0.4196564975961538 0.7442409519230769 0.43546177644230766 0.7442409519230769 0.4547793413461539 0.7437470360576923 0.47058462019230773 0.7467105264423076 0.4863898990384615 0.7511557620192307 0.5057074615384616 0.7590584014423077 0.5057074615384616 0.7639975504807693 0.4916583245192308 0.7714062740384615 0.47234076201923075
5 0.8002590552884615 0.9133636562499999 0.8092361754807692 0.9179234639423076 0.815969016826923 0.9036740649038462 0.8063506730769231 0.8945544495192308 0.8005796658653845 0.9065239447115385 0.8002590552884615 0.9133636562499999
6 0.8435416033653845 0.9658014423076923 0.8432209903846153 0.9903104086538461 0.8525187235576923 0.9914503605769232 0.85412178125 0.9720711778846154 0.8435416033653845 0.9658014423076923
4 0.9041371706730769 0.892274545673077 0.9083051201923078 0.9082338725961538 0.92818303125 0.8979743052884616 0.9262593629807692 0.8774551706730769 0.9118318461538462 0.8842948822115384 0.9041371706730769 0.892274545673077
7 0.9406868774038462 0.9179234639423076 0.9297860889423077 0.9139336322115384 0.9384425985576923 0.9327428389423077 0.9487021658653846 0.9492721418269231 0.9544731706730769 0.9549719014423077 0.96665640625 0.9350227427884616 0.9669770192307693 0.921913295673077 0.9525495024038461 0.912223704326923 0.9406868774038462 0.9179234639423076
0 0.8300759206730769 0.6620042644230769 0.8172514615384615 0.6574444567307692 0.8127629014423078 0.6659940961538461 0.8153277932692308 0.6830933725961538 0.8339232572115385 0.6899330841346154 0.8403354879807693 0.6791035408653846 0.8406560985576923 0.6694139495192307 0.8300759206730769 0.6620042644230769
7 0.9265799735576923 0.7731495721153846 0.9163204062499999 0.76232003125 0.9118318461538462 0.7714396442307693 0.9143967379807693 0.7936687067307692 0.92593875 0.820457576923077 0.9361983173076923 0.7942386826923078 0.9265799735576923 0.7731495721153846
7 0.9150379615384616 0.9504120937499999 0.9038165600961539 0.9475622139423077 0.8954806610576923 0.9532619735576924 0.8836180360576923 0.9469922379807693 0.8698317427884615 0.9378726225961539 0.8630989014423077 0.9441423581730769 0.8602133990384615 0.9555418774038462 0.8640607355769231 0.9669413942307692 0.870793576923077 0.9794808653846154 0.8813737572115384 0.9811907932692308 0.8961218846153846 0.9817607692307693 0.8996486105769231 0.9829007211538462 0.9079845072115386 0.9857506009615384 0.914076125 0.9777709375 0.9150379615384616 0.9504120937499999
7 0.7835872572115385 0.11881718509615384 0.7906407091346155 0.1273668245192308 0.7999384423076923 0.1370564158653846 0.80378578125 0.13933631971153845 0.8105186201923077 0.12508692067307692 0.8130835120192308 0.11311742548076922 0.8069918942307692 0.10285785817307692 0.798976608173077 0.09544817307692308 0.7855109254807692 0.09772807692307692 0.7835872572115385 0.11881718509615384
7 0.5553783437500001 0.5324886298076923 0.5714380649038462 0.5354421418269231 0.5814061658653846 0.5157520624999999 0.590820485576923 0.4901549615384615 0.5725456322115384 0.47243388942307696 0.5548245625 0.4586508365384615 0.5387648413461539 0.48129442548076923 0.5415337596153846 0.49113946394230773 0.5492867259615385 0.5137830552884616 0.5553783437500001 0.5324886298076923
0 0.6168483076923077 0.5620237451923077 0.6052188557692307 0.5502096995192308 0.5974658870192308 0.5679307692307692 0.6085415552884615 0.5915588629807692 0.6168483076923077 0.6102644374999999 0.6290315432692307 0.5915588629807692 0.6168483076923077 0.5620237451923077
6 0.9089463413461538 0.3604869879807693 0.9067020625000001 0.3314182139423077 0.9038165600961539 0.31887874278846157 0.89708371875 0.31887874278846157 0.887785985576923 0.3234385504807692 0.870793576923077 0.3348380697115385 0.8608546225961539 0.34737754086538464 0.86598440625 0.3553572043269231 0.8746409158653846 0.35421725240384616 0.8813737572115384 0.3650467956730769 0.8813737572115384 0.3775862668269231 0.88522109375 0.38841581009615384 0.8996486105769231 0.37416641105769227 0.9089463413461538 0.3604869879807693
6 0.9272211971153846 0.39525551923076924 0.9236944711538461 0.3844259783653846 0.9201677427884616 0.3730264591346154 0.9150379615384616 0.36162693990384615 0.9118318461538462 0.36276689182692307 0.8980455528846154 0.37587633894230765 0.8890684302884615 0.38670588221153845 0.8865035384615385 0.39639547115384616 0.8849004831730769 0.4026652067307692 0.8823355913461538 0.4129247740384615 0.887785985576923 0.42489426923076923 0.89708371875 0.4226143653846154 0.9025341129807691 0.4066550384615385 0.9057402283653846 0.41007489423076926 0.9156791826923077 0.40893494230769234 0.9224120240384616 0.40893494230769234 0.9272211971153846 0.39525551923076924
6 0.9644121274038462 0.41520467788461535 0.9730686370192309 0.3872758581730769 0.9753129158653846 0.37416641105769227 0.9798014783653847 0.35706713221153846 0.9717861899038461 0.3399678533653846 0.9634502932692308 0.3297082860576923 0.9515876682692308 0.3331281418269231 0.9487021658653846 0.34224775721153844 0.9432517692307693 0.35706713221153846 0.9480609423076923 0.3690366274038462 0.9499846105769231 0.38214607451923077 0.9503052211538462 0.39354559134615386 0.9519082788461539 0.4129247740384615 0.9644121274038462 0.41520467788461535
6 0.9727480240384616 0.3815760985576923 0.9685800769230769 0.37245648317307695 0.9660151850961539 0.3690366274038462 0.9589617307692309 0.3678966754807692 0.9570380625 0.3770162908653846 0.9618472355769231 0.3889857860576923 0.9669770192307693 0.3901257379807692 0.9727480240384616 0.3815760985576923
6 0.9823663701923077 0.40893494230769234 0.9759541394230768 0.4032351826923077 0.9685800769230769 0.4083649663461539 0.9656945721153847 0.4197644855769231 0.9676182427884614 0.42489426923076923 0.9737098605769231 0.4311640048076923 0.9785190312500001 0.42033446153846155 0.9823663701923077 0.40893494230769234
6 0.8518775 0.2892399951923077 0.8531599471153846 0.3103291033653846 0.854442391826923 0.30405936778846154 0.868549298076923 0.29265985096153846 0.8679080745192308 0.2789804278846154 0.8720760240384616 0.27157074038461537 0.8727172451923076 0.25618138942307694 0.8768851947115385 0.2527615336538461 0.87560275 0.22654263942307692 0.870793576923077 0.22654263942307692 0.8675874615384616 0.24136201442307692 0.8592515649038461 0.24079203846153846 0.8573278966346154 0.2516215817307692 0.8521981129807692 0.2573213413461538 0.8525187235576923 0.2670109326923077 0.8560454495192308 0.2772705 0.8518775 0.2892399951923077
6 0.8842592596153847 0.30975912740384615 0.8858623173076924 0.3211586466346154 0.8993279975961539 0.31659883894230767 0.9070226730769231 0.3103291033653846 0.8993279975961539 0.30234943990384616 0.897404329326923 0.29265985096153846 0.8938776033653847 0.28867001923076924 0.8887478197115384 0.2977896322115385 0.8842592596153847 0.30975912740384615
6 0.8842592596153847 0.22597266346153846 0.8788088653846154 0.22768259134615385 0.8791294759615386 0.23566225480769232 0.8842592596153847 0.24478187019230768 0.8893890432692307 0.24079203846153846 0.8913127115384616 0.22882254326923077 0.8842592596153847 0.22597266346153846
5 0.85412178125 0.21001333653846155 0.8538011706730769 0.20431357692307694 0.8579691177884615 0.19576393990384616 0.8582897307692308 0.19006418028846153 0.8496332211538462 0.19006418028846153 0.8477095528846154 0.1923440841346154 0.8429003798076924 0.19804384134615385 0.841938545673077 0.20716345673076922 0.8457858822115385 0.21286321634615385 0.85412178125 0.21001333653846155
4 0.36935723798076925 0.9509820697115384 0.37448702163461534 0.934452766826923 0.3722427403846154 0.9327428389423077 0.3600595048076923 0.9316028870192308 0.3542885 0.9418624543269231 0.3536472764423077 0.9538319495192307 0.3600595048076923 0.9601016826923078 0.36679234615384615 0.9623815865384615 0.36935723798076925 0.9509820697115384
7 0.46105211778846156 0.7532004158653846 0.4539986658653846 0.7463607043269231 0.44790704807692305 0.7343912091346153 0.4402123725961538 0.7372410889423077 0.43572381250000003 0.7446507764423077 0.43444136778846154 0.7526304399038461 0.43668564663461534 0.7600401274038462 0.44277726442307697 0.7674498125 0.4443803221153846 0.7759994519230768 0.4520749975961538 0.7799892836538462 0.4568841682692308 0.7794193076923077 0.46105211778846156 0.7794193076923077 0.466823125 0.7651699086538462 0.46457884375 0.7594701514423078 0.46105211778846156 0.7532004158653846
7 0.45784600480769233 0.7098822427884616 0.45367805528846156 0.7098822427884616 0.4562429471153846 0.726411545673077 0.4562429471153846 0.7400909687499999 0.4607315072115385 0.7463607043269231 0.46906740625 0.7452207524038462 0.47259413221153845 0.7400909687499999 0.4716322980769231 0.7275514975961539 0.47131168509615384 0.7161519783653846 0.466823125 0.7047524591346155 0.45784600480769233 0.7098822427884616
6 0.8214194110576922 0.9441423581730769 0.827831639423077 0.9572518052884615 0.841938545673077 0.964091514423077 0.8618164567307692 0.9635215384615384 0.8592515649038461 0.9578217812500001 0.8538011706730769 0.9464222620192307 0.8438622139423076 0.9310329110576923 0.8361675384615384 0.9173534879807692 0.8287934759615384 0.9184934399038462 0.8188545192307692 0.9247631754807693 0.8214194110576922 0.9441423581730769