7 0.8146676971153847 0.22964250240384618 0.8348964663461539 0.2303321201923077 0.8618681586538461 0.22619441586538463 0.8857748846153846 0.21309169230769232 0.8802579471153845 0.19619607211538462 0.8980347451923076 0.19033432692307692 0.907229639423077 0.18447258173076925 0.9053906610576923 0.17895564423076923 0.8876138629807693 0.18309334615384615 0.8710630528846154 0.1892999014423077 0.8514472764423077 0.1755075576923077 0.8410263942307693 0.17274908894230767 0.80731178125 0.17964526201923076 0.7968908990384616 0.19688568990384617 0.8030208293269231 0.21998786298076922 0.8146676971153847 0.22964250240384618
8 0.7419590649038461 0.1802357451923077 0.7330246923076923 0.17452485336538462 0.7179986995192308 0.1738395456730769 0.700129954326923 0.18137792307692308 0.7119070817307692 0.19485562980769233 0.7318063677884615 0.22500913701923078 0.7476445745192308 0.2272934951923077 0.7488628990384616 0.23117690144230768 0.75901559375 0.22934941586538463 0.75901559375 0.22363852403846154 0.7622644567307693 0.22158260336538463 0.76348278125 0.21518640384615384 0.7577972716346154 0.20673428365384616 0.7500812211538462 0.19622624278846154 0.74277128125 0.18708881490384616 0.7419590649038461 0.1802357451923077
7 0.6826673173076923 0.1875456875 0.6786062379807691 0.18983004326923075 0.6903833653846154 0.19554093509615383 0.6891650432692308 0.19851059855769232 0.6822612091346154 0.20627741346153844 0.6859161802884616 0.2129020456730769 0.6680474326923077 0.20102339182692308 0.6578947379807693 0.18343384615384617 0.6367771274038462 0.20285087740384616 0.6095679014423078 0.22637975240384614 0.60794346875 0.2416849423076923 0.6343404807692308 0.25150767548076924 0.6554580889423077 0.2531067259615385 0.6652046778846153 0.24762426923076925 0.6660168942307692 0.23688779326923076 0.6761695913461538 0.23597405048076922 0.6810428846153846 0.23985745673076925 0.6895711490384616 0.24122806971153846 0.7058154639423078 0.23186220673076924 0.7110948677884615 0.21724232451923076 0.7106887596153846 0.21450109615384616 0.7167803774038461 0.2129020456730769 0.7135315144230769 0.19896747115384614 0.7005360625 0.19394188701923076 0.6826673173076923 0.1875456875
11 0.549870045673077 0.20810489663461537 0.5912930480769231 0.23323282211538462 0.6014457427884615 0.23209064423076922 0.6351526971153846 0.20559210576923076 0.6388076682692307 0.19965277884615384 0.6314977259615385 0.1959978076923077 0.6063190384615385 0.17795138942307692 0.5933235865384615 0.1777229543269231 0.549870045673077 0.20810489663461537
9 0.52428525 0.18571820192307692 0.5352501634615384 0.19348501442307692 0.5389051322115385 0.19782529326923076 0.5555555552884616 0.19508406490384617 0.5632716057692307 0.1889163004807692 0.5677387908653846 0.18183479567307692 0.5685510072115385 0.17315424038461538 0.5632716057692307 0.16949926923076925 0.5555555552884616 0.16927083413461538 0.5502761538461539 0.16721491346153844 0.5356562692307693 0.16881396153846154 0.5255035745192308 0.17612390384615384 0.52428525 0.18571820192307692
8 0.4219460697115384 0.15373720673076924 0.41138726442307694 0.15602156490384617 0.41504223557692305 0.15807748557692308 0.4105750480769231 0.16241776201923075 0.4138239110576923 0.17224049759615384 0.42113385336538467 0.1889163004807692 0.4349415216346154 0.18937317307692308 0.44062703125 0.18548976682692306 0.43981481490384616 0.18046418028846153 0.4365659519230769 0.17543859615384616 0.43412930528846155 0.16767178365384616 0.4304743341346154 0.16104714903846154 0.42235217788461543 0.1569353076923077 0.4219460697115384 0.15373720673076924
9 0.3728070168269231 0.2115314326923077 0.3955490576923077 0.2115314326923077 0.4052956466346154 0.20285087740384616 0.4032651081730769 0.19417032211538462 0.3931124110576923 0.18868786538461538 0.38295971394230766 0.18480445913461538 0.37118258653846153 0.19028691586538463 0.3654970769230769 0.2026224423076923 0.3728070168269231 0.2115314326923077
6 0.08243989663461539 0.21016081971153847 0.0755360625 0.21084612500000002 0.08690708173076923 0.22158260336538463 0.10233918028846153 0.21084612500000002 0.10233918028846153 0.20741959134615387 0.10558804326923078 0.20490679807692308 0.10761858413461539 0.2090186394230769 0.11127355528846154 0.21061768990384613 0.10924301442307692 0.19120065865384614 0.10721247596153846 0.1829769735576923 0.10883690625 0.17635233894230767 0.10233918028846153 0.17635233894230767 0.08203378846153846 0.17817982451923076 0.08162768028846154 0.1882309951923077 0.06985055288461538 0.19828216346153849 0.07797270913461539 0.20125182692307692 0.07959714182692308 0.20627741346153844 0.08243989663461539 0.21016081971153847
6 0.03127030528846154 0.20444992788461538 0.04954515865384616 0.20741959134615387 0.048326836538461544 0.19896747115384614 0.04142300240384615 0.19645467788461538 0.044671865384615386 0.19028691586538463 0.03492527644230769 0.18708881490384616 0.03492527644230769 0.18434758653846156 0.032082521634615384 0.18366228125 0.026397012019230767 0.18389071634615384 0.02030539423076923 0.18777412259615384 0.009746588942307692 0.1829769735576923 0.00934048076923077 0.17977887499999998 0.0012183245192307693 0.1875456875 0.01421377403846154 0.1946271923076923 0.025990903846153844 0.20010964903846154 0.03127030528846154 0.20444992788461538
0 0.1551332043269231 0.22843567307692308 0.09909031730769231 0.3035910096153846 0.12223846634615385 0.30998720673076924 0.1514782331730769 0.28828581971153844 0.1835607548076923 0.2907986105769231 0.19980506730769232 0.24465460576923076 0.1551332043269231 0.22843567307692308
8 0.2014295 0.27891995673076925 0.19371344951923078 0.2791483918269231 0.1876218317307692 0.28531615384615383 0.19533788221153847 0.29148391826923076 0.22295321634615384 0.29262609615384616 0.22742040384615383 0.2873720769230769 0.22742040384615383 0.28257492788461536 0.22254710817307694 0.2814327475961539 0.21320662740384616 0.2814327475961539 0.2014295 0.27891995673076925
4 0.25747238461538463 0.2606451033653846 0.29199155288461537 0.27206688701923076 0.29564652403846153 0.26864035096153843 0.3049870048076923 0.26521381490384616 0.3127030528846154 0.2576754375 0.30701754326923075 0.2547057740384615 0.30336257211538464 0.25082236778846156 0.28955490625 0.24511147596153846 0.2761533461538461 0.24054276201923075 0.25747238461538463 0.2606451033653846
7 0.2960819375 0.20460300240384616 0.2873736466346154 0.20855941346153847 0.26962212740384617 0.21270422596153848 0.26292343990384615 0.21628383653846153 0.2746461418269231 0.23210948317307695 0.28034002644230765 0.23474709134615385 0.2910579230769231 0.23474709134615385 0.2923976610576923 0.22589226442307692 0.30311556009615387 0.22400825961538462 0.3141683918269231 0.21496503365384617 0.32488629086538456 0.20234219471153844 0.3359391225961538 0.1912265625 0.3449823485576923 0.18632814903846157 0.34364261057692314 0.1774733221153846 0.34029326923076925 0.17257490865384614 0.33459938461538463 0.17219810576923075 0.3295753701923077 0.17389371153846153 0.3181876033653846 0.1708793028846154 0.31014918028846156 0.1733285096153846 0.30110595432692305 0.18821215384615383 0.29742167548076925 0.19913938701923076 0.2960819375 0.20460300240384616
7 0.32857056730769235 0.20215379567307692 0.31718280048076924 0.20629860817307694 0.31249371875 0.2136462283653846 0.3071347716346154 0.2198634471153846 0.3111539831730769 0.23135588221153844 0.3185225384615385 0.2362542956730769 0.32522122355769234 0.2309790793269231 0.33694392548076924 0.2268342668269231 0.3540255745192308 0.2260806658653846 0.3557002475961539 0.22231265384615384 0.3560351826923077 0.21553023557692308 0.36306880288461535 0.21779104086538462 0.3647434735576923 0.2157186346153846 0.36407360576923076 0.21063181971153846 0.3610591971153846 0.20497980288461537 0.34900156009615385 0.19970458894230766 0.32857056730769235 0.20215379567307692
7 0.3118238509615385 0.25923916346153847 0.32120201201923076 0.2694127932692308 0.3222068149038462 0.27713721634615385 0.32421642067307693 0.28542684134615387 0.34967143028846154 0.28184723076923074 0.3570399855769231 0.27544161057692307 0.3533557067307692 0.2684707908653846 0.36340373557692307 0.2645143798076923 0.37814084615384613 0.2603695673076923 0.37814084615384613 0.24981913461538463 0.37512643749999997 0.2413411105769231 0.3677578822115385 0.23361668749999998 0.37345176682692305 0.2379499014423077 0.3774709783653846 0.2302254783653846 0.37579630528846153 0.22513866346153846 0.3650784086538461 0.22739946875 0.35837972115384614 0.22909507451923078 0.3376137932692308 0.22664586778846155 0.3215369471153846 0.23116748076923077 0.3158430625 0.23681949759615384 0.30579503365384614 0.24115270913461537 0.3054600985576923 0.25226834375 0.3118238509615385 0.25923916346153847
2 0.4312127115384615 0.2192982451923077 0.42462410817307694 0.21533656490384614 0.41190128846153845 0.21789248798076924 0.4153091875 0.23603954567307694 0.42598726923076924 0.23016092067307692 0.4318942908653846 0.22798838701923077 0.4330302572115385 0.22786058894230768 0.4312127115384615 0.2192982451923077
10 0.43848289423076925 0.230033125 0.44484430528846153 0.2270938125 0.44870658894230775 0.22377111298076924 0.459384670673077 0.2218541682692308 0.46006625 0.22338772355769232 0.4698355576923077 0.22210976201923077 0.46188379567307697 0.21571995192307694 0.45325045432692307 0.21648673076923078 0.44552588461538456 0.21904265384615387 0.43530218990384617 0.2176368942307692 0.4325758701923077 0.21802028365384615 0.4355293822115385 0.22824397836538463 0.43848289423076925 0.230033125
8 0.48596627644230767 0.29444239903846153 0.48869259375 0.28319633653846155 0.48596627644230767 0.2731004375 0.48142241105769235 0.26888316346153845 0.4809680240384615 0.26159878124999997 0.47869609375 0.2540588076923077 0.4757425817307693 0.24575205528846153 0.47165310336538463 0.24166257692307694 0.4673364326923077 0.24294053846153846 0.4648373076923077 0.2553367692307692 0.4646101129807692 0.26006522596153847 0.45983905528846153 0.26683842548076925 0.4605206346153846 0.29457019471153845 0.4741522283653846 0.2990430625 0.48596627644230767 0.29444239903846153
5 0.6659032980769232 0.2520140673076923 0.6795348894230769 0.250097125 0.6879410384615384 0.2502249206730769 0.6890770048076923 0.24383511298076924 0.6874866514423077 0.23885106009615387 0.6790805024038461 0.23629513701923077 0.6690840024038462 0.23655073076923075 0.6679480360576923 0.23949004086538464 0.6638585576923077 0.2508639014423077 0.6659032980769232 0.2520140673076923
5 0.6831699807692307 0.26671062740384616 0.6890770048076923 0.25865946875 0.6947568341346154 0.25431439903846154 0.6822612091346154 0.24996932932692306 0.6647673317307692 0.2529086418269231 0.6595418870192307 0.25674252644230766 0.6631769783653846 0.26683842548076925 0.6718103221153846 0.26901095913461537 0.6831699807692307 0.26671062740384616
11 0.6972559615384615 0.27872346875000004 0.7052077235576923 0.2678607932692308 0.7036173701923077 0.2580204879807692 0.6965743798076923 0.2538032139423077 0.66272259375 0.2679885913461538 0.6590875024038462 0.2738672139423077 0.6638585576923077 0.2838353173076923 0.682034014423077 0.28575225961538464 0.6972559615384615 0.27872346875000004
8 0.7131594855769231 0.2581482836538461 0.7104331658653845 0.2681163870192308 0.7040717572115385 0.2720780673076923 0.7122507115384615 0.2764231394230769 0.7197480889423077 0.2719502716346154 0.7329252932692308 0.26913875721153846 0.7379235456730769 0.2635157235576923 0.7465568870192307 0.2558479543269231 0.7567805817307692 0.24984153365384615 0.7681402427884615 0.23859546874999998 0.7638235697115385 0.23527276923076926 0.7581437403846153 0.23195006730769233 0.7483744326923076 0.2309276971153846 0.7299717836538462 0.2462632403846154 0.7131594855769231 0.2581482836538461
7 0.7759420120192307 0.23455686057692307 0.7667947283653846 0.24821864423076923 0.7469230432692308 0.26223528125 0.7393528774038463 0.2693323125 0.7456613485576923 0.27873587740384614 0.73588321875 0.29168795673076925 0.7393528774038463 0.29825271153846156 0.7630096466346153 0.29488162259615386 0.7690026947115385 0.29399449278846157 0.7626942211538462 0.28530062980769233 0.7721569302884616 0.2764293413461539 0.7768882836538461 0.2790907283653846 0.7696335408653846 0.28494577884615385 0.7772037067307692 0.29399449278846157 0.7888743798076923 0.30588201923076924 0.8207321610576923 0.31138221875 0.8289331754807693 0.3023335048076923 0.8283023269230768 0.29505904807692307 0.8418655408653847 0.2824618173076923 0.8503819783653845 0.27359052884615387 0.8525899423076923 0.25779963701923075 0.8387113052884616 0.25034775480769234 0.8317719855769231 0.25779963701923075 0.81095403125 0.2563802307692308 0.8043301346153846 0.2530091418269231 0.8021221706730769 0.24946062500000002 0.8071689471153847 0.24467012980769232 0.7951828509615384 0.23579884134615386 0.7895052259615384 0.23597626682692308 0.7835121778846154 0.23313745432692307 0.7759420120192307 0.23455686057692307
3 0.9680349735576923 0.36159370913461536 0.958572266826923 0.35059331250000003 0.9405931225961539 0.3250440024038461 0.9298687211538461 0.3094305336538462 0.9055811057692308 0.31493073317307696 0.9207214375 0.3385283605769231 0.9409085456730769 0.36372281730769235 0.9516329471153846 0.3715295528846154 0.9661424326923077 0.3695778677884615 0.9680349735576923 0.36159370913461536
8 0.8967492451923077 0.3885624254807692 0.9134666947115384 0.3914012379807692 0.9219831322115385 0.39228836778846154 0.9260836370192307 0.3848364855769231 0.9232448245192307 0.38217509855769227 0.9282916033653846 0.37543291826923075 0.9336538028846154 0.3662067788461538 0.9304995673076923 0.3528998461538461 0.9298687211538461 0.3470447956730769 0.9210368605769231 0.34686737019230773 0.9181980480769231 0.3528998461538461 0.9049502572115385 0.36443252163461537 0.9011651754807691 0.37756202884615386 0.8967492451923077 0.3885624254807692
6 0.8554287548076923 0.38412678125 0.8677302740384616 0.3874978701923077 0.8825551826923077 0.3568032139423077 0.8812934879807692 0.3539644014423077 0.8522745192307692 0.3486416274038462 0.8415501177884616 0.35041588701923077 0.8267252091346153 0.3800459879807692 0.8554287548076923 0.38412678125
8 0.7951828509615384 0.33054419951923075 0.770895235576923 0.31936637740384616 0.7551240552884615 0.3216729110576923 0.7494464326923077 0.33214103125 0.7557549038461538 0.3344475673076923 0.7749957427884616 0.33427014182692305 0.7951828509615384 0.33054419951923075
5 0.7040254350961538 0.2964784543269231 0.7128572956730769 0.28530062980769233 0.7128572956730769 0.28139726442307694 0.7100184831730769 0.2798004302884615 0.7021328942307693 0.2798004302884615 0.6863617139423077 0.28530062980769233 0.7040254350961538 0.2964784543269231
5 0.6702751129807692 0.3048174639423077 0.6816303605769231 0.3074788509615385 0.695509 0.30304320673076923 0.6996095048076924 0.30002696875 0.6917239158653847 0.2941719182692308 0.6803686658653846 0.2923976610576923 0.6715368076923076 0.29292993749999996 0.6702751129807692 0.3048174639423077
2 0.5393743269230769 0.2613481514423077 0.5324350072115385 0.2546059735576923 0.5229723004807693 0.24573468509615384 0.5147712860576923 0.24786379326923078 0.5191872163461538 0.25389626923076924 0.5311733125 0.27128399519230767 0.5447365264423077 0.28778459134615386 0.5551455048076923 0.28778459134615386 0.5598768581730769 0.28441350240384616 0.5570380456730769 0.27926815384615383 0.5497833052884615 0.27217112259615384 0.5466290673076923 0.2661386466346154 0.5393743269230769 0.2613481514423077
8 0.5154021346153846 0.28583290865384614 0.5147712860576923 0.2876071658653846 0.5213951826923077 0.28902657211538463 0.5245494182692307 0.28654261057692304 0.5295961947115384 0.2840586490384615 0.5299116177884615 0.2799778581730769 0.5289653485576923 0.27092914423076925 0.5418977139423077 0.24733151682692306 0.5264419591346153 0.24289587259615386 0.5157175576923076 0.2698645889423077 0.5163484038461539 0.27589706490384613 0.5135095913461538 0.27926815384615383 0.5150867091346154 0.28139726442307694 0.5154021346153846 0.28583290865384614
5 0.7287737067307692 0.31132988221153846 0.7283062427884615 0.3072541971153846 0.7229304278846154 0.3047561947115385 0.7124125264423077 0.3047561947115385 0.7093740216346155 0.3060709326923077 0.7096077524038461 0.31356493750000003 0.7215280408653846 0.31211872596153845 0.7287737067307692 0.31132988221153846
5 0.7039982043269231 0.3100151466346154 0.7056343221153847 0.3017322980769231 0.6904417980769231 0.3067283004807692 0.6845985192307692 0.30922630288461533 0.68833821875 0.3154055697115385 0.701894625 0.31553704326923077 0.7039982043269231 0.3100151466346154
2 0.6574857067307692 0.2675491177884615 0.6553821274038462 0.26518259134615385 0.6460328822115385 0.26544553846153845 0.6046624687500001 0.27911881009615386 0.6060648557692307 0.2858239735576923 0.6198549927884615 0.28963671153846154 0.6535122788461538 0.28069649519230766 0.6595892884615384 0.27425428125 0.6574857067307692 0.2675491177884615
5 0.6154141009615385 0.31303904326923077 0.6259320024038462 0.31198725240384617 0.6299054326923077 0.3071227235576923 0.6282693149038461 0.3039673533653846 0.6219585745192308 0.3022581947115385 0.6121418653846153 0.3031785096153846 0.6100382860576923 0.30856893509615385 0.6154141009615385 0.31303904326923077
5 0.35854357451923075 0.2998916658653846 0.3552713389423077 0.30015461298076923 0.35129790865384614 0.30436177403846154 0.35714118749999996 0.3098836730769231 0.36368565865384617 0.30830598798076925 0.37163251923076923 0.30791156490384614 0.3756059471153846 0.30659682692307694 0.3767746033653846 0.3037044038461538 0.37373609855769235 0.30054903365384616 0.36649043269230763 0.30015461298076923 0.35854357451923075 0.2998916658653846
8 0.35994596153846153 0.3156685168269231 0.35597253125 0.3248716826923077 0.3592447692307692 0.3331545288461539 0.35854357451923075 0.3355210576923077 0.3606471538461538 0.33723021634615385 0.36532177884615386 0.3318397908653846 0.3678928197115384 0.32513462980769237 0.37467102403846153 0.31606293990384615 0.37537221634615386 0.3100151466346154 0.37069759375 0.30830598798076925 0.3620495408653846 0.30791156490384614 0.3592447692307692 0.30948925 0.35994596153846153 0.3156685168269231
8 0.35667372596153846 0.3104095673076923 0.3503629855769231 0.30488766826923075 0.3510641778846154 0.30212671874999997 0.35947850000000003 0.2989713485576923 0.35971223076923076 0.29831398076923077 0.3557388004807692 0.29765661057692305 0.3477919423076923 0.2962103990384616 0.34311731971153847 0.29765661057692305 0.3440522427884615 0.31435378125 0.3466232860576923 0.32092746875 0.34942806009615385 0.32605494471153845 0.35410268269230766 0.32460873317307687 0.35550506971153845 0.32263662740384613 0.35854357451923075 0.31724620192307695 0.35667372596153846 0.31356493750000003 0.35807611298076925 0.31185577884615384 0.35667372596153846 0.3104095673076923
8 0.29940959615384616 0.2805650216346154 0.30244810096153846 0.27241364903846155 0.29520243509615385 0.2714933317307692 0.28772303846153846 0.26965269951923077 0.28234722115384614 0.26873238221153845 0.2783737932692308 0.2725451225961538 0.27603648076923076 0.2828000745192308 0.2744003629807692 0.2945012403846154 0.28632065144230767 0.2954215576923077 0.29520243509615385 0.28792755288461536 0.29940959615384616 0.2805650216346154
7 0.27299797596153846 0.31803504567307694 0.2825809519230769 0.32119041586538466 0.28912542548076925 0.3184294663461538 0.2753352860576923 0.31132988221153846 0.28211349038461536 0.3033099831730769 0.2842170697115385 0.29555303125 0.2655185793269231 0.29042555528846153 0.24611889423076921 0.2858239735576923 0.24471650721153845 0.3022581947115385 0.2503260552884615 0.30948925 0.26154514903846154 0.3159314663461539 0.27299797596153846 0.31803504567307694
8 0.24237919471153846 0.29081997596153847 0.22461562980769229 0.30462472115384615 0.22882279086538462 0.3100151466346154 0.23676964903846154 0.3110669350961538 0.2454177019230769 0.30462472115384615 0.24331412019230766 0.2956845048076923 0.24237919471153846 0.29081997596153847
8 0.07269038461538462 0.30054903365384616 0.07385904086538461 0.29489566346153845 0.08577932932692309 0.2860869206730769 0.0984008125 0.2880590264423077 0.09746588701923077 0.2818797596153846 0.09956946634615385 0.27898733653846153 0.09699842548076923 0.2763578605769231 0.09325872596153847 0.2766208076923077 0.09092141586538462 0.27964470432692307 0.08554559855769231 0.28017060096153845 0.06684710817307692 0.2962103990384616 0.07269038461538462 0.30054903365384616
7 0.07128799759615384 0.30107493028846155 0.059133978365384615 0.30054903365384616 0.05773159375 0.30817451201923074 0.07105426682692308 0.3150111490384615 0.07526142788461539 0.30751714423076926 0.08881783413461539 0.30948925 0.09769961778846153 0.30107493028846155 0.09816707932692308 0.29410681971153846 0.09653096153846154 0.2891108173076923 0.08250709375000001 0.2862183942307692 0.07526142788461539 0.29410681971153846 0.07128799759615384 0.30107493028846155
8 0.6743143485576923 0.33433779326923074 0.6782877788461538 0.3398596923076923 0.6822612091346154 0.3413059014423077 0.6904417980769231 0.3359154783653846 0.6934803028846154 0.32921031490384617 0.6911429927884616 0.3198756778846154 0.6885719495192307 0.31632588701923076 0.6857671754807693 0.30909482932692306 0.6796901658653846 0.30764861778846153 0.6747818124999999 0.3093577764423077 0.6703409206730769 0.3111984086538462 0.6726782307692307 0.31658883413461536 0.6726782307692307 0.3235569447115385 0.6743143485576923 0.33433779326923074
8 0.6754830048076923 0.36391939182692307 0.6817937451923076 0.3590548605769231 0.692779110576923 0.3526126466346154 0.7021283557692308 0.3451186418269231 0.7077379038461539 0.3373616899038462 0.7124125264423077 0.33604695192307693 0.7063355168269231 0.33354894951923075 0.7044656682692308 0.32828999999999997 0.6988561201923077 0.3278955793269231 0.6909092620192308 0.3309194759615384 0.689273141826923 0.3348636875 0.6803913581730769 0.3406485336538462 0.6754830048076923 0.35011464423076927 0.6733794254807692 0.35642538701923077 0.6696397259615385 0.3612899158653846 0.6754830048076923 0.36391939182692307
8 0.6242958846153847 0.4033615216346154 0.6336451298076924 0.4037559423076923 0.6341125937500001 0.3992858341346154 0.6418257211538462 0.39323804086538466 0.6413582572115384 0.3750946610576923 0.6390209471153846 0.3595807572115385 0.6278018533653846 0.3582660192307693 0.6172839495192307 0.36089549519230774 0.6168164879807693 0.38758466826923077 0.6217248413461539 0.3971822548076923 0.6242958846153847 0.4033615216346154
7 0.5999878461538461 0.2922661875 0.5892362139423077 0.2993657716346154 0.5845615913461539 0.2991028221153846 0.5826917403846154 0.3027840889423077 0.5838603966346153 0.30804303846153847 0.5689016033653846 0.3084374615384615 0.5604872836538461 0.3110669350961538 0.5516055 0.3096207235576923 0.5455284903846154 0.31132988221153846 0.5364129759615385 0.31317051682692304 0.5310371586538462 0.31553704326923077 0.52332403125 0.3151426225961539 0.518883139423077 0.32132188942307693 0.5174807524038462 0.32894736778846156 0.5230903004807692 0.33749316346153846 0.5392177475961538 0.34551306249999997 0.5604872836538461 0.3432780096153846 0.5607210144230769 0.3413059014423077 0.5691353341346154 0.3413059014423077 0.5745111514423077 0.33815053125000005 0.5780171177884615 0.3357840048076923 0.5873663653846154 0.33328600240384615 0.5927421802884616 0.3296047379807692 0.5983517283653846 0.3272382091346154 0.6072335120192307 0.3186924134615384 0.6072335120192307 0.3157999927884615 0.60699978125 0.31238167307692305 0.6072335120192307 0.30896335576923073 0.6107394783653846 0.30580798557692307 0.6137779831730769 0.30238966826923075 0.6144791778846154 0.29607892548076925 0.6203224543269231 0.2952900841346154 0.6224260360576923 0.29384387259615385 0.6207899182692308 0.2913458701923077 0.6147129086538462 0.2883219735576923 0.6060648557692307 0.28687576201923076 0.5999878461538461 0.2922661875
4 0.4525034951923077 0.3415688509615385 0.46676109375 0.3482740120192308 0.47657780288461543 0.35103496153846153 0.4894330144230769 0.35129790865384614 0.49971718509615387 0.35050906730769227 0.5076640432692308 0.34919432932692307 0.5097676250000001 0.3476166442307692 0.5071965817307692 0.34248916586538464 0.5027556899038461 0.33893937500000004 0.5011195721153846 0.331182423076923 0.4983147980769231 0.3272382091346154 0.4950425625 0.3259234711538461 0.4948088317307692 0.32079599519230767 0.4817198870192308 0.3161944134615385 0.4779801899038461 0.31698325480769235 0.45484080528846155 0.3186924134615384 0.4567106538461539 0.3242143125 0.46068408413461537 0.3264493677884615 0.45787931009615385 0.32973621153846155 0.45320468750000004 0.3361784254807692 0.4525034951923077 0.3415688509615385
8 0.38308534375000003 0.3430150625 0.3800468389423077 0.35655686057692304 0.38168295673076924 0.3624731802884616 0.38472146153846154 0.3628676009615385 0.3943044399038461 0.3580030721153846 0.4020175673076923 0.3560309639423077 0.4132366610576923 0.3543218052884616 0.41487278125 0.3426206394230769 0.41487278125 0.3353895841346154 0.4134703942307692 0.3296047379807692 0.4155739735576923 0.3221107331730769 0.4176775528846154 0.31829799278846155 0.41183427403846157 0.3111984086538462 0.4092632331730769 0.3047561947115385 0.40902950240384617 0.3030470360576923 0.4010826418269231 0.3034414567307692 0.3996802548076923 0.3087004086538461 0.3868250432692308 0.3159314663461539 0.38775996634615384 0.32092746875 0.38916235336538463 0.32631789423076923 0.3840202692307692 0.33394337259615386 0.38308534375000003 0.3430150625
2 0.3795793774038462 0.2800391274038462 0.37537221634615386 0.2921347139423077 0.39594055769230774 0.29266060817307693 0.3999139879807692 0.29147734375 0.3985116009615384 0.2888478701923077 0.3940707091346154 0.2850351298076923 0.39056474038461536 0.28069649519230766 0.3795793774038462 0.2800391274038462
5 0.7327471346153847 0.3481425384615384 0.7364868341346154 0.3351266346153846 0.7306435552884616 0.33394337259615386 0.7198919230769231 0.3336804230769231 0.7138149134615385 0.3357840048076923 0.7175546105769232 0.3482740120192308 0.7327471346153847 0.3481425384615384
5 0.7182558052884616 0.3331545288461539 0.71545103125 0.3278955793269231 0.7072704399038462 0.31737767788461535 0.7023620865384615 0.3206645216346154 0.7079716346153847 0.3327601081730769 0.7138149134615385 0.3353895841346154 0.7182558052884616 0.3331545288461539
5 0.6048961995192308 0.32513462980769237 0.5897036754807693 0.3334174759615385 0.6006890384615384 0.33972821634615386 0.6119081346153846 0.3336804230769231 0.616115295673077 0.32907884134615384 0.611440670673077 0.32526610336538464 0.6048961995192308 0.32513462980769237
2 0.5417887908653847 0.3096207235576923 0.5443598341346154 0.30699125 0.5438923701923077 0.30054903365384616 0.5417887908653847 0.29778808653846156 0.5443598341346154 0.2950271370192308 0.540152673076923 0.29331797596153847 0.5146759783653846 0.30817451201923074 0.5132735913461539 0.3142223052884615 0.5184156778846154 0.3181665192307692 0.5240252235576923 0.3144852548076923 0.5366467067307693 0.3144852548076923 0.5417887908653847 0.3096207235576923
8 0.3033830240384615 0.35090348798076926 0.30829137740384616 0.3499831706730769 0.3146021201923077 0.35234969951923073 0.31740689423076923 0.3476166442307692 0.32745733173076924 0.3411744278846154 0.32909344951923075 0.33723021634615385 0.33610538461538464 0.32999915865384616 0.3393776201923077 0.3269752620192307 0.33633911538461536 0.3243457860576923 0.33002837500000004 0.3231625216346154 0.32067912980769225 0.33039357932692304 0.31343346394230764 0.3321027379807692 0.2935663173076923 0.34722222115384616 0.2945012403846154 0.35287559375 0.29824093990384615 0.35537359615384617 0.3033830240384615 0.35090348798076926
2 0.31553704326923077 0.32999915865384616 0.3099274975961538 0.3259234711538461 0.30852511057692306 0.32132188942307693 0.31600450721153844 0.3181665192307692 0.32067912980769225 0.30778009134615386 0.32067912980769225 0.30238966826923075 0.3241850961538461 0.2891108173076923 0.3246525576923077 0.28766460576923075 0.3127322692307692 0.2858239735576923 0.29216393028846155 0.32921031490384617 0.29520243509615385 0.3321027379807692 0.30408421875 0.33525810817307694 0.31343346394230764 0.3324971610576923 0.31553704326923077 0.32999915865384616
7 0.826719576923077 0.3927461875 0.8069943365384616 0.40269945673076923 0.7852385600961539 0.41624242788461535 0.7808874038461538 0.4296222331730769 0.8113454927884616 0.4402281754807692 0.8328111947115384 0.4408808485576923 0.8696509783653846 0.43027490625 0.8885059879807693 0.42309549999999996 0.893727375 0.41297906250000005 0.8858952932692308 0.40563648798076923 0.8713914423076923 0.39405153605769233 0.8600784374999999 0.3901354951923077 0.8426738149038461 0.3886669807692308 0.826719576923077 0.3927461875
6 0.7260628413461538 0.3780610384615385 0.7080780649038462 0.37838737499999997 0.6967650600961538 0.37920321634615384 0.6932841370192308 0.3852404447115385 0.7118490673076923 0.40269945673076923 0.7263529182692309 0.40792084375000004 0.7446277740384615 0.4053101514423077 0.7614522427884616 0.4053101514423077 0.801772951923077 0.4046574759615385 0.8165668798076923 0.39780440625 0.8220783437500001 0.38409826682692305 0.818017264423077 0.38262975240384617 0.8075744927884615 0.3796927211538461 0.7826278653846154 0.3806717307692308 0.75478046875 0.38132440384615385 0.7391163100961538 0.3814875721153846 0.7260628413461538 0.3780610384615385
12 0.6491924254807693 0.38703529567307693 0.6457115000000001 0.3854036129807692 0.6422305769230768 0.38605628605769227 0.6422305769230768 0.39144084134615387 0.6480321177884616 0.3961727235576923 0.6555741201923078 0.4044943076923077 0.6596351995192309 0.40563648798076923 0.6581848149038462 0.40220995192307696 0.6512229639423077 0.39421470432692307 0.6509328870192307 0.3911145048076923 0.6491924254807693 0.38703529567307693
8 0.6944444447115384 0.4170582716346154 0.6813909783653845 0.4139580721153846 0.6723985889423076 0.4085735168269231 0.6619558149038463 0.4090630216346154 0.65876496875 0.4111842115384615 0.6544138125000001 0.4137949038461538 0.6567344278846154 0.41624242788461535 0.6523832740384615 0.41754777644230767 0.6477420408653847 0.4209743100961539 0.6619558149038463 0.42848005528846156 0.6729787427884616 0.42896956009615383 0.7115589903846153 0.4441442139423077 0.7391163100961538 0.4452863942307692 0.7428873100961538 0.4459390673076923 0.7486888509615385 0.44838659134615383 0.7542003149038461 0.44169668990384614 0.7463682355769231 0.43924916346153847 0.7376659230769231 0.43255926201923073 0.7246124567307692 0.42521668749999997 0.7101086057692307 0.4211374783653846 0.6944444447115384 0.4170582716346154
6 0.7440476177884616 0.3805085625 0.8156966490384616 0.3801822259615385 0.830490579326923 0.3648444014423077 0.8377425048076923 0.3504855889423077 0.8333913485576924 0.33367925 0.8067042596153846 0.3299263774038461 0.7600018557692307 0.3371057860576923 0.7440476177884616 0.3805085625
11 0.6010396370192308 0.37740836538461536 0.6068411778846154 0.3746345024038461 0.5949480192307692 0.35815450000000004 0.5833449374999999 0.3508119254807692 0.5758029326923076 0.3437956875 0.5679708533653847 0.34705905288461536 0.5572380024038461 0.3591335096153846 0.5505662307692307 0.37251331490384615 0.5612990817307693 0.3796927211538461 0.5868258605769231 0.3814875721153846 0.6010396370192308 0.37740836538461536
7 0.5201081418269231 0.4095525264423077 0.51169590625 0.42146381490384616 0.5169172932692307 0.43761748076923074 0.5331616081730769 0.45475015625 0.5624593894230769 0.46421392067307693 0.5955281730769231 0.46568243509615387 0.6204747980769232 0.44659174038461535 0.6326580336538462 0.4307644110576923 0.616123641826923 0.42195331971153843 0.6184442596153846 0.4090630216346154 0.5787037043269231 0.38638262259615386 0.5560776947115385 0.3800190576923077 0.5282302980769231 0.3769188605769231 0.5169172932692307 0.3801822259615385 0.5320013004807692 0.40008876442307695 0.5201081418269231 0.4095525264423077
7 0.4681843509615385 0.4009046057692308 0.46731411778846155 0.4044943076923077 0.4754362764423077 0.4103683677884616 0.49313097596153843 0.40759450721153845 0.4989325168269231 0.4033521298076923 0.4942912836538461 0.39862024759615383 0.48790958894230774 0.39323569230769234 0.4916805913461539 0.38801430769230766 0.48790958894230774 0.3818139086538462 0.4774668149038461 0.37577668028846156 0.46760419471153847 0.3761030168269231 0.4620927307692308 0.3814875721153846 0.4499094951923077 0.3814875721153846 0.4565812692307692 0.3902986634615385 0.46093242307692306 0.39813074278846156 0.4681843509615385 0.4009046057692308
7 0.37129861778846157 0.3602756899038461 0.3710085408653846 0.35244360817307696 0.3686879230769231 0.3504855889423077 0.3594054591346154 0.34934341105769234 0.35505430288461537 0.3478748966346154 0.34403137500000003 0.3464063798076923 0.33590921634615384 0.3620705408653846 0.33010767788461537 0.37887687980769236 0.3245962139423077 0.39127767307692307 0.3318481394230769 0.39992559615384615 0.32981759855769227 0.4035152980769231 0.3388099879807692 0.40579965625000003 0.34200083413461535 0.4007414375 0.35157337740384614 0.3991097524038461 0.35331384134615385 0.39568321875 0.3594054591346154 0.38834064423076925 0.36085584374999996 0.37528717548076923 0.36636730769230774 0.36859727403846154 0.37129861778846157 0.3602756899038461
2 0.3976956274038462 0.42032163701923075 0.41364986538461535 0.4209743100961539 0.4249628701923077 0.41510025 0.4243827163461538 0.41314223076923073 0.4368560288461539 0.4069418341346154 0.43714610576923074 0.40302579326923077 0.43134456490384615 0.4010677740384615 0.4182910985576923 0.4069418341346154 0.4098788629807692 0.4046574759615385 0.3773902355769231 0.41738460817307693 0.37535969471153846 0.42162698317307695 0.38928339423076924 0.4307644110576923 0.3976956274038462 0.42032163701923075
2 0.4066880168269231 0.44463371874999996 0.39537501201923075 0.45703451442307697 0.4014666298076923 0.4599715432692308 0.41132925 0.4549133245192308 0.41510025 0.4490392644230769 0.41858117548076923 0.4457758990384615 0.42409263942307696 0.4495287692307692 0.43424533653846153 0.44039134375 0.44526826201923075 0.42831688701923076 0.4525201899038462 0.4229323317307693 0.4501995721153846 0.4168951033653846 0.44207741586538457 0.4139580721153846 0.4336651826923077 0.41363173557692307 0.4235124855769231 0.4245640144230769 0.40958878605769233 0.43663847115384613 0.4066880168269231 0.44463371874999996
2 0.31473359375 0.3641917283653846 0.31328320673076926 0.3690867788461538 0.32285575000000005 0.38948282211538465 0.3257565216346154 0.3867089591346154 0.3335886009615385 0.3692499471153846 0.3263366754807692 0.36353905528846153 0.3202450576923077 0.35603331250000003 0.31328320673076926 0.3565228173076923 0.31473359375 0.3641917283653846
11 0.051381473557692306 0.3599351634615384 0.05350029567307692 0.36956918990384613 0.08334039663461537 0.3718535480769231 0.08298725961538461 0.3614249615384616 0.08334039663461537 0.35834604567307693 0.07910275000000001 0.3582467259615385 0.07663078846153847 0.35467121153846154 0.061092747596153844 0.3554657716346154 0.051381473557692306 0.3599351634615384
8 0.19510834134615385 0.4125746875 0.19263638221153848 0.4120780889423077 0.1875158918269231 0.41386584615384614 0.18769245913461538 0.41694476201923075 0.18663304807692307 0.4230032740384615 0.1875158918269231 0.43114750240384614 0.19581461778846154 0.4339284591346154 0.2027007932692308 0.4306509014423077 0.2042899110576923 0.4269760673076923 0.20393677403846155 0.4250889903846154 0.1991694206730769 0.42320191346153846 0.1952849110576923 0.42022231730769233 0.1952849110576923 0.41634884375000003 0.19510834134615385 0.4125746875
5 0.7737237620192308 0.41962639903846155 0.7716049375 0.4166468028846154 0.7661313100961539 0.41326992788461536 0.7618936634615385 0.4157529230769231 0.7615405264423077 0.42439375240384614 0.7671907211538461 0.4321406995192308 0.7735471923076923 0.4323393413461538 0.7760191538461538 0.4283665456730769 0.7737237620192308 0.41962639903846155
5 0.7751363100961538 0.45746726442307695 0.775666016826923 0.4529978701923077 0.7753128798076923 0.44783323798076924 0.7624233701923077 0.45011759375 0.7541246442307692 0.4605461802884615 0.7571263100961538 0.4645189735576923 0.7675438605769231 0.4637244158653846 0.7744300360576923 0.46273121634615383 0.7751363100961538 0.45746726442307695
8 0.6114571850961539 0.45389175000000004 0.6059835576923077 0.45558018749999996 0.6051007139423077 0.4598509399038461 0.6151651274038461 0.46124141826923076 0.62681865625 0.45826182211538463 0.6428864038461538 0.457069985576923 0.6434161081730768 0.45508358653846154 0.6370596370192309 0.45548086778846153 0.6266420889423077 0.4553815480769231 0.6206387548076923 0.4536931105769231 0.6114571850961539 0.45389175000000004
5 0.6298203245192308 0.43492165625 0.6307031658653847 0.44038424759615385 0.6360002259615385 0.4409801682692308 0.6490663052884614 0.43551757451923073 0.6520679711538461 0.43323321875 0.6492428725961539 0.43025362259615385 0.6435926778846154 0.43045226201923076 0.6345876778846153 0.42995566346153846 0.6298203245192308 0.43492165625
8 0.6568353245192308 0.4470386802884615 0.6616026778846155 0.45558018749999996 0.682084639423077 0.45399106971153846 0.6875582668269231 0.45180603125 0.6817315024038462 0.4470386802884615 0.6794361105769231 0.44167540624999996 0.6792595408653846 0.4389937716346154 0.6729030697115385 0.4393910504807692 0.6653106201923078 0.43154478125 0.6684888557692308 0.4291611057692308 0.658247875 0.4101910120192308 0.6492428725961539 0.41197876923076926 0.6517148341346153 0.4174413605769231 0.6474771874999999 0.4226059951923077 0.6474771874999999 0.4274726682692308 0.6536570889423078 0.4386958100961538 0.6568353245192308 0.4470386802884615
5 0.6439458149038462 0.43790125240384614 0.6374127740384616 0.44078152884615385 0.6428864038461538 0.45766590384615385 0.6616026778846155 0.45637474519230764 0.6515382668269231 0.43809989182692305 0.6439458149038462 0.43790125240384614
11 0.6793299038461539 0.5176043173076923 0.7149941129807692 0.5110088822115384 0.7311162908653847 0.4943828870192308 0.7320933918269231 0.47514619951923076 0.7247651298076924 0.4670393076923077 0.708642951923077 0.4549476754807692 0.6815283822115384 0.4458789519230769 0.6529481586538461 0.44642857211538456 0.6382916346153846 0.44848964423076926 0.6165511250000001 0.4528866033653846 0.6004289471153846 0.4604438725961538 0.5916350336538462 0.4784439158653846 0.6031159759615384 0.49864243990384616 0.6331618509615384 0.5119707163461539 0.6793299038461539 0.5176043173076923
7 0.7250094038461538 0.4780317019230769 0.7120628076923077 0.47500879326923073 0.6869024423076924 0.4670393076923077 0.6690703365384615 0.4682759519230769 0.6517267836538461 0.48407751923076925 0.64268859375 0.5007035120192308 0.6624749014423077 0.5158180528846154 0.6956963557692308 0.5143066009615385 0.7181696923076923 0.49877984375 0.7250094038461538 0.4780317019230769
12 0.8068416658653846 0.48352789903846155 0.8012233317307692 0.4806423966346154 0.7963378221153847 0.4833904927884615 0.7956049975961539 0.48929890625000005 0.8029332596153846 0.4943828870192308 0.8083073173076923 0.5121081201923077 0.8127042740384615 0.5122455264423077 0.8129485504807692 0.5099096418269231 0.8109943485576923 0.5048256610576923 0.8073302163461539 0.4963065552884615 0.8070859399038461 0.49245921875 0.8083073173076923 0.4886118798076923 0.8068416658653846 0.48352789903846155
8 0.7970706490384616 0.4939706730769231 0.7770400649038461 0.4983676298076923 0.7506583221153846 0.5059248990384615 0.7386888269230769 0.5115585024038461 0.7550552788461539 0.5220012740384615 0.7890095600961539 0.5137569807692308 0.8134371009615384 0.5066119254807693 0.8178340576923078 0.5004287043269231 0.8239409447115384 0.49891725 0.8273608004807692 0.4963065552884615 0.82418521875 0.4934210528846154 0.8188111610576924 0.4942454831730769 0.8070859399038461 0.49561953125 0.7970706490384616 0.4939706730769231
8 0.7892538365384615 0.5209020360576923 0.7684904278846154 0.5178791274038461 0.7604293389423076 0.5191157716346153 0.7577423100961538 0.5328562644230769 0.7860782572115385 0.5350547427884615 0.8041546370192307 0.5369784110576923 0.8310249302884615 0.5342303125 0.8342005120192308 0.5281844951923077 0.8290707283653845 0.5240623485576923 0.8112386225961538 0.5224134903846154 0.7892538365384615 0.5209020360576923
8 0.8432387019230769 0.5173295072115385 0.8395745697115384 0.5266730432692308 0.8329791346153846 0.5296959495192307 0.8320020336538462 0.5351921466346155 0.8498341370192308 0.5402761298076924 0.8561852980769231 0.5383524591346154 0.8556967475961539 0.5314822139423077 0.8662005889423077 0.525986016826923 0.8735288509615384 0.516779889423077 0.8720631995192308 0.5070241394230769 0.8774372572115384 0.5023523725961538 0.8723074735576923 0.4993294639423077 0.8654677620192307 0.49823022355769225 0.8605822548076923 0.505237875 0.8486127596153845 0.5105966658653845 0.8432387019230769 0.5173295072115385
5 0.9057732043269231 0.5239249447115385 0.8969792908653846 0.5209020360576923 0.8686433437500001 0.5200776057692308 0.8654677620192307 0.5295585456730769 0.8801242860576923 0.5335432884615384 0.8952693629807692 0.5362913870192307 0.9043075528846154 0.5320318341346154 0.9057732043269231 0.5239249447115385
8 0.8757273293269231 0.5577265528846154 0.8969792908653846 0.5615738918269231 0.9289793677884616 0.5619861057692307 0.9487656754807693 0.5626731298076924 0.9548725625000001 0.554978454326923 0.9480328509615384 0.5476959951923077 0.9280022668269231 0.548795233173077 0.9060174807692308 0.54700896875 0.8964907403846154 0.5496196634615385 0.8762158798076923 0.5511311177884616 0.8757273293269231 0.5577265528846154
5 0.7108414302884616 0.5361539807692307 0.7030246177884615 0.532581454326923 0.6803070048076924 0.5372532211538462 0.6800627307692307 0.5442608725961539 0.6912993990384616 0.5490700432692308 0.7008261394230769 0.5446730865384615 0.7062001995192309 0.5387646754807692 0.7108414302884616 0.5361539807692307
5 0.7000933125 0.5165050793269231 0.7142612860576923 0.5202150120192308 0.7301391875000001 0.5066119254807693 0.7320933918269231 0.5020775625 0.7262307812500001 0.5007035120192308 0.7240323028846153 0.5022149663461538 0.7103528798076924 0.5118333125000001 0.7000933125 0.5165050793269231
5 0.626322141826923 0.513482170673077 0.6255893149038462 0.5178791274038461 0.6375588100961539 0.5207646298076922 0.6509939567307692 0.5107340721153846 0.6512382307692307 0.5074363533653846 0.6441542451923077 0.5040012307692308 0.6360931562500001 0.5031768028846154 0.6331618509615384 0.5059248990384615 0.626322141826923 0.513482170673077
8 0.08622921875 0.55360440625 0.0925803798076923 0.5558028846153846 0.10064146634615384 0.5496196634615385 0.10357277163461538 0.5428868221153846 0.11432088942307693 0.537390625 0.11138958413461539 0.5327188581730768 0.11212241105769231 0.5303829759615385 0.1067483533653846 0.5302455697115385 0.10577125 0.5310699999999999 0.09868726442307693 0.5343677163461538 0.09355748076923076 0.5424746081730769 0.08622921875 0.55360440625
2 0.08964907451923078 0.5842457019230769 0.09111472596153845 0.5791617211538461 0.09380175721153847 0.5687189471153846 0.09404603125 0.5648716081730769 0.0903819014423077 0.5629479399038462 0.09282465384615385 0.5604746514423077 0.09306893028846154 0.5562150985576924 0.08500784134615384 0.5529173822115385 0.07767957932692307 0.5530547860576923 0.06473298317307692 0.5791617211538461 0.06888566346153846 0.5831464615384616 0.07181696875 0.5898793028846154 0.0798780576923077 0.5887800649038462 0.08403074038461539 0.5850701322115385 0.08964907451923078 0.5842457019230769
5 0.9311778461538461 0.5622609158653846 0.9096816105769231 0.5623983197115384 0.9113915384615384 0.579299125 0.9360633557692307 0.5794365288461538 0.9311778461538461 0.5622609158653846
11 0.8112386225961538 0.5718792596153845 0.8422615985576923 0.5685815408653846 0.8456814543269231 0.5537418100961539 0.8305363798076922 0.5334058822115385 0.7745973125 0.5412379639423077 0.7684904278846154 0.5450853004807692 0.7709331802884616 0.5508563076923078 0.7792385456730769 0.5667952764423076 0.8112386225961538 0.5718792596153845
8 0.7074215745192307 0.5261234230769231 0.7149941129807692 0.5294211394230769 0.7211009975961539 0.5380776490384616 0.7428415096153846 0.5515433317307692 0.7631163677884616 0.5600624375 0.7723988341346154 0.5566273149038461 0.7702003557692307 0.5434364423076923 0.7428415096153846 0.52777228125 0.7228109254807692 0.5231005144230769 0.7142612860576923 0.5202150120192308 0.7074215745192307 0.5261234230769231
8 0.7098643293269231 0.5548410504807693 0.7345361466346154 0.5611616754807692 0.74845984375 0.5563525048076923 0.7396659278846154 0.5497570673076922 0.7132841850961539 0.5362913870192307 0.7083986778846154 0.5376654350961538 0.69618490625 0.5482456129807692 0.7098643293269231 0.5548410504807693
8 0.7147498365384616 0.5868563942307692 0.7181696923076923 0.5836960817307693 0.7257422307692308 0.5780624807692308 0.7193910697115384 0.5695433750000001 0.7296506370192308 0.561436485576923 0.7206124471153846 0.5578639591346154 0.7113299807692308 0.5581387668269231 0.7032688942307692 0.5740777379807692 0.7054673725961538 0.579299125 0.7032688942307692 0.5838334879807692 0.7147498365384616 0.5868563942307692
12 0.9451015456730769 0.6092533966346154 0.9407045889423077 0.6055434639423077 0.9331320504807692 0.6040320096153846 0.92873509375 0.6063678942307692 0.9314221225961539 0.6107648509615384 0.9431473413461539 0.6169480721153846 0.9639107524038462 0.6353603317307692 0.9673306081730769 0.6322000168269231 0.9622008245192308 0.6291771105769232 0.954139735576923 0.621207625 0.9487656754807693 0.616398451923077 0.9487656754807693 0.6136503533653846 0.9451015456730769 0.6092533966346154
7 0.9556053870192307 0.6190091466346155 0.954139735576923 0.6253297716346153 0.9868726394230769 0.6217572427884615 0.9871169158653846 0.6177725024038462 0.998597858173077 0.6180473100961539 0.9983535841346154 0.5795739350961538 0.992002423076923 0.5783372908653847 0.9827199567307693 0.5761388125 0.9702619110576923 0.5775128605769231 0.9678191586538462 0.5830090576923077 0.9548725625000001 0.58561975 0.9429030673076924 0.587131204326923 0.9497427788461539 0.5948258798076923 0.9490099519230769 0.6022457451923077 0.9485214014423077 0.6121388990384615 0.9514527067307692 0.6131007331730769 0.9556053870192307 0.6190091466346155
5 0.9184755264423077 0.6251923677884614 0.9275137163461539 0.6376962139423077 0.9292236442307692 0.6418183605769231 0.9419259639423078 0.6404443124999999 0.950231329326923 0.6338488774038461 0.9504756033653846 0.6276656562499999 0.9468114735576924 0.6261542019230769 0.9387503846153845 0.6242305336538462 0.9319106730769231 0.62107021875 0.9267808894230769 0.6206580048076924 0.9184755264423077 0.6251923677884614
5 0.8925823341346154 0.5953755000000001 0.8872082740384616 0.5904289230769231 0.8642463870192307 0.5907037331730769 0.8652234879807692 0.5964747403846153 0.8740174014423077 0.6047190336538462 0.88427696875 0.6060930841346154 0.8889182019230769 0.600459483173077 0.8925823341346154 0.5953755000000001
11 0.9050403798076924 0.6342610913461539 0.9216511057692307 0.6408565264423077 0.9262923389423077 0.6400320985576923 0.9231167596153846 0.6319252067307691 0.916277048076923 0.6235435072115384 0.8984449423076923 0.6109022548076923 0.8874525504807692 0.6082915625 0.8808571129807692 0.6121388990384615 0.8845212451923078 0.62107021875 0.8955136370192308 0.6294519182692307 0.9050403798076924 0.6342610913461539
11 0.7963378221153847 0.6201083846153845 0.8657120384615384 0.6353603317307692 0.8723074735576923 0.6060930841346154 0.8676662427884616 0.5989480288461538 0.8625364591346153 0.5909785432692307 0.8276050745192307 0.5863067764423077 0.8134371009615384 0.5854823461538461 0.8158798557692308 0.5875434206730769 0.8334676850961539 0.6038946057692308 0.8200325384615385 0.616123641826923 0.7963378221153847 0.6201083846153845
9 0.8041546370192307 0.6201083846153845 0.8210096394230769 0.6148869975961538 0.8285821778846153 0.6080167524038461 0.830047829326923 0.5988106225961538 0.8249180456730769 0.5929022115384616 0.8092844206730769 0.5867189903846154 0.7968263750000001 0.5850701322115385 0.7767957908653845 0.5893296826923077 0.7694675288461539 0.5979861947115385 0.7726431081730769 0.6109022548076923 0.7916965913461538 0.6194213605769231 0.8041546370192307 0.6201083846153845
10 0.815635579326923 0.6014213173076923 0.8109943485576923 0.5989480288461538 0.7875439086538462 0.5997724567307693 0.7865668076923077 0.6091159927884615 0.7946278942307692 0.6120014951923077 0.813681377403846 0.6088411826923077 0.8166126826923077 0.6060930841346154 0.815635579326923 0.6014213173076923
12 0.7149941129807692 0.6173602860576923 0.7066887500000001 0.6140625697115385 0.6988719375 0.6135129495192307 0.6952078052884616 0.616123641826923 0.6971620096153845 0.6196961706730769 0.7049788221153845 0.6214824350961539 0.7137727355769231 0.6201083846153845 0.7362460745192307 0.6231312932692308 0.7396659278846154 0.6234061033653846 0.7386888269230769 0.6217572427884615 0.7333147692307692 0.6205206009615385 0.7228109254807692 0.6190091466346155 0.7149941129807692 0.6173602860576923
7 0.5931006850961539 0.5233753245192307 0.5855281466346154 0.4998790841346154 0.5852838725961539 0.4971309855769231 0.57600140625 0.49671877163461536 0.5132226274038462 0.5147188149038462 0.5242150216346154 0.5960625240384615 0.5422914014423077 0.5979861947115385 0.6233908365384615 0.5893296826923077 0.6082457596153846 0.5552532644230769 0.5931006850961539 0.5233753245192307
2 0.4668103004807692 0.5328562644230769 0.4553293557692308 0.5380776490384616 0.4350544975961539 0.5530547860576923 0.4338331201923077 0.5589631971153847 0.4262605841346154 0.5688563509615384 0.4338331201923077 0.5716044495192307 0.43896290384615383 0.5645967980769231 0.4538637043269231 0.5626731298076924 0.46363472115384613 0.5574517427884615 0.4653446490384615 0.5465967548076923 0.4726729110576923 0.5448104903846154 0.47804696874999997 0.5442608725961539 0.4756042139423077 0.5409631538461539 0.47755841826923073 0.5379402451923077 0.4756042139423077 0.5347799326923077 0.4668103004807692 0.5328562644230769
2 0.3769169519230769 0.5339555024038461 0.37960398076923074 0.5386272692307692 0.38937499759615385 0.5421997980769231 0.4240621057692308 0.5474211850961539 0.42552775721153846 0.5448104903846154 0.41551246634615385 0.537390625 0.4147796394230769 0.5334058822115385 0.4064742764423077 0.5312074038461538 0.3986574615384615 0.5290089254807693 0.390596375 0.5279096875 0.3818024591346154 0.5287341153846155 0.3769169519230769 0.5339555024038461
2 0.42870333653846154 0.5320318341346154 0.43114609134615384 0.5244745625 0.4284590625 0.516779889423077 0.42381782932692313 0.5156806490384616 0.40085593990384616 0.51169590625 0.3825352860576923 0.5137569807692308 0.3818024591346154 0.5226883004807692 0.40720710096153845 0.5265356370192308 0.42870333653846154 0.5320318341346154
2 0.3747184735576923 0.4813294206730769 0.37081006490384616 0.48421492307692304 0.3600619495192308 0.48490194711538465 0.35346651201923074 0.4872378317307692 0.34662680048076927 0.49053555048076924 0.34931382932692306 0.4914973846153846 0.36397035576923076 0.4957569350961538 0.39768036057692313 0.49026074038461537 0.39303912740384617 0.48586378125 0.3923063028846154 0.4825660649038461 0.3891307211538461 0.47830651201923075 0.3842452139423077 0.47830651201923075 0.3747184735576923 0.4813294206730769
2 0.32855042067307694 0.5008409182692307 0.3339244807692308 0.5001538942307693 0.3366115096153846 0.49809281971153846 0.3366115096153846 0.4960317451923077 0.34516114903846157 0.49108516826923077 0.35322223798076924 0.48613859134615384 0.35346651201923074 0.48325308894230773 0.34003136538461537 0.4814668245192308 0.33783288701923075 0.47981796634615387 0.3202450576923077 0.49204700240384613 0.3180465793269231 0.49877984375 0.32855042067307694 0.5008409182692307
2 0.30143585096153847 0.48586378125 0.3036343293269231 0.4912225745192308 0.31169541826923075 0.4941080769230769 0.3173137524038462 0.4945202908653846 0.3366115096153846 0.47981796634615387 0.3405199158653846 0.47514619951923076 0.35468788942307694 0.4652530456730769 0.3556649903846154 0.4623675408653846 0.3507794831730769 0.4615431129807692 0.33587868269230764 0.4696500024038462 0.32708476923076923 0.47074924278846153 0.30143585096153847 0.48586378125
8 0.31218396875 0.4950699110576923 0.30680990865384616 0.49163478846153846 0.3058328076923077 0.48270346875 0.30241295192307693 0.4772072716346154 0.2972831682692308 0.4717110769230769 0.2860465 0.4689629783653846 0.2789625144230769 0.4741843653846154 0.29899309615384617 0.4934210528846154 0.30851983653846154 0.4946576971153846 0.31218396875 0.4950699110576923
8 0.2872678774038462 0.5100470480769231 0.2909320096153846 0.5126577403846154 0.2972831682692308 0.5049630649038461 0.3048557067307692 0.5033142067307692 0.29752744471153847 0.4939706730769231 0.2943518653846154 0.49067295432692304 0.2880007043269231 0.48998593028846155 0.2787182379807692 0.49053555048076924 0.27676403365384616 0.4947951009615385 0.28091671634615384 0.4993294639423077 0.2872678774038462 0.5100470480769231
8 0.26992432451923076 0.49726838942307694 0.27529838221153846 0.4912225745192308 0.27505410576923073 0.47899353605769235 0.2701685985576923 0.4733599350961538 0.25722200240384613 0.47294772115384615 0.2608861346153846 0.48833706971153845 0.2647945408653846 0.49685617548076927 0.26992432451923076 0.49726838942307694
8 0.27065714903846155 0.49809281971153846 0.2687029471153846 0.505237875 0.27456555528846155 0.5092226177884616 0.2787182379807692 0.5181539375 0.28384802163461537 0.5274974711538462 0.2923976610576923 0.5299707596153846 0.2972831682692308 0.5244745625 0.2897106322115385 0.5126577403846154 0.28409229807692304 0.50537528125 0.2782296875 0.4971309855769231 0.27456555528846155 0.4925966225961539 0.27138997596153847 0.4938332668269231 0.27065714903846155 0.49809281971153846
8 0.20958829807692309 0.5200776057692308 0.21471808173076923 0.5237875384615385 0.22155779326923078 0.5231005144230769 0.2269318533653846 0.5224134903846154 0.22888605528846154 0.5016653485576923 0.22522192548076925 0.49823022355769225 0.21813793750000002 0.4974057956730769 0.21056539903846155 0.4998790841346154 0.2110539495192308 0.5048256610576923 0.20958829807692309 0.5200776057692308
8 0.26943577163461535 0.6070549182692307 0.27090142548076923 0.6126885192307692 0.2801838894230769 0.6125511153846154 0.28702360096153845 0.6109022548076923 0.28946635576923074 0.6011465072115384 0.28751215384615386 0.5941388557692308 0.28531367307692307 0.5830090576923077 0.2816495432692308 0.5797113389423078 0.27627548317307693 0.5802609591346154 0.2755426586538462 0.5836960817307693 0.27138997596153847 0.589054875 0.2718785264423077 0.5974365745192307 0.26943577163461535 0.6070549182692307
8 0.2003058317307692 0.5647342043269231 0.1944432235576923 0.5683067307692308 0.18833633894230767 0.5702304014423076 0.18296227884615385 0.57284109375 0.18320655528846153 0.5769632403846153 0.19151191826923078 0.5824594375 0.2061684423076923 0.5758640024038462 0.21862648798076922 0.56968078125 0.2237562716346154 0.5641845841346154 0.2276646778846154 0.5603372475961538 0.22424482211538463 0.5562150985576924 0.21813793750000002 0.5580013629807692 0.21276387740384614 0.558276173076923 0.20885547115384615 0.5610242716346154 0.2003058317307692 0.5647342043269231
10 0.09917581490384617 0.5299707596153846 0.10064146634615384 0.532581454326923 0.11309951201923077 0.5295585456730769 0.11505371634615386 0.5272226610576923 0.11505371634615386 0.5224134903846154 0.11309951201923077 0.5184287475961539 0.10186284375 0.5184287475961539 0.09917581490384617 0.5299707596153846
10 0.21691656009615384 0.5577265528846154 0.22961888221153848 0.553467 0.22815322836538462 0.5493448533653846 0.22351199759615387 0.5412379639423077 0.21447380528846155 0.5417875841346154 0.20543561538461536 0.5450853004807692 0.21691656009615384 0.5577265528846154
2 0.2916648341346154 0.5824594375 0.3033900528846154 0.58259684375 0.3026572283653846 0.5801235552884616 0.3080312860576923 0.5761388125 0.31218396875 0.5707800192307693 0.31560382451923075 0.5637723701923076 0.3143824471153846 0.5542914302884616 0.30045875 0.5547036442307692 0.29142056009615386 0.5705052115384615 0.2916648341346154 0.574627358173077 0.29288621153846156 0.5783372908653847 0.2916648341346154 0.5824594375
5 0.9902924951923077 0.66297871875 0.9793001009615385 0.6611924543269231 0.9587809687500001 0.6640779591346154 0.9719718389423077 0.6787802836538461 0.9885825673076922 0.6771314254807692 0.9902924951923077 0.66297871875
7 0.8832998677884615 0.6295893245192308 0.8676662427884616 0.6319252067307691 0.8630250096153845 0.6420931706730768 0.9089487860576924 0.6956810889423076 0.9192083533653845 0.6977421634615385 0.9526740817307692 0.6653146033653846 0.9553611129807693 0.6606428341346154 0.9441244447115384 0.6528107548076924 0.9258037884615384 0.6425053870192308 0.9016205240384616 0.6327496370192307 0.8832998677884615 0.6295893245192308
5 0.6737115697115384 0.6702611802884615 0.6822612091346154 0.6460779134615385 0.6739558437500001 0.6425053870192308 0.6658947572115385 0.6433298149038461 0.6592993197115384 0.6523985408653845 0.6575893918269231 0.6655894110576923 0.6737115697115384 0.6702611802884615
7 0.3473596274038462 0.6462153197115386 0.3302603485576923 0.6437420312500001 0.3251305649038461 0.6452534855769231 0.32000078125000003 0.6480015841346154 0.31022976442307687 0.65665809375 0.3099854903846154 0.664764983173077 0.32415346394230765 0.6796047139423076 0.3588405721153846 0.6845512908653847 0.3786268798076923 0.6618794783653846 0.37935970432692306 0.6592687860576922 0.37496274759615383 0.6519863245192308 0.3683673125 0.6493756322115385 0.35713064423076923 0.6478641778846155 0.3473596274038462 0.6462153197115386
8 0.31535954807692307 0.6315129927884615 0.31853512980769233 0.6195587644230769 0.31389389663461537 0.6150244038461539 0.31218396875 0.6135129495192307 0.31316106971153845 0.606642704326923 0.3065656346153846 0.6074671322115385 0.30387860576923076 0.6125511153846154 0.29215338461538465 0.6184595264423076 0.2911762836538462 0.6290397043269231 0.30094730048076923 0.6337114711538461 0.31535954807692307 0.6315129927884615
13 0.14876372115384615 0.6367343798076923 0.15413778125000002 0.6423679807692307 0.1678172043269231 0.6486886081730769 0.18858061298076922 0.6478641778846155 0.20299286298076924 0.6370091899038461 0.19957300721153848 0.6246427475961538 0.1902905408653846 0.6173602860576923 0.17538974038461538 0.6131007331730769 0.16024466586538463 0.6133755432692308 0.14949654807692309 0.6187343365384615 0.1455881418269231 0.6265664158653846 0.1455881418269231 0.6338488774038461 0.14876372115384615 0.6367343798076923
8 0.1336186466346154 0.6312381826923077 0.12946596634615384 0.6408565264423077 0.14778662019230768 0.6462153197115386 0.15609198557692305 0.6459405096153846 0.14485531490384615 0.6328870432692307 0.1336186466346154 0.6312381826923077
7 0.12677893509615384 0.6576199278846153 0.13142016826923075 0.6650397932692308 0.14583241826923077 0.6741085168269231 0.15218357692307694 0.6778184495192308 0.15487060817307693 0.6747955408653846 0.15267212980769232 0.6665512475961539 0.15145075240384615 0.6624290985576924 0.15511488221153844 0.6577573317307692 0.15535915865384614 0.6522611346153847 0.15291640384615385 0.6471771538461539 0.14876372115384615 0.643604625 0.14045835817307692 0.6442916490384616 0.13752705288461536 0.6491008221153846 0.12971024038461537 0.6511618966346154 0.12677893509615384 0.6576199278846153
0 0.3007030240384615 0.6807039519230769 0.26674874278846156 0.6554214471153846 0.2618632355769231 0.6835894567307693 0.28751215384615386 0.7061238629807692 0.2960617908653846 0.7074979110576923 0.3007030240384615 0.6807039519230769
7 0.06864138942307693 0.6407191225961538 0.06619863461538461 0.6374214038461539 0.06766428846153846 0.6330244471153846 0.06888566346153846 0.6260167956730769 0.07328262259615384 0.6229938870192308 0.07963378125000001 0.6202457908653846 0.07938950721153847 0.6136503533653846 0.07792385336538461 0.609940420673077 0.06571008413461538 0.6100778269230769 0.05422913942307693 0.6126885192307692 0.05471768990384615 0.6302763485576922 0.055206242788461535 0.6386580480769232 0.057160444711538465 0.6442916490384616 0.06864138942307693 0.6407191225961538
8 0.42723768509615384 0.7360781346153846 0.42088652403846155 0.7396506610576924 0.4567950096153846 0.7634217115384616 0.4643675456730769 0.7613606394230769 0.4616805168269231 0.7568262764423076 0.4560621826923077 0.751604889423077 0.44629116586538464 0.7458338822115385 0.43114609134615384 0.735391108173077 0.42723768509615384 0.7360781346153846
13 0.10113001682692307 0.7612232331730768 0.08940479807692309 0.7816965649038461 0.10161856971153846 0.7910401009615384 0.12067205048076923 0.7858187139423076 0.13068734134615384 0.7763377740384616 0.13117589182692307 0.7591621586538462 0.12116060096153847 0.7436354038461539 0.11285523798076923 0.7381392067307692 0.10992393269230769 0.7414369254807693 0.10723690384615384 0.7483071706730768 0.10748117788461539 0.7566888701923078 0.10625980048076923 0.7580629206730769 0.10113001682692307 0.7612232331730768
0 0.10259567067307693 0.7614980432692308 0.09697733653846154 0.7469331225961539 0.07596965144230769 0.7223376418269231 0.06742001201923077 0.7194521394230768 0.048366531250000004 0.7481697668269232 0.0642444326923077 0.7624598774038461 0.06961849038461539 0.7724904375 0.0781681298076923 0.7943378173076923 0.10259567067307693 0.7614980432692308
0 0.06229022836538462 0.7329178197115385 0.03712986057692307 0.7154673966346153 0.013190872596153844 0.7554522259615385 0.024671817307692308 0.7722156274038461 0.05911464903846154 0.791727125 0.07157269471153846 0.7744141057692308 0.06229022836538462 0.7329178197115385
2 0.007572538461538462 0.6845512908653847 0.003419855769230769 0.6845512908653847 0.0014656514423076923 0.6897726778846154 0.04421384855769231 0.7191773293269231 0.06131312740384615 0.7292078870192308 0.0664429110576923 0.7253605504807693 0.0625345048076923 0.7232994759615384 0.047145153846153844 0.7136811322115384 0.02613746875 0.6971925432692309 0.007572538461538462 0.6845512908653847
2 0.03371000480769231 0.677681045673077 0.022717612980769228 0.6632535288461539 0.01832065625 0.6567954975961539 0.013190872596153844 0.65322296875 0.009282466346153847 0.6544596129807693 0.01465652403846154 0.6610550504807692 0.050809283653846155 0.7156048004807692 0.052763487980769234 0.7172536610576923 0.058870372596153846 0.7198643533653846 0.055206242788461535 0.7123070841346154 0.043725298076923075 0.693757420673077 0.03371000480769231 0.677681045673077
7 0.135817125 0.7050246225961538 0.1436339375 0.6995284254807692 0.14314538701923077 0.6947192548076924 0.1536492307692308 0.6927955865384615 0.15218357692307694 0.6846886947115384 0.14974082451923076 0.6780932596153846 0.14436676442307692 0.6772688293269231 0.13484002403846154 0.6834520504807693 0.1287331394230769 0.6896352716346155 0.11969494951923076 0.6812535721153845 0.10113001682692307 0.6834520504807693 0.09526740865384616 0.7021391201923077 0.10308422115384615 0.7084597451923076 0.1201835 0.7090093653846155 0.135817125 0.7050246225961538
7 0.03371000480769231 0.6416809567307692 0.047145153846153844 0.6278030600961538 0.03810696394230769 0.6269786298076923 0.02662601923076923 0.6229938870192308 0.011969495192307692 0.6198335745192308 0.001954204326923077 0.6360473557692308 0.03371000480769231 0.6416809567307692
0 0.15951184134615384 0.7621850673076923 0.17074850961538462 0.764383545673077 0.1807638004807692 0.7682308846153846 0.18540503365384617 0.7704293629807691 0.1858935841346154 0.7636965216346153 0.17880959615384617 0.7592995649038462 0.15316068028846155 0.7506430552884615 0.12311480528846154 0.7436354038461539 0.13093161778846155 0.7539407740384616 0.13117589182692307 0.7925515552884614 0.1382598798076923 0.7887042163461538 0.14021408173076924 0.7825209951923077 0.1516950264423077 0.7675438605769231 0.15951184134615384 0.7621850673076923
7 0.17661111778846153 0.781971375 0.18613785817307693 0.7731774615384615 0.18174090144230767 0.7667194302884616 0.1680614783653846 0.7636965216346153 0.1582904639423077 0.7639713317307693 0.15291640384615385 0.7664446201923076 0.14338966346153847 0.7752385360576923 0.14192400961538462 0.783482829326923 0.15487060817307693 0.7903530745192308 0.1717256105769231 0.7935133894230769 0.1792981466346154 0.7891164302884615 0.17661111778846153 0.781971375
8 0.7853454302884615 0.8095897644230768 0.7728873846153845 0.7902156706730769 0.7645820216346154 0.7801851129807692 0.7565209326923077 0.7715286009615384 0.7411315817307693 0.77235303125 0.7467499158653846 0.7877423822115385 0.7494369447115384 0.7973607259615385 0.7594522379807693 0.8119256466346154 0.7721545576923077 0.8126126730769231 0.7853454302884615 0.8095897644230768
2 0.42455065625000005 0.7815591610576923 0.4164895673076923 0.7889790264423078 0.40867275480769233 0.7991469903846155 0.3998788389423077 0.80134546875 0.4006116658653846 0.8049179975961539 0.41575674038461535 0.8119256466346154 0.41551246634615385 0.8038187572115384 0.41013840625000003 0.8016202788461538 0.42968043990384613 0.7943378173076923 0.4458026153846154 0.7906278846153847 0.45190949999999996 0.780459920673077 0.45948203846153846 0.7715286009615384 0.4597263149038462 0.7676812644230769 0.45655073317307693 0.7676812644230769 0.45142094951923073 0.7694675288461539 0.44018428125 0.7748263197115384 0.43261174278846154 0.7800477067307692 0.42455065625000005 0.7815591610576923
0 0.27432128125 0.7871927620192308 0.2774968605769231 0.7801851129807692 0.2733441778846154 0.7704293629807691 0.26528309134615385 0.7631469014423077 0.2564891754807692 0.7527041298076923 0.24280975240384617 0.753391153846154 0.21618373317307693 0.7550400120192309 0.2156951826923077 0.7770247980769232 0.23767996875 0.7774370144230769 0.23426011538461539 0.803131733173077 0.2557563509615385 0.8073912860576923 0.27432128125 0.7871927620192308
6 0.31487099759615383 0.6431924110576923 0.32415346394230765 0.6442916490384616 0.33074889903846155 0.6440168413461538 0.32928324759615385 0.6330244471153846 0.25087084134615384 0.6327496370192307 0.24598533413461537 0.6368717836538462 0.24916091346153849 0.6414061466346154 0.2679701201923077 0.6423679807692307 0.2877564278846154 0.6427801971153847 0.31487099759615383 0.6431924110576923
9 0.23401583894230768 0.7502308413461538 0.23767996875 0.7454216682692307 0.2418326514423077 0.7395132572115385 0.2276646778846154 0.7315437716346154 0.20909974759615385 0.7360781346153846 0.20812264663461538 0.745009454326923 0.22326772115384616 0.7527041298076923 0.23059598317307695 0.7525667235576923 0.23401583894230768 0.7502308413461538
7 0.5510853149038462 0.8286890480769231 0.5457112572115385 0.8359715072115385 0.5501082139423077 0.8594677475961539 0.5437570528846154 0.8626280625 0.5488868365384616 0.8803532956730769 0.5694059711538462 0.8873609471153846 0.5970090913461539 0.8891472091346154 0.6045816298076923 0.8826891802884614 0.6131312692307692 0.8672998293269232 0.6114213413461539 0.8565822451923076 0.6104442379807693 0.8462768774038462 0.6055587307692307 0.8358341033653847 0.6053144567307692 0.8260783533653846 0.6053144567307692 0.8209943725961538 0.6043373533653846 0.814124125 0.6150854711538462 0.8097271682692307 0.6167953990384615 0.8067042596153846 0.6104442379807693 0.8034065432692308 0.6006732235576924 0.8023073028846154 0.5935892355769231 0.7980477500000001 0.5869938004807692 0.80134546875 0.5750243052884616 0.8046431875 0.556459375 0.8097271682692307 0.5444898798076923 0.8229180408653847 0.5510853149038462 0.8286890480769231
11 0.2782296875 0.8152233653846154 0.2765197596153846 0.8167348197115385 0.27432128125 0.8229180408653847 0.27945106490384614 0.8328111947115384 0.2933747620192308 0.8365211274038462 0.30558853365384614 0.831711954326923 0.3075427355769231 0.8223684206730769 0.3033900528846154 0.8154981754807692 0.2958175168269231 0.8149485552884616 0.2882449783653846 0.8153607692307693 0.28922208173076924 0.8200325384615385 0.28531367307692307 0.8203073485576924 0.2782296875 0.8152233653846154
13 0.10235139423076924 0.8380325817307692 0.10772545432692307 0.8344600528846153 0.10552697596153847 0.823879875 0.10161856971153846 0.815772985576923 0.09697733653846154 0.8122004567307692 0.09404603125 0.8091775480769231 0.08867197355769231 0.8143989350961539 0.08818342067307693 0.8211317764423077 0.0903819014423077 0.8304753100961538 0.09306893028846154 0.8370707475961539 0.10235139423076924 0.8380325817307692
9 0.08867197355769231 0.8388570120192308 0.09062617548076922 0.8340478389423077 0.08769487019230769 0.8231928509615384 0.08769487019230769 0.8192081081730769 0.07938950721153847 0.8178340576923078 0.06986276682692308 0.8208569663461538 0.06302305528846154 0.8245668990384616 0.06546580769230768 0.8310249302884615 0.07865668028846154 0.8380325817307692 0.08867197355769231 0.8388570120192308
8 0.04470239903846154 0.8593303437500001 0.05129783413461538 0.8589181298076922 0.05105356009615385 0.854521170673077 0.043725298076923075 0.8506738341346154 0.03175580288461539 0.8444906129807692 0.02247333653846154 0.8427043485576923 0.019786307692307693 0.8469639014423076 0.04470239903846154 0.8593303437500001
13 0.0017099278846153846 0.8197577283653845 0.0007328269230769231 0.8347348629807693 0.011969495192307692 0.8392692259615384 0.02564891826923077 0.8356966971153846 0.02198478605769231 0.831986764423077 0.018809206730769232 0.8242920889423077 0.01636645192307692 0.8198951322115384 0.005618334134615385 0.8168722235576923 0.0017099278846153846 0.8197577283653845
6 0.0012213774038461538 0.8703227355769231 0.009282466346153847 0.8701853317307692 0.028335947115384615 0.8697731177884616 0.025404641826923077 0.8663379951923077 0.026870295673076923 0.8494371899038462 0.016855002403846155 0.8465516850961539 0.012458045673076922 0.8403684639423077 0.005862610576923077 0.8376203677884615 0.0009771009615384615 0.8381699855769231 0.0012213774038461538 0.8703227355769231
10 0.03688558653846154 0.8828265841346153 0.03444283173076923 0.8756815288461539 0.03053442548076923 0.8716967860576923 0.011480944711538462 0.8743074783653846 0.00830536298076923 0.8832387980769231 0.011480944711538462 0.888185375 0.019542033653846155 0.8890098052884615 0.031511526442307695 0.8858494927884616 0.03688558653846154 0.8828265841346153
9 0.02516036778846154 0.8086279302884616 0.031511526442307695 0.8053302115384615 0.02931304807692308 0.8012080649038461 0.024671817307692308 0.7955744615384616 0.015877901442307694 0.7932385793269231 0.005862610576923077 0.7952996514423076 0.0041526826923076925 0.8021698990384615 0.00732826201923077 0.8091775480769231 0.017343552884615386 0.8111012187500001 0.02516036778846154 0.8086279302884616
9 0.07694675240384616 0.8520478822115384 0.0720612451923077 0.854246360576923 0.07010704086538462 0.8696357115384615 0.07377117307692307 0.873895264423077 0.08329791346153846 0.8712845721153847 0.08500784134615384 0.8637273004807693 0.08500784134615384 0.8569944591346155 0.07694675240384616 0.8520478822115384
6 0.10748117788461539 0.8972541009615385 0.1160308173076923 0.8950556225961539 0.12116060096153847 0.8859868966346155 0.11749647115384615 0.8781548173076923 0.11163386057692308 0.8766433629807693 0.08842769711538462 0.8767807668269231 0.08158798557692307 0.8796662716346154 0.07865668028846154 0.8879105649038461 0.08232081249999999 0.8976663149038462 0.08622921875 0.9005518173076923 0.10748117788461539 0.8972541009615385
10 0.8740174014423077 0.9669183918269231 0.8588723269230769 0.9592237163461538 0.8473913822115384 0.9649947235576923 0.8439715264423077 0.9849184375 0.8767044326923077 0.9879413437500001 0.8740174014423077 0.9669183918269231
7 0.13630567548076925 0.9245976778846153 0.13996980769230769 0.9247350841346154 0.14290111298076924 0.9306434951923077 0.14436676442307692 0.9377885504807693 0.1563362596153846 0.9401244326923077 0.16659582692307692 0.9388877884615384 0.17709966826923076 0.9351778557692308 0.17905387259615385 0.9313305192307693 0.17685539423076924 0.92377325 0.17221416105769233 0.9148419302884616 0.16732865384615386 0.9126434495192307 0.15731336057692308 0.9075594687499999 0.14607669230769232 0.9114068052884616 0.13996980769230769 0.9114068052884616 0.13239726923076922 0.9148419302884616 0.13142016826923075 0.921986985576923 0.13630567548076925 0.9245976778846153
13 0.09600023557692308 0.9766741418269231 0.10113001682692307 0.9780481899038461 0.11945067307692307 0.9744756634615384 0.1199392235576923 0.9680176322115385 0.11798502163461538 0.9651321298076923 0.11578654326923078 0.9604603605769231 0.10577125 0.9614221947115384 0.09477885817307692 0.9632084591346154 0.09600023557692308 0.9766741418269231
6 0.0021984783653846156 0.9436969615384616 0.017099278846153844 0.9610099807692307 0.02076340865384615 0.9610099807692307 0.042992471153846155 0.9464450600961538 0.03737413701923077 0.9361396923076923 0.02931304807692308 0.93339159375 0.016610728365384617 0.9368267163461539 0.008549639423076922 0.9360022860576923 0.0021984783653846156 0.9436969615384616