1 0.2834792139423077 0.13929021875 0.2987679807692308 0.1400068798076923 0.3140567475961538 0.13964855048076924 0.3261603533653846 0.1382152283653846 0.3395380240384615 0.13391526201923076 0.34399724759615385 0.11277376442307692 0.34463428125 0.10023219711538461 0.34654537500000004 0.09270725721153845 0.32361222596153844 0.08697397115384614 0.31915300240384614 0.09951553846153846 0.316604875 0.1063238173076923 0.31023455528846156 0.11814872115384614 0.30641236298076924 0.1217320264423077 0.3000420432692308 0.12065703365384615 0.2930346923076923 0.12029870432692308 0.28857546875 0.13069028846153846 0.2834792139423077 0.13929021875
8 0.34017505769230766 0.04433264423076923 0.33380473798076926 0.04540763701923077 0.3318936418269231 0.05149925480769231 0.32870848076923076 0.059740855769230765 0.32488629086538456 0.06977410817307693 0.33380473798076926 0.07264075240384615 0.34399724759615385 0.06009918509615385 0.34527131250000004 0.049707603365384614 0.34017505769230766 0.04433264423076923
9 0.25290168028846155 0.15362343750000002 0.26309419230769227 0.15147345432692308 0.2605460625 0.14502350721153848 0.25608684134615384 0.1389318894230769 0.24653136057692307 0.14036521153846154 0.24270917067307693 0.14609849759615384 0.25290168028846155 0.15362343750000002
8 0.33125660817307695 0.01960784375 0.33444176923076924 0.015666209134615385 0.33507880048076927 0.011007911057692306 0.34017505769230766 0.005632954326923077 0.3408120889423077 0.0006163293269230769 0.33507880048076927 0.0009746586538461539 0.3318936418269231 0.005632954326923077 0.3255233221153846 0.011007911057692306 0.32361222596153844 0.018174521634615384 0.3280714495192308 0.022832817307692307 0.33125660817307695 0.01960784375
8 0.22026189182692307 0.08532807932692309 0.2296230216346154 0.08997422836538461 0.23292694951923076 0.08904500000000001 0.23017367548076925 0.08625731009615384 0.22466712980769232 0.08315987740384616 0.21750861778846156 0.0791332139423077 0.21365403365384614 0.08006244471153846 0.21310337980769228 0.08285013461538462 0.22026189182692307 0.08532807932692309
8 0.2901950408653846 0.18413618750000002 0.29845486298076923 0.17949003846153846 0.2979042091346154 0.17639260576923077 0.29955617307692306 0.1748438894230769 0.2990055168269231 0.17360491586538462 0.2946002788461538 0.17267568749999998 0.2890937331730769 0.17515363221153846 0.28303653125 0.17949003846153846 0.27863129326923075 0.18165824278846154 0.2753273653846154 0.1822777283653846 0.27863129326923075 0.1863043918269231 0.282485875 0.1863043918269231 0.28634045913461537 0.18475567548076924 0.2901950408653846 0.18413618750000002
7 0.4041805697115385 0.22997819471153846 0.4074845 0.22409307211538462 0.40858580769230773 0.2206858966346154 0.39537009615384616 0.22409307211538462 0.3904142019230769 0.23152691105769233 0.38490765625 0.23679254567307695 0.38766092788461537 0.23988997836538462 0.39481943990384616 0.24050946634615386 0.40142729807692307 0.24112895192307693 0.4036299158653846 0.23493408653846154 0.4041805697115385 0.22997819471153846
7 0.27973260096153846 0.17546337499999998 0.2841378389423077 0.17112697115384617 0.2951509350961538 0.16895876682692307 0.2951509350961538 0.16524184855769233 0.28689111298076925 0.16679056490384614 0.2885430769230769 0.1618346706730769 0.29184700721153845 0.1584274951923077 0.282485875 0.1544008317307692 0.2758780192307692 0.15904698076923077 0.27092212740384614 0.16369313221153847 0.27037147115384613 0.16802953605769233 0.26596623317307694 0.1714367139423077 0.26376361538461535 0.17577312019230767 0.2632129615384616 0.17949003846153846 0.27257409134615385 0.18134849759615385 0.27973260096153846 0.17546337499999998
7 0.26651688942307694 0.16214441346153846 0.27697932932692304 0.15378134615384614 0.28303653125 0.1478962235576923 0.28028325721153846 0.14201110096153846 0.28028325721153846 0.1348870048076923 0.2841378389423077 0.12869213942307692 0.27863129326923075 0.12218753125000001 0.2626623052884615 0.11847061057692308 0.2566051033653846 0.117851125 0.25495313942307696 0.12497522115384616 0.2560544495192308 0.13271880288461538 0.25880772115384615 0.1379844375 0.26486492548076923 0.14758648076923075 0.26651688942307694 0.15563980528846155 0.26651688942307694 0.16214441346153846
8 0.11607916346153847 0.18220029326923076 0.11523310576923076 0.17934484615384616 0.11421783653846154 0.17687012740384617 0.11337177884615385 0.1749664951923077 0.11049518028846153 0.17430022596153846 0.1067725264423077 0.17401468028846154 0.10271144711538462 0.17791712259615386 0.1044035625 0.1816292043269231 0.11083360336538463 0.18248583653846154 0.11574074038461538 0.1837231971153846 0.11607916346153847 0.18220029326923076
13 0.6074554567307693 0.12296058653846154 0.5984460072115385 0.12081060576923078 0.5918936778846153 0.12449628846153846 0.5847953221153847 0.13263550961538462 0.5847953221153847 0.13601405528846156 0.5921666923076923 0.1387783173076923 0.5951698413461538 0.1387783173076923 0.6044523076923076 0.13555334375 0.6131887451923077 0.13586048557692307 0.6140077860576922 0.1287962548076923 0.6074554567307693 0.12296058653846154
13 0.6502802139423077 0.31012426923076925 0.6604329110576923 0.30498446634615384 0.6685550673076922 0.30498446634615384 0.6675397980769231 0.30127238701923076 0.6685550673076922 0.2938482283653846 0.6573871009615384 0.2941337716346154 0.6462191346153846 0.2981313966346154 0.6441885961538462 0.3075543677884615 0.6502802139423077 0.31012426923076925
7 0.5604288509615385 0.4166324014423077 0.5548448677884615 0.4132058653846154 0.5497685192307692 0.4132058653846154 0.5345394735576924 0.4146335889423077 0.535047108173077 0.41063596394230767 0.529463125 0.4109215096153846 0.5284478557692307 0.4189167572115385 0.5391081875 0.42291438221153843 0.5533219615384616 0.4257698293269231 0.5573830408653846 0.43033854086538464 0.5619517548076923 0.43719161298076925 0.5695662764423077 0.4383337908653846 0.5817495120192308 0.4366205216346154 0.5771807980769231 0.43319398798076925 0.5655051971153846 0.43405062019230767 0.5619517548076923 0.43205181009615384 0.5690586418269231 0.42691200721153844 0.574642625 0.4192023028846154 0.5695662764423077 0.418060125 0.5604288509615385 0.4166324014423077
7 0.4030620528846154 0.008874725961538462 0.40915367067307695 0.004877100961538461 0.4116918461538462 0.0011650216346153846 0.3629589014423077 0.0005939326923076923 0.36803525000000004 0.006590370192307692 0.3766650432692308 0.011444627403846153 0.39037118269230764 0.01230126201923077 0.4030620528846154 0.008874725961538462
7 0.19087069471153845 0.2858529783653846 0.19036306009615386 0.29099278125 0.1923935985576923 0.2947048605769231 0.1979775817307692 0.30041575240384616 0.20508447115384615 0.30241456490384616 0.20965318269230768 0.29727476201923075 0.21117608894230772 0.2918494158653846 0.20203866105769233 0.28756624519230767 0.19645467788461538 0.28785179086538465 0.19087069471153845 0.2858529783653846
13 0.8056164711538462 0.0005939326923076923 0.8061241057692308 0.0051626466346153844 0.8117080889423077 0.009160271634615384 0.8213531514423077 0.005733735576923077 0.8269371346153847 0.0008794783653846154 0.8056164711538462 0.0005939326923076923
7 0.8431814495192308 0.08882721153846154 0.8411509086538461 0.08311631971153846 0.8309982139423078 0.08225968509615383 0.8223684206730769 0.08768503365384615 0.8193226129807692 0.0971080048076923 0.8213531514423077 0.10396107451923077 0.8294753076923077 0.0971080048076923 0.832013483173077 0.09082602403846153 0.8431814495192308 0.08882721153846154
0 0.39290935576923075 0.7270193701923078 0.3878330096153846 0.7241639254807691 0.3710810600961538 0.7190241225961539 0.3710810600961538 0.7207373894230769 0.3695581538461538 0.72644828125 0.3624512668269231 0.7335868966346154 0.35382147596153846 0.7430098677884616 0.3553443798076923 0.7450086802884616 0.37209632932692305 0.75186175 0.39037118269230764 0.7335868966346154 0.39290935576923075 0.7270193701923078
2 0.21676007211538462 0.08711394471153847 0.20203866105769233 0.08711394471153847 0.20051575721153844 0.09368146875 0.20508447115384615 0.0971080048076923 0.21066845432692308 0.0962513701923077 0.21523716586538463 0.0911115673076923 0.21676007211538462 0.08711394471153847
4 0.08071393750000001 0.1410818701923077 0.07817576442307693 0.14479395192307692 0.07969866826923076 0.15050484375 0.08020630288461539 0.15850009134615384 0.08477501682692308 0.15564464663461536 0.0857902860576923 0.1473638533653846 0.08782082451923076 0.14022523798076925 0.08680555528846154 0.13622761298076924 0.08071393750000001 0.1410818701923077
0 0.16244314423076922 0.07143986057692307 0.16595543028846155 0.05662241105769231 0.16244314423076922 0.048129915865384613 0.16174195192307692 0.04339686057692308 0.1589371778846154 0.04313391346153846 0.15356136057692307 0.04247654567307692 0.15145778125 0.04773549519230769 0.14663786538461537 0.05563458173076923 0.14224750961538463 0.08181207451923077 0.15980893269230767 0.08181207451923077 0.16244314423076922 0.07143986057692307
7 0.19149547596153849 0.08186431730769231 0.19524416346153844 0.07852564182692306 0.20399110336538462 0.07711988221153845 0.20180436778846153 0.06868533413461539 0.19368221153846152 0.06798245673076923 0.1836857091346154 0.06341374278846154 0.18118658413461539 0.06657669711538462 0.18149897596153847 0.07167256971153846 0.18181136538461537 0.07764704326923076 0.18056180288461537 0.08186431730769231 0.18649722596153848 0.08573015144230768 0.19149547596153849 0.08186431730769231
7 0.0550257860576923 0.3500079014423077 0.05473309615384615 0.3559348822115385 0.05590385817307692 0.3623557764423077 0.05766 0.3659778197115384 0.05531847596153846 0.37042305528846153 0.05531847596153846 0.3745390120192308 0.05619654807692308 0.37651467307692305 0.05385502403846154 0.3793135240384615 0.06087959375 0.38046599278846155 0.07405065865384616 0.3798074399038462 0.08488020192307692 0.37865497115384616 0.09190476923076923 0.3763500336538461 0.09483167307692307 0.37569148076923076 0.09863664903846153 0.36696564903846157 0.09980740865384616 0.3429284543269231 0.06673339903846154 0.3437516466346154 0.06234304567307692 0.34441019951923074 0.05795268990384616 0.3447394759615384 0.0550257860576923 0.3500079014423077
2 0.14095664182692308 0.09739696153846154 0.1344848028846154 0.10759010817307693 0.12917789423076922 0.11756482932692307 0.13124888461538461 0.1179288701923077 0.13590860817307693 0.11217702403846154 0.14225100961538462 0.10067332932692308 0.14639298557692307 0.09310127884615384 0.15208820432692308 0.08378183173076924 0.14716960576923077 0.08552922836538462 0.14095664182692308 0.09739696153846154
2 0.1628314543269231 0.08501956971153847 0.16011328365384614 0.0851651875 0.15739511057692307 0.09419340144230769 0.15377088221153848 0.10409531490384616 0.14988777884615384 0.11224983173076922 0.1445808701923077 0.12309824999999999 0.14380425 0.12644742788461538 0.14691073317307693 0.12622900240384616 0.14988777884615384 0.12069557932692308 0.15208820432692308 0.11690955528846153 0.15597130528846154 0.10657079326923077 0.16024271875 0.0966688798076923 0.16192539903846154 0.08975210336538461 0.1628314543269231 0.08501956971153847
2 0.16749117788461537 0.07635539663461538 0.16438469711538461 0.07489923317307692 0.16399638701923078 0.07919491586538462 0.16399638701923078 0.08378183173076924 0.16360807451923076 0.08895121153846154 0.16231370913461537 0.09543114182692307 0.16179596153846154 0.10001805528846154 0.16192539903846154 0.10409531490384616 0.16166652403846155 0.1072260673076923 0.16412582211538462 0.10613394471153846 0.16464356971153846 0.1005277139423077 0.16658512259615385 0.09426620913461538 0.1676206153846154 0.08021423076923077 0.16749117788461537 0.07635539663461538
6 0.18302359134615387 0.1005277139423077 0.18638894711538462 0.10016367307692307 0.18962486538461537 0.0967416875 0.18651838461538464 0.09302847115384615 0.17991710817307693 0.09470306009615384 0.18302359134615387 0.1005277139423077
7 0.13420302884615384 0.2375168701923077 0.1332033798076923 0.2403283846153846 0.14020093028846153 0.23611111057692308 0.14270005528846152 0.23175326201923077 0.1407007548076923 0.22739541105769231 0.13420302884615384 0.22669253365384617 0.12745538942307694 0.229644625 0.12820512740384615 0.23470535336538462 0.13420302884615384 0.2375168701923077
7 0.25266156971153847 0.043803418269230766 0.2509121802884616 0.04549032932692308 0.24791323076923077 0.048582995192307694 0.24316489182692308 0.047458389423076924 0.2389163798076923 0.047458389423076924 0.23416804086538462 0.04731781490384616 0.23266856490384613 0.049988754807692305 0.24091568028846153 0.05406545192307692 0.2389163798076923 0.060391362980769234 0.24316489182692308 0.06362460576923076 0.23966611778846153 0.06503036538461539 0.23991602884615387 0.07473009375 0.24466436778846154 0.07726045913461539 0.2501624423076923 0.07487067067307693 0.25066226923076923 0.07234030528846154 0.2556605192307692 0.07276203365384616 0.2556605192307692 0.0703722451923077 0.25491078125 0.06559266826923077 0.2559104302884615 0.059266757211538464 0.2556605192307692 0.0551900576923077 0.2601589447115385 0.051675663461538464 0.25765981971153845 0.048020692307692306 0.25516069471153846 0.04366284375 0.25266156971153847 0.043803418269230766
8 0.2381666418269231 0.0750112451923077 0.2366671658653846 0.07754161057692308 0.24241515384615384 0.08035312740384616 0.2501624423076923 0.08302406730769231 0.2514120048076923 0.08007197596153846 0.24941270673076923 0.07866621634615385 0.2441645432692308 0.07683873076923077 0.2381666418269231 0.0750112451923077
10 0.36112360576923075 0.02805893028846154 0.36087369471153846 0.025528564903846154 0.3588743942307693 0.023841656250000003 0.3548757932692308 0.02299819951923077 0.34987754326923076 0.022717048076923076 0.3446293798076923 0.02819950480769231 0.3471285048076923 0.031995052884615384 0.3528764927884615 0.033119658653846154 0.3588743942307693 0.03016756730769231 0.36112360576923075 0.02805893028846154
7 0.23261858413461536 0.00018274759615384613 0.22517118990384616 0.0007872235576923078 0.22392162740384616 0.004442194711538462 0.22442145192307691 0.010346379807692308 0.22792022836538461 0.019905533653846154 0.23566751682692308 0.02595029326923077 0.2389163798076923 0.021030139423076924 0.2359174278846154 0.017656319711538464 0.23741690384615385 0.012314439903846154 0.23391812980769233 0.0047233461538461535 0.23261858413461536 0.00018274759615384613
7 0.1894336971153846 0.05097278365384616 0.18068675961538463 0.05814214903846154 0.1829359735576923 0.062359423076923076 0.19443194951923076 0.06713900240384615 0.1991802860576923 0.06517093990384616 0.19893037500000002 0.060953665865384615 0.19693107451923078 0.060110211538461536 0.19118308653846153 0.0565958173076923 0.20242914903846154 0.049285875 0.1894336971153846 0.05097278365384616
7 0.21620409134615384 0.07711988221153845 0.22432624759615385 0.07994813461538461 0.22703363461538462 0.08125348076923077 0.2320616346153846 0.07646720913461538 0.22858071153846152 0.07233361298076922 0.22432624759615385 0.06624199278846153 0.21775116826923077 0.06580687740384615 0.2123363966346154 0.07189849519230769 0.21620409134615384 0.07711988221153845
8 0.13275929086538463 0.15606987980769232 0.13462913942307692 0.1588308293269231 0.13907003125 0.16172325240384613 0.14117361057692307 0.16277504326923076 0.14397838461538462 0.1605399879807692 0.14023868509615384 0.1556754591346154 0.13509660096153847 0.15344040625 0.1311231706730769 0.15344040625 0.13275929086538463 0.15606987980769232
7 0.11429452884615385 0.17631684134615386 0.11616437740384616 0.18131284374999998 0.11850168990384616 0.18302200240384614 0.12060526923076924 0.17894631730769234 0.12224138942307693 0.17513357692307693 0.125513625 0.17224115384615385 0.12434496875 0.17013757451923078 0.12083900240384615 0.16921725721153846 0.11686557211538462 0.17224115384615385 0.11429452884615385 0.17631684134615386
7 0.10237424038461539 0.12254406971153846 0.10424408894230769 0.11978312019230769 0.10401035817307692 0.11794248798076924 0.09956946634615385 0.11702217067307694 0.09442738221153846 0.11702217067307694 0.08764917788461538 0.11662775 0.08835037259615384 0.11938869951923076 0.08624679326923078 0.11912575240384617 0.08928529807692308 0.12399028125 0.10307543509615386 0.12451617548076924 0.10237424038461539 0.12254406971153846
0 0.18020671153846154 0.03222159134615385 0.18231029326923076 0.031038326923076922 0.18745237740384615 0.027751483173076925 0.17833686298076923 0.01394673798076923 0.17412970192307692 0.015524423076923078 0.15730106009615386 0.023807269230769233 0.16150822115384617 0.027620009615384616 0.16244314423076922 0.036034329326923076 0.16314433894230768 0.04550044230769231 0.16384553124999998 0.04918170673076923 0.16968881009615386 0.04642075721153846 0.17085746634615384 0.04076738701923077 0.1699225408653846 0.0380064375 0.17225985336538463 0.03524548798076923 0.1717923894230769 0.03182717067307692 0.17319477644230769 0.027751483173076925 0.17319477644230769 0.023281375 0.17506462740384615 0.02420169230769231 0.17623328125 0.028934747596153845 0.18020671153846154 0.03222159134615385
8 0.18441387259615385 0.04878728605769231 0.18698491586538463 0.05062791826923077 0.1942305817307692 0.04826139182692308 0.1982040096153846 0.04497454567307692 0.2007750528846154 0.044843072115384616 0.19937266586538463 0.042345072115384616 0.19516550480769232 0.03932117548076923 0.19329565625 0.04024149038461538 0.18558252884615384 0.041293281249999994 0.18137536778846153 0.04405423076923077 0.17880432451923076 0.04418570432692308 0.17950551923076924 0.047472548076923075 0.18114163701923078 0.047604021634615384 0.18441387259615385 0.04878728605769231