7 0.45484080528846155 0.2741228076923077 0.5028002115384616 0.28021442548076925 0.5461183822115385 0.27499303846153844 0.5693245456730769 0.2628098028846154 0.5755128557692308 0.23496240625 0.5569479254807692 0.22451963221153845 0.5244592956730769 0.21146616586538464 0.48423527884615386 0.20885547115384615 0.4532937283653846 0.20711500961538462 0.4192580216346154 0.21146616586538464 0.4285404879807692 0.2253898629807692 0.4471054182692308 0.23496240625 0.4424641850961538 0.24453494951923077 0.43163464182692307 0.2541074903846154 0.45484080528846155 0.2741228076923077
7 0.4517466514423077 0.08702311298076923 0.4734057355769231 0.08354218990384615 0.47804696874999997 0.06787802884615385 0.48268820192307693 0.06265664182692307 0.47649989182692304 0.04960317548076923 0.45484080528846155 0.046992480769230766 0.43627587500000004 0.04786271153846154 0.42699340865384616 0.024366471153846155 0.41461678846153843 0.03567947596153846 0.4099755552884616 0.05656502403846154 0.40842847836538465 0.07919103365384615 0.42389925480769236 0.0896338076923077 0.4440112620192308 0.08876357451923077 0.4517466514423077 0.08702311298076923
7 0.6482255024038461 0.028717627403846153 0.6652433557692308 0.009572543269230769 0.6652433557692308 0.0017404615384615384 0.5832482427884615 0.0017404615384615384 0.5817011658653846 0.0087023125 0.6002660985576923 0.016534391826923078 0.6018131754807692 0.02175577884615385 0.6265664158653846 0.027847396634615385 0.6343018028846154 0.032198552884615386 0.6482255024038461 0.028717627403846153
7 0.7998391033653847 0.1705653028846154 0.8214981899038462 0.15316068028846155 0.8122157235576922 0.14619882932692307 0.7967449495192308 0.13836675 0.7770314182692307 0.1307985625 0.7559577115384616 0.14166468990384615 0.739503079326923 0.16099275961538462 0.7209381466346154 0.17665692067307692 0.7503326225961539 0.18709969471153845 0.7766329399038461 0.1879699254807692 0.7998391033653847 0.1705653028846154
7 0.8648163629807691 0.40117655288461535 0.8849283701923076 0.39682539663461536 0.8895696033653846 0.3776803125 0.8926637572115385 0.3637566129807693 0.8849283701923076 0.3594054591346154 0.8864754471153845 0.35157337740384614 0.8586280504807693 0.3402603725961538 0.8477985096153847 0.3385199110576923 0.8292335769230769 0.3480924543269231 0.8307806562500001 0.3585352259615385 0.8416101971153847 0.36462684375 0.8555338966346154 0.36462684375 0.8354218870192308 0.37506961778846154 0.8400631201923077 0.3898635480769231 0.8508926634615384 0.3994360913461538 0.8648163629807691 0.40117655288461535
7 0.4681882163461539 0.14772173557692309 0.4681882163461539 0.13325414182692308 0.45465128846153846 0.13020833413461538 0.4478828245192308 0.11954800240384615 0.44111436057692305 0.12411671634615384 0.43434589663461537 0.12792397596153846 0.43569958894230765 0.13934575961538462 0.4126868100961539 0.14086866346153845 0.3964424951923077 0.14696028365384614 0.37884448798076925 0.15609770913461538 0.3910277235576923 0.16980385096153847 0.4099794230769231 0.1789412764423077 0.43434589663461537 0.17284965865384613 0.45465128846153846 0.15914351923076925 0.4681882163461539 0.14772173557692309
7 0.558885639423077 0.09822733894230769 0.5791910336538462 0.10508040865384616 0.5967890408653846 0.093658625 0.6049111971153847 0.08604410336538462 0.6130333557692308 0.09213572115384615 0.6346924399038462 0.09822733894230769 0.6482293701923076 0.09670443509615384 0.6780106129807693 0.093658625 0.6766569206730769 0.08604410336538462 0.6793643052884615 0.06929215384615385 0.6753032259615386 0.04187987259615385 0.6333387475961539 0.04416423076923077 0.6211555120192307 0.04644858653846154 0.6252165913461538 0.035026802884615384 0.6035575048076923 0.03426535096153846 0.5859594975961538 0.04644858653846154 0.5791910336538462 0.05710891826923077 0.5724225697115385 0.06700779807692307 0.5561782548076923 0.07538377163461539 0.5507634831730769 0.09213572115384615 0.558885639423077 0.09822733894230769
8 0.5480560961538461 0.08375974759615384 0.5575319471153846 0.07157650961538461 0.571068875 0.05939327403846154 0.5818984182692307 0.04797149038461539 0.5697151826923077 0.043402778846153844 0.5561782548076923 0.043402778846153844 0.5439950192307692 0.06167763221153846 0.5345191682692307 0.08071393750000001 0.5304580889423077 0.08908991346153847 0.5399339399038461 0.09137426923076923 0.5480560961538461 0.08375974759615384
8 0.4939083822115385 0.025889377403846153 0.5115063894230769 0.035026802884615384 0.5263970120192307 0.043402778846153844 0.5507634831730769 0.045687134615384616 0.558885639423077 0.037311161057692305 0.5439950192307692 0.025889377403846153 0.5223359326923077 0.016751949519230768 0.4979694615384615 0.006853069711538462 0.4817251466346154 0.009898879807692308 0.4776640673076923 0.016751949519230768 0.4939083822115385 0.025889377403846153
8 0.5534708677884616 0.19950048798076925 0.5453487115384615 0.17589546875 0.5372265528846154 0.1652351370192308 0.5196285456730769 0.16904239663461537 0.5277507043269231 0.20254629567307691 0.5399339399038461 0.21472953125 0.5494097908653847 0.2154909855769231 0.5494097908653847 0.20559210576923076 0.5534708677884616 0.19950048798076925
8 0.7050844711538461 0.21777534134615387 0.7050844711538461 0.21092227163461535 0.6901938485576923 0.20939936538461537 0.6698884567307692 0.20102339182692308 0.6387535192307693 0.1979775817307692 0.61032596875 0.19493177403846154 0.6035575048076923 0.21320662740384616 0.6252165913461538 0.2154909855769231 0.6549978341346154 0.22082114903846153 0.6861327692307693 0.21853679326923076 0.7050844711538461 0.21777534134615387
8 0.6157407403846153 0.21853679326923076 0.5859594975961538 0.20863791346153848 0.5846058052884615 0.2154909855769231 0.6035575048076923 0.23148148076923075 0.6238628990384616 0.24823343028846154 0.6401072115384616 0.24061890865384614 0.6346924399038462 0.2322429326923077 0.6157407403846153 0.21853679326923076
8 0.7903671225961539 0.09746588701923077 0.802550358173077 0.13249268990384616 0.8201483653846153 0.13249268990384616 0.8093188221153846 0.10660331490384614 0.8011966634615385 0.09518153125 0.7903671225961539 0.09746588701923077
8 0.7605858774038462 0.0776681298076923 0.8282705216346155 0.11041057451923077 0.8458685288461538 0.10355750480769231 0.8242094423076923 0.09061281730769231 0.7727691129807692 0.06700779807692307 0.7605858774038462 0.0776681298076923
8 0.9352122596153846 0.24823343028846154 0.9162605576923077 0.2550865 0.9081384014423077 0.2604166658653846 0.9514565745192307 0.2558479543269231 0.9771767379807692 0.2474719783653846 0.9663471947115384 0.2390960048076923 0.9595787307692307 0.23985745673076925 0.9352122596153846 0.24823343028846154
8 0.20421810576923077 0.26422392788461535 0.20827918509615387 0.25889376201923076 0.21910872836538461 0.24290326442307691 0.20692549278846156 0.22843567307692308 0.20151072115384616 0.21244517548076924 0.18932748557692308 0.20330774759615386 0.17714425 0.19950048798076925 0.17172947836538463 0.20102339182692308 0.16766839903846156 0.2162524375 0.17714425 0.22615131490384616 0.18255902163461538 0.24061890865384614 0.19338856490384615 0.25660940625 0.20421810576923077 0.26422392788461535
8 0.1514240841346154 0.3297088197115385 0.15954624278846152 0.31676413221153843 0.15548516346153846 0.2962049230769231 0.1514240841346154 0.2748842596153846 0.13517976923076921 0.26117811778846156 0.13517976923076921 0.26574683173076924 0.11622806971153846 0.26422392788461535 0.11216699038461539 0.2725999014423077 0.11622806971153846 0.28859039903846156 0.12028914903846154 0.30838815865384617 0.1311186923076923 0.3205713942307692 0.14330192788461538 0.3297088197115385 0.1514240841346154 0.3297088197115385
8 0.12028914903846154 0.08604410336538462 0.09456898317307692 0.07386086778846154 0.07967836298076923 0.06929215384615385 0.07290989903846154 0.06929215384615385 0.08509313461538462 0.08299829326923078 0.10133744951923077 0.09289717307692308 0.11758176201923076 0.0989887908653846 0.12570392067307692 0.09670443509615384 0.12028914903846154 0.08604410336538462
8 0.08373944230769231 0.12259381009615386 0.07967836298076923 0.12716252403846154 0.08103205528846155 0.1385843076923077 0.09050790624999999 0.14010721153846153 0.0986300625 0.13173123798076924 0.0972763701923077 0.12259381009615386 0.08373944230769231 0.12259381009615386
2 0.37072232932692306 0.13325414182692308 0.35583170913461537 0.12335526201923078 0.3233430793269231 0.11193347836538461 0.3030376875 0.10584186057692307 0.30033030048076925 0.11193347836538461 0.31522092307692307 0.12030945432692307 0.33552631490384616 0.12944688221153847 0.35312432211538464 0.14010721153846153 0.36801494471153845 0.14315302163461538 0.37072232932692306 0.13325414182692308
8 0.7971355865384615 0.2543250480769231 0.82285575 0.2390960048076923 0.8160872860576922 0.23148148076923075 0.7984892788461538 0.23148148076923075 0.7808912716346155 0.24366471634615383 0.7565248004807692 0.25813231009615384 0.7592321850961539 0.2687926418269231 0.7822449639423077 0.26726973798076925 0.7971355865384615 0.2543250480769231
8 0.8458685288461538 0.2550865 0.8255631370192307 0.25356359615384616 0.8011966634615385 0.25660940625 0.7781838846153846 0.26574683173076924 0.787659735576923 0.2748842596153846 0.8039040504807692 0.2741228076923077 0.835038985576923 0.2687926418269231 0.8512833004807692 0.25889376201923076 0.8458685288461538 0.2550865
8 0.7727691129807692 0.3434149615384615 0.7795375793269231 0.3281859158653846 0.7795375793269231 0.31219541826923075 0.7619395721153845 0.31219541826923075 0.7551711057692307 0.3281859158653846 0.7551711057692307 0.3418920552884615 0.7565248004807692 0.3517909350961539 0.76735434375 0.35331383894230767 0.7727691129807692 0.3434149615384615
8 0.8756497716346154 0.2474719783653846 0.8729423870192308 0.23605019471153849 0.8675276153846153 0.23148148076923075 0.8594054591346154 0.22234405528846152 0.8512833004807692 0.22310550721153846 0.849929608173077 0.23985745673076925 0.8553443798076923 0.2505177884615385 0.86211284375 0.25889376201923076 0.8797108509615386 0.2558479543269231 0.8756497716346154 0.2474719783653846
8 0.15007039182692308 0.43478923076923076 0.14059454086538462 0.4317434206730769 0.11216699038461539 0.42565180288461535 0.10404483413461539 0.4325048725961539 0.11216699038461539 0.44011939663461536 0.1324723846153846 0.4431652043269231 0.15277777884615384 0.4484953701923077 0.15819255048076922 0.4462110144230769 0.15007039182692308 0.43478923076923076
8 0.15819255048076922 0.45839424999999995 0.12705761298076923 0.4462110144230769 0.11352068509615384 0.4545869879807692 0.1460093125 0.46753167548076924 0.16089993509615383 0.47286184134615383 0.17172947836538463 0.47210038942307697 0.16631470673076926 0.46448586778846157 0.15819255048076922 0.45839424999999995
8 0.17443686298076924 0.48047636538461536 0.15413147115384615 0.47286184134615383 0.1365334639423077 0.46448586778846157 0.11893545673076923 0.4629629639423077 0.10675221875 0.45991715384615384 0.10945960576923076 0.47210038942307697 0.12164284134615386 0.4766691033653846 0.14736300721153844 0.48580653125 0.16631470673076926 0.4941825048076923 0.17443686298076924 0.48047636538461536
8 0.08780051923076923 0.43555068269230773 0.07020251201923076 0.4378350384615385 0.08103205528846155 0.45839424999999995 0.09592267788461539 0.46905458173076925 0.10269114182692309 0.4652473197115385 0.09592267788461539 0.4469724663461539 0.08780051923076923 0.43555068269230773
8 0.02959172596153846 0.48352217307692313 0.03636018990384615 0.5185489759615385 0.04583604086538462 0.5200718822115384 0.05801927644230769 0.5155031682692308 0.0512508125 0.48276072115384616 0.02959172596153846 0.48352217307692313
8 0.03771388221153846 0.564236110576923 0.024176954326923076 0.5718506346153845 0.013347411057692308 0.57946515625 0.02282326201923077 0.5886025817307693 0.044482348557692314 0.5825109639423076 0.059372968750000005 0.5741349903846154 0.052604504807692305 0.5680433725961538 0.03771388221153846 0.564236110576923
8 0.06614143269230768 0.5916483918269231 0.07426359134615385 0.57946515625 0.06478774038461538 0.5764193461538462 0.032299112980769235 0.5916483918269231 0.028238033653846153 0.6045930793269231 0.035006497596153846 0.6053545312499999 0.0512508125 0.607638889423077 0.06614143269230768 0.5916483918269231
8 0.22046242067307692 0.5718506346153845 0.20692549278846156 0.5619517548076923 0.19474225721153846 0.5543372307692308 0.18526640625 0.5566215889423077 0.1906811778846154 0.5695662764423077 0.21234026442307694 0.5908869399038461 0.22181611538461538 0.5931712956730769 0.2312919639423077 0.5878411298076923 0.22046242067307692 0.5718506346153845
8 0.5764836466346154 0.6251522908653846 0.5670077980769231 0.6312439086538462 0.6035575048076923 0.644950048076923 0.6265702836538461 0.6479958581730769 0.6333387475961539 0.6396198822115384 0.606264889423077 0.6281980985576923 0.5764836466346154 0.6251522908653846
8 0.4153941947115385 0.5474841610576923 0.39373511057692306 0.552814326923077 0.4275774302884615 0.5596673966346154 0.4708956033653846 0.5589059447115384 0.46548083173076926 0.5451998052884616 0.4492365168269231 0.5421539951923077 0.4153941947115385 0.5474841610576923
8 0.5439950192307692 0.46905458173076925 0.5304580889423077 0.46905458173076925 0.51556746875 0.4865679831730769 0.5196285456730769 0.5017970264423077 0.5358728605769231 0.5002741225961539 0.5412876322115385 0.4850450769230769 0.5439950192307692 0.46905458173076925
8 0.035006497596153846 0.6944444447115384 0.0038715625 0.6967288004807692 0.006578947115384616 0.7165265600961538 0.02011587740384615 0.7142422019230769 0.05801927644230769 0.7096734903846154 0.05801927644230769 0.7020589663461538 0.035006497596153846 0.6944444447115384
0 0.16766839903846156 0.8726242692307692 0.17172947836538463 0.8558723197115385 0.20151072115384616 0.849780701923077 0.22858457932692305 0.8604410336538462 0.23264565625 0.8474963461538461 0.2177550360576923 0.8322673004807692 0.18932748557692308 0.8353131081730769 0.1460093125 0.8406432740384615 0.10269114182692309 0.8459734399038462 0.12299653365384616 0.87643153125 0.14194823557692307 0.9221186634615385 0.17985163461538461 0.9000365504807692 0.16496101442307692 0.8924220264423077 0.16766839903846156 0.8726242692307692
0 0.3463558581730769 0.67312378125 0.33552631490384616 0.6441885961538462 0.2989766081730769 0.6426656923076923 0.25159735817307693 0.6419042403846155 0.25430474278846155 0.6639863557692307 0.26919536538461536 0.6799768509615384 0.29491552884615385 0.6830226610576923 0.3504169375 0.6830226610576923 0.3463558581730769 0.67312378125
0 0.401857266826923 0.7743969302884615 0.37478340865384613 0.7721125721153845 0.34229478125 0.769066764423077 0.3125135360576923 0.769066764423077 0.29491552884615385 0.7789656442307693 0.30709876442307693 0.8139924471153847 0.3395873942307693 0.8139924471153847 0.3774907956730769 0.8193226129807692 0.41133311778846154 0.8170382548076923 0.401857266826923 0.7743969302884615
0 0.14465562019230768 0.9662828942307692 0.12705761298076923 0.996740985576923 0.15277777884615384 0.998263889423077 0.16225362740384613 0.9883650096153846 0.17985163461538461 0.9609527283653846 0.15819255048076922 0.954861110576923 0.14465562019230768 0.9662828942307692
13 0.06343404807692307 0.9502923966346154 0.06614143269230768 0.9274488293269231 0.04718973317307692 0.9076510721153846 0.018762182692307693 0.9068896201923077 0.0038715625 0.91526559375 0.0011641754807692308 0.9381091610576924 0.013347411057692308 0.9533382067307692 0.03636018990384615 0.9594298245192309 0.06343404807692307 0.9502923966346154
11 0.10810591346153846 0.6784539471153846 0.10133744951923077 0.6556103798076923 0.08509313461538462 0.6457115000000001 0.048543425480769224 0.6518031177884616 0.03573749278846154 0.6522904471153846 0.024176954326923076 0.6693165216346154 0.026884341346153844 0.6830226610576923 0.0512508125 0.7005360625 0.07967836298076923 0.7035818701923078 0.0999837548076923 0.6913986346153845 0.10810591346153846 0.6784539471153846
13 0.06714316586538462 0.937987329326923 0.04873294230769231 0.910575048076923 0.027073858173076924 0.9057017548076923 0.0032488629807692305 0.9142300192307692 0.0010829543269230768 0.9392056538461537 0.02165908653846154 0.9568713461538461 0.05198180528846154 0.9568713461538461 0.06714316586538462 0.937987329326923
7 0.42668399278846153 0.6102582836538462 0.4277669495192308 0.5877192980769231 0.41802036057692304 0.5767543870192308 0.3573749182692308 0.5785818701923077 0.3400476490384615 0.5986842115384615 0.3378817403846154 0.61330409375 0.36495559855769233 0.6242690048076922 0.3779510504807692 0.625487329326923 0.3941953653846154 0.6151315793269231 0.42668399278846153 0.6102582836538462
7 0.9205111538461538 0.5475146201923077 0.9443361490384615 0.5438596490384615 0.9248429711538461 0.5280214423076923 0.9010179759615385 0.5304580889423077 0.8847736634615385 0.5286306033653847 0.865280485576923 0.5310672524038462 0.8392895817307693 0.5426413245192307 0.8024691346153846 0.5493421057692308 0.8327918557692308 0.5572612091346154 0.8706952572115385 0.5627436634615385 0.8999350216346154 0.5712719302884616 0.8891054807692308 0.5548245625 0.9205111538461538 0.5475146201923077
7 0.8728611658653846 0.6242690048076922 0.8663634399038462 0.6151315793269231 0.86419753125 0.5992933725961538 0.8631145769230769 0.5883284591346154 0.8479532163461538 0.5950292403846154 0.8338748100961539 0.6023391802884616 0.8252111754807692 0.6120857692307692 0.8252111754807692 0.6321881081730769 0.8338748100961539 0.6382797259615385 0.8468702620192308 0.6297514615384615 0.8728611658653846 0.6242690048076922
7 0.8880225264423077 0.6370614038461538 0.8609486682692308 0.6297514615384615 0.8241282211538461 0.6394980504807692 0.8425384447115385 0.6583820673076922 0.8674463942307693 0.6669103317307693 0.89235434375 0.6754385961538462 0.9021009302884615 0.6681286538461539 0.9064327475961539 0.6504629639423077 0.8880225264423077 0.6370614038461538
7 0.89235434375 0.6906676418269231 0.9259259254807692 0.6827485384615385 0.9205111538461538 0.6638645216346154 0.9085986562499999 0.6583820673076922 0.8956032067307693 0.6760477572115384 0.8587827596153846 0.6699561394230769 0.8479532163461538 0.6790935673076923 0.823045266826923 0.6675194927884616 0.8165475408653846 0.6705653028846155 0.8327918557692308 0.6827485384615385 0.8587827596153846 0.6894493173076923 0.89235434375 0.6906676418269231
4 0.9400043317307692 0.6931042884615385 0.9237600168269231 0.6967592596153847 0.9172622908653847 0.6931042884615385 0.8977691129807692 0.6961500985576923 0.9085986562499999 0.70955165625 0.9194281995192307 0.7168615985576923 0.9378384230769231 0.7199074062499999 0.9443361490384615 0.6973684206730769 0.9400043317307692 0.6931042884615385
4 0.8771929831730769 0.7119883052884616 0.8858566177884615 0.7235623774038462 0.9118475192307692 0.7235623774038462 0.9161793365384615 0.7150341129807691 0.89452025 0.7034600384615385 0.8771929831730769 0.7119883052884616
7 0.778644141826923 0.9800194927884616 0.7656486899038462 0.9976851850961539 0.79163959375 0.9976851850961539 0.7981373197115385 0.984283625 0.8089668605769231 0.9647904471153846 0.7905566394230769 0.9580896682692307 0.778644141826923 0.9800194927884616
11 0.7017543870192308 0.8618421057692308 0.6746805288461538 0.8478313846153847 0.6356941730769231 0.8417397668269231 0.6064544086538461 0.8423489278846154 0.6086203173076923 0.8673245625000001 0.6129521346153847 0.8868177379807692 0.63461121875 0.8904727091346154 0.6876759807692309 0.8898635480769231 0.7017543870192308 0.8618421057692308
7 0.3075590216346154 0.7668128653846153 0.30106129567307693 0.7528021442307692 0.2729044831730769 0.7558479543269231 0.25341130528846156 0.7515838197115384 0.2555772139423077 0.7655945408653846 0.2501624423076923 0.7783869399038461 0.26640675721153845 0.7893518509615384 0.29023175240384613 0.7863060432692308 0.3075590216346154 0.7668128653846153
7 0.3313840144230769 0.8131091610576924 0.3086419759615385 0.824683235576923 0.3227203822115384 0.8344298245192309 0.3367987860576923 0.8417397668269231 0.3454624206730769 0.8411306033653846 0.3541260552884615 0.8234649134615384 0.3313840144230769 0.8131091610576924
2 0.6335282644230769 0.687012670673077 0.63461121875 0.6596003894230769 0.6270305384615384 0.6596003894230769 0.6151180408653846 0.6723927884615384 0.6064544086538461 0.6961500985576923 0.6042885 0.714424951923077 0.6259475841346155 0.7156432740384615 0.6335282644230769 0.687012670673077
2 0.4656703485576923 0.7351364519230769 0.46242148557692303 0.7576754374999999 0.4829976177884615 0.76437621875 0.49274420673076924 0.7302631586538462 0.4829976177884615 0.7320906442307693 0.4656703485576923 0.7351364519230769
11 0.4537578509615384 0.8057992211538461 0.43534762740384614 0.8240740745192308 0.4559237596153846 0.8374756346153845 0.4873294350961539 0.8362573100961538 0.4970760240384615 0.8222465889423076 0.49166125240384617 0.8094541899038461 0.47758284615384616 0.8045808966346153 0.4537578509615384 0.8057992211538461
7 0.06403772115384615 0.7496740168269231 0.06140350961538461 0.737326141826923 0.05789122355769231 0.716087798076923 0.04384208653846154 0.7150999687499999 0.01310960096153846 0.7210269471153846 0.010475387019230769 0.7338687379807692 0.013987670673076923 0.7417713774038461 0.03242716346153846 0.7506618461538461 0.06403772115384615 0.7496740168269231
8 0.1957483798076923 0.5827307572115384 0.19135802403846155 0.5728524567307692 0.17730888701923078 0.558528923076923 0.16589396394230768 0.577791608173077 0.15360096875 0.5856942475961538 0.16150360817307693 0.6000177812499999 0.1781869591346154 0.6005116947115384 0.1957483798076923 0.5970542908653846 0.1957483798076923 0.5827307572115384
6 0.2071633028846154 0.6390370625 0.23526157692307692 0.631134423076923 0.2668721346153846 0.6182926346153846 0.30287304807692306 0.6064386754807692 0.3344836057692308 0.5906333966346154 0.3573134543269231 0.5758159471153846 0.34502045913461543 0.565443733173077 0.32131254086538463 0.5763098629807692 0.291458125 0.5931029711538461 0.25106685576923077 0.60890825 0.20189487740384615 0.628170935096154 0.19487031009615385 0.6380492331730768 0.2071633028846154 0.6390370625
2 0.42053456971153846 0.4632033341346154 0.43194949278846156 0.44739805528846155 0.4477547716346154 0.43011103125 0.4574135528846154 0.4088726875 0.43546177644230766 0.40492136778846155 0.43019335096153843 0.4113422644230769 0.4196564975961538 0.4340623509615385 0.41351000240384617 0.4488798004807692 0.40911964663461536 0.4592520144230769 0.42053456971153846 0.4632033341346154
2 0.3704845192307692 0.42912320192307696 0.35116695673076925 0.4320866923076923 0.3248248245192308 0.4365319278846154 0.30814147355769234 0.4429528221153846 0.31516604326923076 0.4508554615384615 0.32745903846153845 0.4528311201923077 0.36345995192307695 0.4469041418269231 0.37838715865384615 0.4385075865384615 0.3704845192307692 0.42912320192307696
2 0.3678503052884615 0.40739094471153847 0.3415081754807692 0.4113422644230769 0.30989761778846153 0.41776315865384617 0.31428797115384616 0.42912320192307696 0.32043446875 0.43109886298076927 0.3625818798076923 0.42862928605769235 0.3757529471153846 0.4197388173076923 0.3678503052884615 0.40739094471153847
2 0.23613964903846155 0.5397601538461538 0.24316421634615384 0.522967045673077 0.24579843028846152 0.5037043629807691 0.2378957908653846 0.5012347884615385 0.22121243990384618 0.5032104471153847 0.21418787259615385 0.5200035552884615 0.21682208413461537 0.5392662403846153 0.21418787259615385 0.5535897740384615 0.22472472596153845 0.5550715192307693 0.23613964903846155 0.5397601538461538
7 0.2493107139423077 0.48542950721153844 0.22209051201923075 0.47900861298076924 0.1887238125 0.47258771874999994 0.1667720360576923 0.5135826610576923 0.18345538461538463 0.5165461514423076 0.21594401442307692 0.523954875 0.24404228846153847 0.5007408725961539 0.2493107139423077 0.48542950721153844
2 0.2203343701923077 0.4217144783653846 0.22472472596153845 0.4296171177884615 0.25194492788461537 0.41479966826923076 0.2598475673076923 0.4133179230769231 0.28179934375 0.40343962499999997 0.2984826923076923 0.39306740865384615 0.2800432019230769 0.3836830240384615 0.2686282764423077 0.3886221754807692 0.2466765 0.39701872836538465 0.23526157692307692 0.4093666033653846 0.2203343701923077 0.4217144783653846
2 0.1957483798076923 0.4217144783653846 0.20804137500000003 0.4029457091346154 0.21506594230769233 0.3896100048076923 0.20628523317307693 0.38763434375 0.18960188221153845 0.3985004735576923 0.16501589423076923 0.41875098798076926 0.15623518269230768 0.43258060576923074 0.1781869591346154 0.44147107692307697 0.1957483798076923 0.4217144783653846
2 0.2378957908653846 0.39059783413461535 0.22560279567307692 0.39059783413461535 0.19838259375 0.41628141346153846 0.20101680528846153 0.4276414567307692 0.22121243990384618 0.42665362740384616 0.22823700961538462 0.40541528365384616 0.2378957908653846 0.39059783413461535
7 0.3687283774038462 0.5456871346153845 0.37750908894230767 0.5269183653846153 0.34502045913461543 0.5170400673076924 0.3292151802884616 0.5214853004807692 0.3221906105769231 0.5397601538461538 0.33184939423076926 0.549638454326923 0.34589853125 0.561986329326923 0.3687283774038462 0.5456871346153845
7 0.10881934615384616 0.6933677091346154 0.1325272644230769 0.6958372836538461 0.16325974999999998 0.6839833245192307 0.17291853365384616 0.6795380913461538 0.14921061298076924 0.6449640432692308 0.12813690865384617 0.6345918293269232 0.08598949759615385 0.6247135288461538 0.060525437499999994 0.6306405096153846 0.055257012019230764 0.6479275336538461 0.0833552860576923 0.6459518725961538 0.1017947764423077 0.6578058317307692 0.10618513221153845 0.6745989399038461 0.1053070625 0.6869468149038462 0.10881934615384616 0.6933677091346154
6 0.03242716346153846 0.5323514302884615 0.025402596153846154 0.522967045673077 0.012231528846153845 0.5037043629807691 0.004328889423076923 0.4943199783653846 0 0.49412339903846153 0.004328889423076923 0.51506440625 0.01310960096153846 0.5288940264423077 0.021012240384615386 0.535314920673077 0.03242716346153846 0.5323514302884615
6 0.13077112259615384 0.5501323701923077 0.11760005528846153 0.5614924134615384 0.13955183173076924 0.5713707139423077 0.1571132548076923 0.5669254783653846 0.1737966033653846 0.5550715192307693 0.14745447115384616 0.5437114735576923 0.13077112259615384 0.5501323701923077
4 0.11760005528846153 0.5842125024038461 0.09916056490384614 0.5931029711538461 0.12286848317307693 0.6010056105769231 0.14042990384615386 0.5975482067307692 0.14745447115384616 0.58766990625 0.12901498076923076 0.5817429278846153 0.11760005528846153 0.5842125024038461
3 0.2493107139423077 0.5772976923076923 0.23262736538461537 0.5807550961538461 0.23877386057692307 0.5906333966346154 0.25282299759615384 0.5916212259615384 0.27038441826923076 0.5886577355769231 0.27038441826923076 0.5787794374999999 0.2493107139423077 0.5772976923076923
6 0.2721405625 0.5446993052884616 0.26423792307692306 0.5427236442307692 0.25896949519230766 0.5555654326923076 0.25896949519230766 0.5713707139423077 0.2686282764423077 0.5693950528846154 0.2686282764423077 0.5600106682692307 0.2721405625 0.5446993052884616
8 0.9535236995192308 0.5022226177884616 0.9728412620192307 0.5125948317307693 0.9991833942307693 0.5254366201923077 0.9991833942307693 0.5061739375 0.9614263389423077 0.4943199783653846 0.9535236995192308 0.5022226177884616
4 0.7357620769230769 0.6741050264423076 0.7445427884615385 0.6953433701923076 0.7770314182692307 0.6963311995192308 0.7875682692307693 0.6908981346153846 0.7656164927884616 0.6716354519230769 0.7357620769230769 0.6741050264423076
2 0.1957483798076923 0.7837541490384615 0.1755527451923077 0.7773332548076923 0.13779568990384614 0.7723941057692307 0.12638076682692306 0.7817784879807692 0.13077112259615384 0.7951141923076922 0.15535711057692309 0.7990655120192307 0.18696766826923075 0.8010411730769231 0.20277294951923078 0.7911628725961539 0.1957483798076923 0.7837541490384615
13 0.23701771875000002 0.8746345024038462 0.21770015625 0.8850067163461539 0.22560279567307692 0.8973545913461538 0.2378957908653846 0.90278765625 0.2598475673076923 0.889451951923077 0.25370106971153844 0.8820432283653846 0.23701771875000002 0.8746345024038462
6 0.21945629807692307 0.7378200576923077 0.24258176201923076 0.7497563365384615 0.2598475673076923 0.7309052475961538 0.24579843028846152 0.7244843533653846 0.22999315144230767 0.7254721826923076 0.21945629807692307 0.7378200576923077
6 0.27653091586538464 0.7338687379807692 0.28794584134615386 0.7259660985576922 0.2791651298076923 0.7052216682692307 0.2791651298076923 0.6958372836538461 0.26599406490384614 0.698306860576923 0.25282299759615384 0.7042338389423077 0.2545791418269231 0.7146060528846154 0.26248178125 0.7185573725961538 0.2686282764423077 0.7239904375 0.26950634855769234 0.73288090625 0.27653091586538464 0.7338687379807692
9 0.1096974158653846 0.8855006322115385 0.09740442307692308 0.8958728461538462 0.09564827884615384 0.9097024663461538 0.11672198557692307 0.9146416153846153 0.13077112259615384 0.903775485576923 0.1272588389423077 0.8929093557692307 0.1096974158653846 0.8855006322115385
7 0.044720158653846154 0.9788505600961539 0.04032980288461538 0.9995949903846154 0.08159914182692307 0.9995949903846154 0.08774563942307692 0.9936680096153846 0.08950178125 0.9768749014423077 0.06228157932692308 0.9704540072115384 0.044720158653846154 0.9788505600961539
7 0.08774563942307692 0.8435178605769231 0.08686756971153847 0.8262308365384615 0.09740442307692308 0.8207977716346153 0.11584391346153847 0.8084498966346154 0.11233162980769232 0.8020290024038462 0.09389213701923077 0.7941263629807692 0.07457457451923076 0.7975837668269231 0.0824772139423077 0.7817784879807692 0.09916056490384614 0.7723941057692307 0.0921359951923077 0.7595523149038462 0.07106229086538461 0.7565888245192307 0.045598230769230766 0.7654792956730769 0.04032980288461538 0.7842480649038461 0.04384208653846154 0.7911628725961539 0.005206961538461539 0.7906689591346154 0 0.8014083173076922 0.006963103365384615 0.8341334759615384 0.05789122355769231 0.8321578149038462 0.07018421875 0.8370969663461539 0.08774563942307692 0.8435178605769231
4 0.0824772139423077 0.8153647067307692 0.05964736778846154 0.8049924927884615 0.044720158653846154 0.8188221105769231 0.06403772115384615 0.8346273894230769 0.07896493028846155 0.8405543701923077 0.08686756971153847 0.839072625 0.08598949759615385 0.8242551754807692 0.0824772139423077 0.8153647067307692
4 0.033305235576923074 0.8361091346153846 0.05613508173076923 0.8316639014423076 0.03769559134615385 0.8158586225961538 0.018378026442307693 0.8257369206730769 0.033305235576923074 0.8361091346153846
4 0.11496584375 0.7788149999999999 0.09828249278846155 0.7773332548076923 0.07720878846153846 0.7788149999999999 0.07545264663461539 0.7951141923076922 0.08598949759615385 0.7951141923076922 0.11057548798076923 0.7946202788461538 0.11760005528846153 0.7901750432692308 0.11496584375 0.7788149999999999
2 0.05174472596153846 0.9052572307692308 0.029792951923076922 0.8988363365384615 0.02452452403846154 0.9032815721153846 0.05174472596153846 0.9146416153846153 0.07457457451923076 0.9245199134615384 0.08072107211538461 0.9180990192307692 0.05174472596153846 0.9052572307692308
0 0.0008166057692307692 0.90278765625 0 0.9491366370192308 0.002572747596153846 0.9665026875 0.012231528846153845 0.9699600913461539 0.03242716346153846 0.9783566466346154 0.04823244230769231 0.9837897115384616 0.049988584134615384 0.97539315625 0.05174472596153846 0.9605757067307692 0.06228157932692308 0.9279773197115385 0.0631596514423077 0.9171111899038462 0.02452452403846154 0.9052572307692308 0.018378026442307693 0.9032815721153846 0.0008166057692307692 0.90278765625
2 0.22823700961538462 0.31502884375 0.21945629807692307 0.32737671875 0.2273589375 0.33231586778846156 0.24492035817307695 0.34268808173076926 0.27126249038461536 0.3239193149038462 0.26950634855769234 0.3120653557692308 0.2791651298076923 0.3031748846153846 0.29760462259615383 0.28983918028846156 0.2809212716346154 0.28490003124999996 0.2721405625 0.2957661610576923 0.2598475673076923 0.29774181971153846 0.24843264423076925 0.3041627163461538 0.22823700961538462 0.31502884375
2 0.3037511201923077 0.35059072115384615 0.30901954567307693 0.3347854423076923 0.3160441153846154 0.32836454807692306 0.3248248245192308 0.31898016346153846 0.33009325 0.2957661610576923 0.30638533173076926 0.2957661610576923 0.291458125 0.32046190865384616 0.2932142668269231 0.33034020913461537 0.2905800528846154 0.34318199759615386 0.2923361947115385 0.35059072115384615 0.3037511201923077 0.35059072115384615
2 0.3379958894230769 0.35750553124999995 0.3309713221153846 0.3412063389423077 0.31955639903846156 0.3313280384615384 0.3107756875 0.3318219543269231 0.30901954567307693 0.3555298725961539 0.31692218509615383 0.3713351514423077 0.3257028966346154 0.3772621298076923 0.3423862451923077 0.3772621298076923 0.3379958894230769 0.35750553124999995
2 0.03593944951923077 0.3007053100961538 0.04911051442307693 0.3007053100961538 0.06403772115384615 0.28292437259615383 0.07457457451923076 0.27255215625 0.07281843269230769 0.26514343269230767 0.08423335576923076 0.25230164423076923 0.07281843269230769 0.24933815384615385 0.05876929567307692 0.26464951682692306 0.04823244230769231 0.2700825817307692 0.03593944951923077 0.2809487115384615 0.027158737980769232 0.2932965865384615 0.03593944951923077 0.3007053100961538
2 0.030671021634615384 0.25427730288461536 0.009597317307692308 0.24835032451923075 0.010475387019230769 0.2626738581730769 0.013987670673076923 0.27798522115384616 0.033305235576923074 0.27798522115384616 0.03769559134615385 0.27255215625 0.033305235576923074 0.2616860288461539 0.030671021634615384 0.25427730288461536
2 0.12023426923076924 0.3278706346153846 0.12462462499999999 0.3234253990384615 0.12023426923076924 0.31552275961538456 0.10355091826923077 0.30564445913461535 0.0833552860576923 0.3011992259615385 0.06667193509615385 0.2932965865384615 0.06755000721153846 0.3016931394230769 0.07457457451923076 0.30959577884615386 0.09037985336538462 0.3165105889423077 0.10355091826923077 0.3234253990384615 0.12023426923076924 0.3278706346153846
8 0.13077112259615384 0.233532875 0.12462462499999999 0.2231606610576923 0.10706320432692308 0.22464240624999998 0.11145355769230769 0.24341117548076924 0.11672198557692307 0.2587225384615385 0.1334053341346154 0.25822862259615387 0.13428340625 0.24884423798076924 0.13077112259615384 0.233532875
4 0.34589853125 0.21673976682692306 0.3371178197115385 0.20587363701923078 0.32131254086538463 0.1925379326923077 0.29672655048076924 0.1851292091346154 0.27565284615384616 0.1851292091346154 0.27565284615384616 0.20044057211538463 0.28267741346153846 0.2127884471153846 0.29584848076923076 0.22118500000000002 0.31780025721153843 0.2226667451923077 0.34589853125 0.21673976682692306
7 0.3362397475961538 0.2636616875 0.34677660096153845 0.26860083653846156 0.35467924038461535 0.2740339014423077 0.36345995192307695 0.2730460721153846 0.38365558653846155 0.2636616875 0.35906959615384615 0.23847202403846154 0.3379958894230769 0.23600244951923077 0.32833710817307693 0.24588075 0.3292151802884616 0.24983206971153848 0.3116537596153846 0.24933815384615385 0.31428797115384616 0.2562529639423077 0.3362397475961538 0.2636616875
8 0.27565284615384616 0.20636755288461536 0.27828706009615384 0.19599533653846152 0.26599406490384614 0.19303184855769231 0.2545791418269231 0.19994665625 0.23613964903846155 0.21575193509615384 0.2422861466346154 0.22365457451923076 0.26248178125 0.21476410576923077 0.27565284615384616 0.20636755288461536
2 0.13955183173076924 0.18661095192307692 0.11496584375 0.19303184855769231 0.10881934615384616 0.20439189182692308 0.11584391346153847 0.2093310408653846 0.14042990384615386 0.20784929567307692 0.15360096875 0.19500750721153848 0.13955183173076924 0.18661095192307692
2 0.10706320432692308 0.23699027884615387 0.09916056490384614 0.23007547115384613 0.08862371153846153 0.21822151201923076 0.07457457451923076 0.2197032548076923 0.06403772115384615 0.22365457451923076 0.0833552860576923 0.24044768509615383 0.10091670673076923 0.24983206971153848 0.11145355769230769 0.24588075 0.10706320432692308 0.23699027884615387
12 0.7954709086538462 0.3836830240384615 0.8077639038461538 0.38022562019230766 0.8262033966346153 0.37479255528846156 0.8253253245192307 0.37034732211538457 0.8033735480769231 0.37479255528846156 0.7884463413461538 0.3772621298076923 0.7700068485576923 0.38071953605769226 0.7770314182692307 0.38664651442307696 0.7954709086538462 0.3836830240384615
6 0.7928366971153846 0.41183617788461535 0.780543701923077 0.41183617788461535 0.7647384230769231 0.41776315865384617 0.7708849206730769 0.4276414567307692 0.7787875600961538 0.4409771610576923 0.8007393365384616 0.43751975721153846 0.7989831947115384 0.42912320192307696 0.7928366971153846 0.41183617788461535
5 0.8744973052884616 0.23896593990384615 0.8797657307692308 0.24983206971153848 0.9113762884615385 0.2503259831730769 0.9043517211538461 0.2340267908653846 0.8955710096153846 0.2330389591346154 0.8744973052884616 0.23896593990384615
5 0.950889485576923 0.2720582427884616 0.9772316177884615 0.2681069230769231 0.9754754759615385 0.2626738581730769 0.9658166947115384 0.25526513461538464 0.9447429879807692 0.2592164543269231 0.950889485576923 0.2720582427884616
6 0.844642889423077 0.1925379326923077 0.8235691826923077 0.20686146634615385 0.8683508076923078 0.22809981009615385 0.8823999447115385 0.2315572139423077 0.9025955769230769 0.22118500000000002 0.88503415625 0.2093310408653846 0.844642889423077 0.1925379326923077
6 0.7313717235576923 0.1322803076923077 0.7357620769230769 0.14018294711538462 0.7638603509615384 0.13721945673076924 0.7647384230769231 0.10857238701923078 0.7304936514423077 0.11054804807692308 0.7313717235576923 0.1322803076923077
4 0.9974272524038461 0.3165105889423077 0.9728412620192307 0.31947407932692307 0.9605482668269231 0.3249071442307692 0.9561579134615384 0.3337976129807692 0.9763535456730769 0.34318199759615386 0.9947930384615385 0.35059072115384615 0.9974272524038461 0.3165105889423077
11 0.83674025 0.306138375 0.8534235985576923 0.29922356490384616 0.8815218725961539 0.2883574375 0.8920587259615385 0.2814426274038462 0.8832780144230769 0.26860083653846156 0.8613262379807692 0.2592164543269231 0.8437648173076924 0.2636616875 0.8244472548076923 0.2710704134615385 0.8024954783653846 0.28588786057692306 0.8226911129807692 0.3011992259615385 0.83674025 0.306138375
9 0.9131324302884616 0.30564445913461535 0.8841560865384616 0.29774181971153846 0.8560578125 0.31107752403846156 0.8551797403846154 0.32589497355769226 0.8683508076923078 0.33231586778846156 0.8885464423076923 0.3352793581730769 0.9078640048076922 0.3288584639423077 0.9166447139423077 0.32046190865384616 0.9131324302884616 0.30564445913461535
5 0.8859122283653846 0.3130531850961538 0.8692288774038462 0.3224375697115385 0.8797657307692308 0.3318219543269231 0.8876683701923077 0.33083412259615386 0.8990832932692308 0.3214497403846154 0.8964490817307692 0.3170045048076923 0.8859122283653846 0.3130531850961538
11 0.950889485576923 0.3170045048076923 0.9447429879807692 0.2987296514423077 0.9315719230769232 0.2932965865384615 0.8938148677884615 0.29724790625 0.8595700961538462 0.30712620432692306 0.8420086754807692 0.3209558245192307 0.8481551730769231 0.34021850721153846 0.863960451923077 0.3481211466346154 0.8903025841346154 0.34663940144230765 0.9306938509615384 0.33923067788461536 0.9544017692307692 0.3337976129807692 0.950889485576923 0.3170045048076923
5 0.5935145673076924 0.23699027884615387 0.5829777139423077 0.24933815384615385 0.6031733485576922 0.25724079326923077 0.61546634375 0.25674687740384616 0.6181005576923078 0.24341117548076924 0.5935145673076924 0.23699027884615387
10 0.4899021826923077 0.3530602980769231 0.5057074615384616 0.3481211466346154 0.5004390360576922 0.33873676201923075 0.4811214735576923 0.34466374278846157 0.4899021826923077 0.3530602980769231
4 0.626881266826923 0.4068970288461538 0.6813216730769232 0.3856586850961538 0.6321496947115384 0.35108463701923076 0.5882461418269231 0.3244132283653846 0.5662943653846153 0.3120653557692308 0.5557575120192307 0.3140410144230769 0.5083416754807693 0.3436759134615385 0.49253639663461535 0.3624446802884615 0.5294153798076923 0.3881282596153846 0.5680505072115385 0.41381183894230766 0.5926364951923077 0.42418405288461536 0.626881266826923 0.4068970288461538
5 0.5820996442307692 0.31848625 0.59614878125 0.31058361057692313 0.5820996442307692 0.30218705528846157 0.57068471875 0.31107752403846156 0.5820996442307692 0.31848625
10 0.6066856322115385 0.3145349302884615 0.623368983173077 0.3214497403846154 0.6356619783653846 0.31799233413461536 0.6382961899038461 0.3125592692307692 0.6137102019230769 0.30811403605769233 0.6066856322115385 0.3145349302884615
5 0.6339058365384616 0.2942844158653846 0.6356619783653846 0.30959577884615386 0.6470769014423077 0.31107752403846156 0.6558576129807693 0.3026809711538462 0.6549795408653847 0.29724790625 0.6339058365384616 0.2942844158653846
11 0.6303935504807693 0.3046566298076923 0.6330277644230768 0.2942844158653846 0.6804436009615386 0.2957661610576923 0.7015173076923078 0.28983918028846156 0.7217129399038461 0.2789730528846154 0.7287375096153846 0.2592164543269231 0.7252252259615385 0.2518077283653846 0.6997611658653846 0.24588075 0.7041515192307692 0.24143551442307692 0.7111760889423077 0.22711198076923075 0.7023953774038462 0.2221728317307692 0.6760532451923077 0.2325450456730769 0.6628821802884615 0.23699027884615387 0.6514672572115384 0.23995376923076922 0.6444426875 0.2443990048076923 0.6312716225961539 0.24785640865384614 0.6242470528846155 0.2532894735576923 0.6137102019230769 0.2611921129807692 0.5882461418269231 0.2532894735576923 0.5733189326923077 0.2577347091346154 0.5654162932692308 0.27255215625 0.5785873581730769 0.28983918028846156 0.6014172067307693 0.3016931394230769 0.6260031971153845 0.3066322908653846 0.6303935504807693 0.3046566298076923
7 0.7190787283653847 0.2602042836538461 0.7138103004807692 0.2518077283653846 0.6909804543269231 0.2443990048076923 0.6742971033653846 0.24637466346153847 0.6488330432692307 0.2532894735576923 0.6312716225961539 0.26761300721153847 0.6374181201923077 0.28440611778846153 0.6602479663461539 0.2913209254807692 0.6821997427884615 0.2893452668269231 0.7059076610576922 0.2834182860576923 0.7190787283653847 0.2602042836538461
7 0.7129322307692308 0.22167891586538463 0.6980050216346154 0.2443990048076923 0.7261032956730769 0.24785640865384614 0.7489331442307693 0.23995376923076922 0.7594699975961539 0.22958155528846153 0.7489331442307693 0.24588075 0.7542015697115385 0.25427730288461536 0.7770314182692307 0.2448929182692308 0.7858121274038462 0.2340267908653846 0.780543701923077 0.21673976682692306 0.7831779158653845 0.2093310408653846 0.7682507067307692 0.20389797596153844 0.7524454278846153 0.2137762764423077 0.7304936514423077 0.21525802163461538 0.7129322307692308 0.22167891586538463
7 0.8060077620192309 0.2093310408653846 0.7937147668269231 0.21525802163461538 0.7858121274038462 0.22612415144230769 0.791958625 0.23106330048076923 0.8112761875000001 0.23007547115384613 0.8226911129807692 0.22513631971153847 0.8165446153846154 0.21476410576923077 0.8060077620192309 0.2093310408653846
7 0.6892243124999999 0.31848625 0.7164445144230769 0.31947407932692307 0.7155664447115384 0.30910186538461537 0.7208348701923076 0.2913209254807692 0.6786874591346154 0.29626007692307693 0.6576137548076922 0.29971748076923077 0.6567356826923076 0.30218705528846157 0.6593698966346154 0.31898016346153846 0.6892243124999999 0.31848625
5 0.7331278653846154 0.3051505456730769 0.7182006562500001 0.3046566298076923 0.7111760889423077 0.31502884375 0.7182006562500001 0.3224375697115385 0.7313717235576923 0.32194365384615387 0.7357620769230769 0.31552275961538456 0.7331278653846154 0.3051505456730769
6 0.8402525336538461 0.326388889423077 0.8191788269230769 0.3288584639423077 0.7954709086538462 0.3451576586538462 0.7989831947115384 0.3579994471153846 0.8218130408653846 0.3579994471153846 0.8341060360576923 0.35404812740384617 0.8437648173076924 0.33626718749999995 0.8402525336538461 0.326388889423077
11 0.8463990312499999 0.9210625096153847 0.8437648173076924 0.9017998269230769 0.8279595384615385 0.8953789326923077 0.8121542596153847 0.9003180817307693 0.8051296899038461 0.9097024663461538 0.8139104014423076 0.925013829326923 0.8288376105769231 0.9334103846153846 0.8411306033653846 0.9289651490384615 0.8463990312499999 0.9210625096153847
11 0.30462918990384613 0.07399834134615385 0.3739968028846154 0.08684012980769232 0.4099977163461539 0.053747826923076926 0.3336055360576923 0.03893037740384615 0.30462918990384613 0.07399834134615385
9 0.2686282764423077 0.07251659615384615 0.291458125 0.07152876442307693 0.3055072620192308 0.055723485576923075 0.29584848076923076 0.04386952644230769 0.27038441826923076 0.03942429326923077 0.2545791418269231 0.04782084615384615 0.2572133533653846 0.06807136057692308 0.2686282764423077 0.07251659615384615
9 0.08950178125 0.11696894230769231 0.07633071634615385 0.1075845576923077 0.05876929567307692 0.10017583413461538 0.04032980288461538 0.10709064423076924 0.035061377403846156 0.11598111298076923 0.04208594471153847 0.12684724278846154 0.06228157932692308 0.13178639182692306 0.07808685817307692 0.1288229014423077 0.08950178125 0.11696894230769231
7 0.041207875 0.19698316826923076 0.04735437259615384 0.21031887259615384 0.06491579326923078 0.20686146634615385 0.08072107211538461 0.20093448798076924 0.08159914182692307 0.19303184855769231 0.08423335576923076 0.1801900576923077 0.09389213701923077 0.17525090865384613 0.0824772139423077 0.16586652403846153 0.0833552860576923 0.15549431009615383 0.08072107211538461 0.14512209615384616 0.07106229086538461 0.13721945673076924 0.05350087019230769 0.1382072860576923 0.039451733173076924 0.14215860576923076 0.03242716346153846 0.13721945673076924 0.019256098557692305 0.1288229014423077 0.005206961538461539 0.13178639182692306 0.0008166057692307692 0.15500039423076922 0.0034508197115384613 0.1683360985576923 0.012231528846153845 0.17623873798076922 0.03154909375 0.18562312259615382 0.041207875 0.19698316826923076
7 0.11935619711538462 0.19599533653846152 0.1017947764423077 0.18809269711538462 0.08598949759615385 0.19006835817307693 0.07545264663461539 0.20537972115384615 0.07281843269230769 0.21624585096153848 0.0947702091346154 0.21723368028846154 0.11057548798076923 0.21081278605769233 0.11935619711538462 0.19599533653846152
6 0.7445427884615385 0.15598822596153847 0.7357620769230769 0.14660384134615384 0.7155664447115384 0.1426525216346154 0.6769313173076923 0.1485795 0.6620041105769231 0.15154299038461538 0.6216128413461538 0.1638908653846154 0.6356619783653846 0.18265963221153847 0.6558576129807693 0.18414137740384615 0.6892243124999999 0.17673265384615386 0.7296155817307692 0.16537261057692307 0.7445427884615385 0.15598822596153847
7 0.6593698966346154 0.10906630288461537 0.6400523341346154 0.12240200721153846 0.6488330432692307 0.13326813701923076 0.6576137548076922 0.14759167067307694 0.706785733173077 0.14364035096153846 0.7225910120192308 0.13672554086538463 0.7182006562500001 0.11252370913461539 0.6944927379807692 0.10363323798076923 0.6593698966346154 0.10906630288461537
6 0.6058075625 0.4231962235576923 0.626881266826923 0.4315927764423077 0.6584918245192307 0.43751975721153846 0.6813216730769232 0.40788485817307696 0.6944927379807692 0.38269519471153846 0.6918585264423077 0.3589872764423077 0.6760532451923077 0.3555298725961539 0.6435646177884615 0.35256638221153846 0.6734190336538461 0.378743875 0.6804436009615386 0.3881282596153846 0.6558576129807693 0.39751264423076926 0.6260031971153845 0.4108483485576923 0.6058075625 0.4231962235576923
4 0.6031733485576922 0.48888691346153845 0.626881266826923 0.4844416778846154 0.6163444134615385 0.4696242283653846 0.59614878125 0.47703295432692305 0.6031733485576922 0.48888691346153845
6 0.5785873581730769 0.8262308365384615 0.5741970048076923 0.8119073028846154 0.5557575120192307 0.8035107475961538 0.5434645168269231 0.7896811274038461 0.5373180192307692 0.7773332548076923 0.5004390360576922 0.7679488701923076 0.4890241105769231 0.7728880192307692 0.48463375721153845 0.7857298076923077 0.5048293918269231 0.7980776826923077 0.5267811658653846 0.8074620673076923 0.5232688822115384 0.8158586225961538 0.559269795673077 0.8262308365384615 0.5785873581730769 0.8262308365384615
6 0.5820996442307692 0.8879702067307692 0.5882461418269231 0.8761162475961538 0.5777092884615385 0.8692014375 0.5662943653846153 0.8761162475961538 0.5504890865384615 0.8850067163461539 0.541708375 0.8988363365384615 0.5355618774038462 0.9072328918269231 0.5452206586538462 0.9111842115384616 0.5601478677884615 0.9062450600961539 0.5777092884615385 0.8968606754807692 0.5820996442307692 0.8879702067307692
6 0.5733189326923077 0.9502034927884615 0.5891242115384615 0.9541548125 0.5777092884615385 0.9447704278846154 0.5680505072115385 0.9348921298076923 0.5662943653846153 0.9210625096153847 0.5557575120192307 0.9339042980769231 0.5478548725961538 0.9279773197115385 0.5329276634615385 0.9220503389423077 0.5100978173076923 0.9195807644230769 0.5338057355769231 0.9339042980769231 0.5425864471153846 0.9413130240384615 0.5540013701923077 0.9477339182692308 0.5654162932692308 0.9437825985576923 0.5733189326923077 0.9502034927884615
12 0.6014172067307693 0.9195807644230769 0.5812215721153846 0.9097024663461538 0.5803435024038461 0.9047633149038461 0.5750750745192308 0.90278765625 0.5645382235576923 0.9062450600961539 0.5759531466346154 0.9126659543269231 0.5882461418269231 0.9225442548076923 0.5996610649038462 0.9235320841346154 0.6014172067307693 0.9195807644230769
4 0.6162009975961538 0.5724902524038462 0.6086203173076923 0.5663986346153846 0.59021009375 0.5712719302884616 0.5837123677884615 0.5749269014423077 0.6032055456730769 0.5852826514423077 0.6140350865384615 0.5889376225961539 0.6237816754807692 0.5834551658653846 0.6162009975961538 0.5724902524038462
6 0.27723630048076925 0.41959064423076925 0.27182152884615385 0.4262914230769231 0.2815681177884616 0.4305555552884615 0.30647606730769233 0.4244639375 0.2999783413461538 0.4183723197115385 0.27723630048076925 0.41959064423076925
6 0.13103747115384617 0.2155214423076923 0.13645224278846155 0.23135964903846154 0.14294996634615384 0.23135964903846154 0.1548624639423077 0.2258771923076923 0.14836473798076924 0.21308479567307692 0.13103747115384617 0.2155214423076923
4 0.39636127403846155 0.5 0.40394195432692304 0.5158382067307692 0.4256010384615384 0.51035575 0.4385964903846154 0.4981725144230769 0.42235217788461543 0.4914717355769231 0.39636127403846155 0.5