9 0.7307831875 0.0295340625 0.7177033485576924 0.03380610576923077 0.713484045673077 0.04187552163461539 0.7122182572115385 0.04567289423076923 0.7117963269230769 0.051131617788461536 0.7193910697115384 0.05540366105769231 0.7274077451923078 0.058014353365384616 0.7459726754807693 0.05303030288461538 0.7560990024038462 0.0397395 0.7489261875 0.03238209134615384 0.7307831875 0.0295340625
9 0.8742394711538461 0.07913723798076923 0.86706665625 0.09242804086538461 0.8763491225961538 0.09978544951923077 0.8831000048076922 0.10263347836538461 0.8991333557692307 0.10215880528846154 0.9101035408653846 0.09693741826923077 0.9160105649038462 0.08744398798076923 0.9134789831730769 0.07533986538461539 0.8940701923076924 0.0722545 0.8742394711538461 0.07913723798076923
8 0.8598938413461539 0.07296650721153847 0.9067280985576923 0.05706501201923077 0.9155886346153845 0.0499449375 0.9210737283653846 0.0454355576923077 0.9193860072115385 0.04068884375 0.9096816105769231 0.04258752884615384 0.9020868677884616 0.04329953605769231 0.8539868197115384 0.0620490625 0.8598938413461539 0.07296650721153847
9 0.035864069711538465 0.2288961033653846 0.0451465360576923 0.22248803846153847 0.03797372115384615 0.21323194471153845 0.023628093750000002 0.21513062980769232 0.019408790865384613 0.22201336778846154 0.020252651442307694 0.22723475240384616 0.027425466346153844 0.2279467596153846 0.035864069711538465 0.2288961033653846
7 0.511801389423077 0.008885850961538462 0.4949241778846154 0.028110048076923078 0.51264525 0.04187552163461539 0.5388049254807693 0.033094098557692304 0.5523066923076922 0.01861661778846154 0.5421803677884616 0.006275158653846155 0.511801389423077 0.008885850961538462
3 0.41264778124999996 0.09147869711538462 0.43374429326923075 0.07723855048076923 0.4227741057692308 0.07272917067307692 0.3869100360576923 0.09598807692307693 0.3940828509615385 0.10097212740384615 0.41264778124999996 0.09147869711538462
8 0.3966144326923077 0.10144679807692307 0.3856442451923077 0.11283891586538462 0.3953486418269231 0.11734829567307692 0.4071626875 0.10809219951923077 0.4164451538461539 0.09385205528846154 0.41138199038461537 0.09385205528846154 0.3966144326923077 0.10144679807692307
6 0.4312127115384615 0.10524417067307691 0.4278372692307692 0.10310814903846154 0.41602322355769233 0.10002278365384616 0.40125566346153846 0.11734829567307692 0.42150831730769234 0.12114566826923076 0.4312127115384615 0.10524417067307691
7 0.3869100360576923 0.11592428125 0.37636177884615385 0.1206709951923077 0.37129861778846157 0.13680982692307692 0.3750959903846154 0.14915128846153847 0.3902854783653846 0.14962595913461538 0.40589689663461537 0.1410818701923077 0.4029433846153846 0.13158843990384617 0.40758461778846156 0.12707906009615383 0.39956794230769227 0.1194843173076923 0.3869100360576923 0.11592428125
8 0.589014625 0.029059391826923076 0.5915462067307693 0.030958076923076925 0.6037821826923077 0.02360066826923077 0.5936558557692307 0.014344574519230768 0.5835295312500001 0.016005923076923077 0.5506189711538462 0.03997683653846154 0.5451338774038461 0.04662223798076923 0.5404926466346154 0.04757157932692308 0.5451338774038461 0.05089428125 0.5510409014423077 0.04875825961538461 0.5561040649038461 0.0416381875 0.5636988100961539 0.03380610576923077 0.5763567163461538 0.030483406249999997 0.5805760192307692 0.02882205528846154 0.5801540889423077 0.02526201923076923 0.5864830432692307 0.024787346153846153 0.589014625 0.029059391826923076
8 0.5350735937500001 0.08212560336538462 0.5398762596153847 0.08053648557692307 0.5477865360576923 0.07354436778846153 0.5432663774038462 0.06369183894230769 0.5410063004807693 0.04827739663461539 0.5322484951923078 0.04700610096153846 0.5243382211538461 0.051296721153846155 0.5294233966346154 0.07640478125 0.5347910841346154 0.07894736778846154 0.5350735937500001 0.08212560336538462
7 0.5895979879807692 0.029366896634615385 0.5831002620192307 0.024758454326923078 0.576885045673077 0.030479278846153847 0.5644546153846154 0.03508771875 0.5534367307692307 0.047165014423076926 0.5542842620192308 0.05606407211538462 0.5672797139423077 0.061467074519230766 0.5819702235576923 0.05574625 0.5893154783653846 0.043986778846153846 0.596660733173077 0.033021865384615386 0.5895979879807692 0.029366896634615385
7 0.57462496875 0.06496313221153846 0.5763200264423077 0.07513348557692308 0.5864903798076923 0.07783498557692307 0.5997683413461539 0.07799389903846153 0.6136113221153846 0.0743389278846154 0.6218041081730769 0.06782354326923078 0.6266067740384614 0.049389778846153844 0.631691951923077 0.037471396634615385 0.6195440288461539 0.024599543269230768 0.6183860625 0.026915473557692308 0.5952481850961538 0.03508771875 0.5839477932692307 0.050819985576923084 0.57462496875 0.06496313221153846
5 0.5537192427884615 0.07767607451923077 0.5616295168269231 0.08482710336538461 0.5749074783653846 0.08005975 0.5636070865384615 0.06925375 0.5537192427884615 0.07767607451923077
5 0.5734949278846154 0.062261632211538465 0.5644546153846154 0.06369183894230769 0.5675622235576923 0.07338545673076922 0.5751899879807693 0.07306763221153846 0.5734949278846154 0.062261632211538465
11 0.44693053125 0.16078693028846153 0.4689662956730769 0.16142257932692308 0.4732039447115385 0.14410119471153846 0.48054919951923075 0.13408975240384616 0.48393931730769235 0.1248728701923077 0.4539932764423077 0.12503178125 0.44693053125 0.16078693028846153
8 0.46020849278846154 0.1107297235576923 0.4768765721153846 0.11025298798076923 0.4797016706730769 0.1080282235576923 0.4816792379807693 0.10230739903846153 0.47631155288461535 0.09817569230769231 0.4503206490384616 0.10008263461538462 0.4517331971153846 0.10198957451923077 0.4593609615384615 0.1053267235576923 0.46020849278846154 0.1107297235576923
7 0.5116252788461538 0.04986651442307692 0.5195355528846154 0.05002542548076923 0.5201005745192308 0.05399822115384615 0.5048450432692307 0.06114925 0.5119077884615385 0.05193236778846154 0.5065401033653847 0.051296721153846155 0.48676441586538466 0.049707603365384614 0.47800661057692306 0.05892448557692308 0.46557617788461536 0.08355581009615384 0.4703788461538462 0.08816425240384616 0.485634375 0.08959445673076923 0.49636975 0.08625731009615384 0.5113427692307693 0.09436181009615385 0.5181230048076924 0.09213704567307693 0.5201005745192308 0.08721078125000001 0.523773201923077 0.08625731009615384 0.5254682596153846 0.0792651923076923 0.5280108485576923 0.07418001442307692 0.5249032403846153 0.06051360336538462 0.5243382211538461 0.05034325 0.5350735937500001 0.04557589663461538 0.5305534375 0.03794813221153846 0.5246207307692308 0.039060514423076925 0.5144503774038461 0.04303330769230769 0.508517670673077 0.04144418990384616 0.5116252788461538 0.04986651442307692
11 0.6952566610576922 0.06019577884615384 0.7042969735576924 0.03524663221153846 0.6958216802884615 0.03286295432692308 0.6396022259615385 0.04494025 0.6350820697115385 0.06861810336538463 0.6370596370192309 0.07147851442307693 0.6593779134615385 0.06814136778846154 0.6952566610576922 0.06019577884615384
5 0.48930700240384617 0.11756293028846154 0.5071051225961538 0.11311339903846154 0.5008899062500001 0.10135392788461539 0.4870469254807693 0.10771039903846155 0.4845043365384616 0.10945842788461538 0.48930700240384617 0.11756293028846154
8 0.48619939423076924 0.12455504807692308 0.48393931730769235 0.13377193028846154 0.4924146105769231 0.13393084134615385 0.5014549254807692 0.12550851682692307 0.5014549254807692 0.11756293028846154 0.4958047283653846 0.11549707692307692 0.48619939423076924 0.12455504807692308
2 0.6898889735576923 0.12789219471153845 0.6972342283653846 0.13647343028846154 0.7232251322115384 0.12121789903846153 0.7317004254807693 0.11311339903846154 0.7373506225961539 0.10548563461538461 0.7336779951923076 0.10341978125000001 0.6898889735576923 0.12789219471153845
7 0.9698562019230769 0.1510933125 0.9944345576923077 0.1475972548076923 0.9969771442307693 0.15474828365384616 0.9983896947115384 0.15474828365384616 0.9972596538461538 0.07004831009615385 0.9718337716346154 0.07338545673076922 0.9466903966346153 0.1107297235576923 0.940192670673077 0.14632595913461538 0.9625109471153847 0.15141113701923076 0.9698562019230769 0.1510933125
10 0.8851032572115384 0.10675692788461538 0.8735203557692308 0.09833460576923077 0.8681526682692307 0.09420289903846155 0.8548747067307693 0.10278413461538462 0.8647625504807692 0.11470251682692309 0.8752154134615384 0.11470251682692309 0.8851032572115384 0.11057081009615384 0.8851032572115384 0.10675692788461538
10 0.8709777668269231 0.12121789903846153 0.8780405120192308 0.1267798125 0.8870808269230769 0.12344266346153845 0.8913184735576922 0.1189931346153846 0.8952736105769231 0.1159738125 0.8834081995192308 0.11200101682692307 0.8709777668269231 0.12121789903846153
7 0.907421533653846 0.1383803701923077 0.9167443557692307 0.1267798125 0.9221120432692308 0.11486142788461538 0.91363675 0.11152428125 0.901488826923077 0.11263666346153847 0.8949911009615386 0.11946987019230769 0.89838121875 0.1240783125 0.8899059254807693 0.1221713701923077 0.8726728245192308 0.12248919471153846 0.8811481201923077 0.13393084134615385 0.8777580024038462 0.14489575480769232 0.8715427860576923 0.1510933125 0.8743678846153846 0.15744978365384615 0.88397321875 0.15554284375 0.8932960408653846 0.1483918125 0.907421533653846 0.1383803701923077
7 0.9390626322115385 0.13726798798076922 0.9427352596153846 0.12995804807692307 0.9458428677884616 0.11136537019230769 0.950080514423077 0.10262522355769231 0.9243721225961538 0.10230739903846153 0.9099641201923077 0.10929951682692307 0.9142017692307692 0.11263666346153847 0.9232420817307693 0.11438469471153846 0.9283272596153846 0.12376048798076923 0.924937141826923 0.13313628365384617 0.91363675 0.14171751923076922 0.9187219254807691 0.14457793028846153 0.9390626322115385 0.13726798798076922
8 0.8571347860576922 0.11343122355769232 0.8582648245192307 0.10898169230769231 0.8557222355769232 0.10659801682692308 0.8551572163461538 0.10214848798076924 0.8517670985576923 0.09976481009615384 0.8478119615384615 0.10389651682692308 0.845834391826923 0.09722222115384614 0.8410317259615384 0.09674548798076922 0.8308613725961538 0.09674548798076922 0.8260587067307692 0.10198957451923077 0.8328389423076923 0.10500889903846153 0.837641608173077 0.10993516346153845 0.8495070216346154 0.11517925240384616 0.8571347860576922 0.11343122355769232
7 0.8740853749999999 0.1482329014423077 0.8786055312500001 0.13345410576923078 0.8729553341346155 0.12391939903846153 0.8678701586538462 0.11946987019230769 0.8531796490384616 0.11470251682692309 0.8413142355769231 0.11263666346153847 0.8336864711538462 0.12090007692307693 0.8085430961538461 0.1423531658653846 0.8093906274038462 0.15411263701923075 0.8060005096153847 0.16364734375 0.8099556466346154 0.17365878365384615 0.8074130576923076 0.17826722596153846 0.8226685865384616 0.1806509014423077 0.8373590985576923 0.17461225480769232 0.8461169014423077 0.16952707932692307 0.8571347860576922 0.16317060817307694 0.8656100793269231 0.15490719471153847 0.8740853749999999 0.1482329014423077
8 0.7664491346153847 0.20544113942307693 0.7607989375 0.21100305048076923 0.7644715649038462 0.21513475721153846 0.7735118798076923 0.21259216826923077 0.7845297620192307 0.20957284615384617 0.7963951754807692 0.20289855048076924 0.8079780769230769 0.19813119711538463 0.8108031754807693 0.19463513942307692 0.8093906274038462 0.19241037259615384 0.8045879591346154 0.1892321394230769 0.7975252139423077 0.18954996153846154 0.7664491346153847 0.20544113942307693
4 0.9243721225961538 0.1617404014423077 0.8986637283653847 0.15236460817307693 0.8794530600961538 0.1796974326923077 0.8921660024038461 0.18096872596153846 0.8969686706730768 0.18494152163461536 0.9037489062499999 0.1874841081730769 0.9175918870192308 0.18494152163461536 0.9240896129807693 0.18382913701923076 0.9311523581730768 0.17747266826923078 0.9365200432692308 0.17143401923076923 0.9376500841346154 0.16618993028846155 0.9286097692307693 0.16603101923076924 0.9243721225961538 0.1617404014423077
7 0.28024973798076924 0.18398805048076922 0.2700793846153846 0.17683701923076922 0.25567138461538463 0.17302313701923078 0.2500211875 0.18287566826923077 0.25425883653846154 0.1871662860576923 0.24945616826923075 0.19209255048076923 0.24239342307692308 0.19288710817307694 0.23278808894230768 0.19161581490384616 0.2308105216346154 0.1959064326923077 0.23476565865384616 0.20226290384615384 0.2449360120192308 0.20718916826923076 0.25199875721153847 0.20512331490384617 0.27036189423076923 0.20146834374999997 0.27601209134615384 0.1911390793269231 0.28024973798076924 0.18398805048076922
11 0.25425883653846154 0.21767734615384615 0.2604740504807692 0.2202199326923077 0.27092691346153847 0.2240338173076923 0.27968471875 0.2214912283653846 0.2779896610576923 0.2202199326923077 0.2757295817307692 0.21195652163461537 0.26923185576923075 0.20766590384615385 0.25680142307692305 0.20591787499999997 0.25171624759615385 0.2106852283653846 0.25425883653846154 0.21767734615384615
8 0.29635279807692305 0.17620137259615387 0.28844252403846155 0.17906178605769232 0.2918326418269231 0.18382913701923076 0.30030793509615383 0.19161581490384616 0.30991326923076923 0.19463513942307692 0.3147159375 0.19384057932692308 0.3118908389423077 0.18875540384615386 0.3118908389423077 0.18668955048076924 0.30341554326923076 0.17985634375 0.29635279807692305 0.17620137259615387
10 0.30765318990384616 0.20750699278846152 0.31754103365384617 0.2129099927884615 0.32121366105769233 0.2129099927884615 0.32658134855769233 0.21100305048076923 0.32375625 0.20766590384615385 0.3178235456730769 0.20162725721153846 0.3152809567307692 0.19813119711538463 0.30539311298076927 0.20258072596153848 0.3042630721153846 0.20703025721153848 0.30765318990384616 0.20750699278846152
8 0.3288414278846154 0.19098016826923075 0.3262988389423077 0.19558860817307694 0.3313840144230769 0.19987922596153848 0.33505664423076925 0.2040109326923077 0.34042432932692307 0.20321637499999998 0.3449444855769231 0.20178616826923076 0.34550950721153845 0.19701881490384615 0.34268440865384614 0.19336384375 0.33731672115384614 0.18891431490384616 0.3288414278846154 0.19098016826923075
8 0.3474870745192308 0.1911390793269231 0.3494646442307693 0.19987922596153848 0.3522897427884616 0.20273963942307693 0.3582224495192308 0.20369311057692308 0.36246009615384617 0.2011505216346154 0.363307625 0.1979722860576923 0.3630251153846154 0.19368166826923078 0.35935248798076924 0.19209255048076923 0.3590699783653846 0.1885964903846154 0.3573749182692308 0.1871662860576923 0.3545498197115385 0.18827866826923076 0.3528547620192307 0.18446478605769231 0.3545498197115385 0.18128655048076922 0.35398480048076925 0.17715484375 0.3497471538461538 0.17842613701923077 0.34579201682692307 0.1823989326923077 0.3474870745192308 0.1911390793269231
8 0.3517247235576923 0.2116386971153846 0.34522699759615383 0.21449911057692306 0.3421193894230769 0.21799516826923077 0.3367517019230769 0.21910755048076924 0.33336158413461536 0.2189486394230769 0.3367517019230769 0.22387490384615386 0.3440969567307692 0.2241927283653846 0.3545498197115385 0.22180905048076924 0.36161256490384613 0.2189486394230769 0.36613272355769233 0.21640605048076925 0.36472017307692306 0.21306890384615385 0.3602000168269231 0.2116386971153846 0.3517247235576923 0.2116386971153846
5 0.2881600144230769 0.19542969711538463 0.2938102091346154 0.19765446153846153 0.29946040625000003 0.19272819711538464 0.29522275961538463 0.1874841081730769 0.28589993509615386 0.19225146153846154 0.2881600144230769 0.19542969711538463
9 0.2810972692307692 0.2187897283653846 0.2751645625 0.22641749278846154 0.2799672283653846 0.23388634615384613 0.29155013221153847 0.23436308173076922 0.29804785817307694 0.2353165528846154 0.3042630721153846 0.22864225721153847 0.3036980528846154 0.22355708173076924 0.30059044471153845 0.216723875 0.2921151514423077 0.2148169326923077 0.2810972692307692 0.2187897283653846
5 0.2890075432692308 0.2246694639423077 0.2881600144230769 0.23007246394230768 0.28985507211538464 0.2324561394230769 0.2938102091346154 0.23118484615384613 0.29776534615384614 0.2280066105769231 0.2972003269230769 0.22451055288461538 0.2890075432692308 0.2246694639423077
8 0.22722929326923078 0.3201754375 0.22550930769230768 0.31533797836538463 0.20353170432692308 0.32275541826923076 0.2014295 0.3261953894230769 0.20334059615384614 0.32920536538461537 0.2063983485576923 0.3302803581730769 0.22493597836538462 0.3225404206730769 0.22722929326923078 0.3201754375
11 0.31456637259615383 0.22041623557692308 0.32545961778846155 0.21740625961538462 0.3298551394230769 0.21858875240384615 0.33329511057692307 0.21837375240384616 0.3378817403846154 0.21461128365384616 0.3407483846153846 0.21052631490384616 0.3396017283653846 0.2082688341346154 0.3399839471153846 0.20945132451923076 0.3371173028846154 0.20536635817307694 0.3329128918269231 0.20396886778846154 0.3290906995192308 0.1974114206730769 0.3229751947115385 0.19139146875000002 0.31628635817307693 0.19375644951923077 0.3113175096153846 0.19751892067307694 0.30214425 0.20654884855769232 0.2927798798076923 0.21213880288461537 0.30099759134615384 0.21654626682692307 0.2971754014423077 0.2123538004807692 0.3008064831730769 0.21009631971153847 0.3099797427884615 0.2137512908653846 0.3130374951923077 0.21880375000000002 0.31456637259615383 0.22041623557692308
11 0.32928181009615387 0.22815617548076925 0.32832626201923076 0.23170364663461537 0.3308106875 0.2336386298076923 0.3321484543269231 0.24062607451923076 0.3350150985576923 0.24557103605769232 0.3390283990384615 0.24782851682692308 0.34246837019230775 0.24643102884615387 0.34686389182692307 0.24245356009615385 0.3443794663461538 0.23611111057692308 0.34227726201923075 0.23052115625 0.33864618028846155 0.22761868028846152 0.3361617548076923 0.22665118750000002 0.32928181009615387 0.22815617548076925
10 0.35546382211538463 0.22321121394230767 0.3506860841346154 0.2238562091346154 0.34896609615384616 0.22794117548076923 0.3524060697115384 0.23062865384615383 0.3564193701923077 0.23073615384615384 0.36215265865384616 0.22890866826923076 0.36043267307692306 0.2270811826923077 0.3589037956730769 0.22525369711538462 0.35775713701923073 0.22321121394230767 0.35546382211538463 0.22321121394230767
5 0.31800634375 0.1764490889423077 0.31475748076923077 0.18021155769230768 0.3166685769230769 0.18279153846153845 0.3231663028846154 0.18451152403846155 0.3288995913461538 0.17892156971153844 0.3237396322115385 0.17515909855769232 0.31800634375 0.1764490889423077
8 0.3390283990384615 0.17171912740384615 0.3361617548076923 0.17515909855769232 0.32947292067307693 0.17924406490384615 0.32488629086538456 0.18268403846153847 0.32469518028846156 0.18504901923076922 0.32832626201923076 0.18601651201923078 0.3346328774038462 0.18612401201923076 0.3399839471153846 0.18236154086538464 0.3434239182692308 0.1790290673076923 0.3428505913461538 0.17601909134615384 0.3457172331730769 0.1745141033653846 0.3426594807692308 0.171934125 0.3390283990384615 0.17171912740384615
7 0.2507357716346154 0.23718610336538462 0.27538890865384613 0.2362186105769231 0.28054886778846155 0.2356811153846154 0.27710889423076923 0.23148864903846153 0.27500668990384614 0.22525369711538462 0.27022894951923077 0.22353371153846155 0.2601001418269231 0.22041623557692308 0.2545579639423077 0.22009374038461538 0.24519359375 0.22095373317307693 0.24003363461538463 0.2260061923076923 0.23143370432692306 0.22568369471153846 0.23047815624999998 0.23353113221153846 0.23353590865384616 0.24051857692307693 0.24519359375 0.24256106009615383 0.2507357716346154 0.23718610336538462
7 0.4126055889423077 0.20439886538461538 0.4145166826923077 0.20020639903846152 0.41547223076923073 0.19827141346153845 0.4047700961538461 0.19096147115384615 0.3961701634615385 0.19246646153846153 0.39120131490384613 0.1869840048076923 0.38565913701923077 0.18784399759615383 0.3824102740384615 0.18719900240384615 0.36998815144230773 0.19472394230769233 0.36349042548076926 0.20902132692307693 0.36865038461538463 0.21493378125 0.3799258485576923 0.22063123557692307 0.3879524519230769 0.2214912283653846 0.4013301225961538 0.21912624759615384 0.4068723004807693 0.21170880528846153 0.4089745048076923 0.20783883653846152 0.4126055889423077 0.20439886538461538
7 0.3487749879807692 0.17773907692307694 0.3545082740384615 0.17698658413461538 0.3558460432692308 0.18107155048076923 0.3545082740384615 0.1841890264423077 0.3541260552884615 0.18730650240384616 0.35718381009615385 0.18719900240384615 0.35985934374999995 0.1881664951923077 0.36043267307692306 0.19182146634615385 0.36368153605769227 0.19343395192307694 0.36673928846153847 0.19139146875000002 0.3726636850961539 0.19343395192307694 0.3791614110576923 0.18848899278846154 0.3831747115384615 0.18644650721153846 0.3824102740384615 0.18440402403846154 0.38107250721153846 0.18182404567307692 0.3854680264423077 0.17515909855769232 0.38202805528846157 0.16827915384615383 0.3755303293269231 0.16591417307692308 0.3680770552884616 0.16967664182692307 0.36349042548076926 0.1687091514423077 0.3640637548076923 0.16548417548076924 0.35756602884615385 0.16440918509615385 0.3568015889423077 0.16752665865384617 0.35297939903846154 0.16827915384615383 0.3508771923076923 0.1686016514423077 0.34934831730769234 0.1711816298076923 0.3478194399038462 0.17515909855769232 0.3487749879807692 0.17773907692307694
7 0.5010893245192307 0.20149638701923075 0.49975155769230767 0.19902390865384617 0.5093070360576923 0.18601651201923078 0.5154225432692308 0.17677158653846153 0.5165692019230769 0.17042913701923076 0.5022359831730769 0.16688166586538464 0.4785383942307692 0.16849415144230767 0.45732523076923076 0.17419160576923076 0.44585865625000004 0.17892156971153844 0.43458318990384615 0.18805899519230768 0.4282765745192308 0.1959064326923077 0.4240721634615384 0.1984864110576923 0.4204410817307692 0.20719384134615385 0.4363031754807692 0.2153637764423077 0.46095631249999997 0.21772875721153848 0.4789206129807692 0.21665376682692308 0.48694721634615384 0.21385878846153844 0.49440049038461537 0.2140737884615385 0.5010893245192307 0.20149638701923075
8 0.47223177884615386 0.17032163701923078 0.47987616105769226 0.16838665384615387 0.4825516947115384 0.16698916346153844 0.48618277644230773 0.16236670192307695 0.4875205432692308 0.15763673798076921 0.48943163942307694 0.15226178125 0.48943163942307694 0.1483918125 0.4924893942307692 0.14419934615384616 0.4921071730769231 0.1378568966346154 0.47872950240384615 0.1372119014423077 0.47452509374999996 0.14043687740384614 0.4705117908653846 0.15236928125 0.47089400961538463 0.1634416923076923 0.47223177884615386 0.17032163701923078
8 0.45025417548076924 0.171826625 0.45235638221153845 0.16892414903846154 0.45044528605769235 0.16591417307692308 0.44662309375000003 0.16688166586538464 0.44413866826923076 0.16817165384615385 0.43439208173076926 0.17053663461538462 0.4227343966346154 0.18107155048076923 0.41604556009615384 0.1842965264423077 0.41642777884615384 0.18870399038461538 0.4233077235576923 0.19289645673076924 0.4273210264423077 0.18934898557692306 0.43267209375 0.18870399038461538 0.4376409423076923 0.1847265216346154 0.44413866826923076 0.1795665625 0.4496808461538461 0.17580409375 0.45025417548076924 0.171826625
7 0.5847953221153847 0.20880632932692308 0.5899552812500001 0.20708634375 0.5880441850961539 0.2042913653846154 0.5840308822115385 0.20364637019230772 0.5832664447115385 0.19999139903846153 0.5695065552884615 0.19354145192307692 0.5530711298076922 0.1953689375 0.5536444591346154 0.19751892067307694 0.5465734062500001 0.2018188846153846 0.5450445288461538 0.21192380528846153 0.548293391826923 0.21794375721153847 0.54733784375 0.22030873798076925 0.5511600360576924 0.22181372596153848 0.5601421850961539 0.21837375240384616 0.5622443918269231 0.21633126923076923 0.5700798846153846 0.21590127403846154 0.57600428125 0.21299879567307695 0.5794442524038461 0.20988131971153848 0.5847953221153847 0.20880632932692308
4 0.633719375 0.17429910576923074 0.6432748533653846 0.17150412740384613 0.64881703125 0.16967664182692307 0.6499636899038461 0.16774165865384616 0.6398348822115385 0.16118421153846155 0.6339104855769231 0.15462676201923076 0.6226350192307692 0.15398176923076923 0.619195045673077 0.15494925961538464 0.6144173076923077 0.1633341923076923 0.5884264038461539 0.1692466466346154 0.5868975264423077 0.17032163701923078 0.5954974591346154 0.17494410096153848 0.6037151706730769 0.1795665625 0.6090662379807692 0.18117905048076924 0.6125062115384615 0.1840815264423077 0.6169017307692308 0.18257653846153848 0.6276038677884616 0.17827657451923076 0.633719375 0.17429910576923074
8 0.7095898798076923 0.18891898798076923 0.7145587283653847 0.18547901682692308 0.7109276466346154 0.18042655769230767 0.7157053846153846 0.17612659134615385 0.7191453581730769 0.17214912259615384 0.719909795673077 0.17075163461538462 0.7137942908653846 0.16774165865384616 0.7097809879807693 0.17161162740384617 0.692772235576923 0.1750515985576923 0.6864656201923077 0.1796740625 0.6727057283653846 0.19149896875 0.6585636201923077 0.20138888942307692 0.6482437019230769 0.2113863076923077 0.6484348124999999 0.21493378125 0.664679127403846 0.22321121394230767 0.6690746466346155 0.21998624038461537 0.6897144831730769 0.2050438605769231 0.6988877427884616 0.19472394230769233 0.7095898798076923 0.18891898798076923
8 0.6648702355769232 0.17988906009615385 0.6683102091346154 0.17333161298076924 0.6662080024038463 0.16849415144230767 0.6669724423076923 0.16204420432692307 0.6574169639423076 0.16172170673076922 0.64881703125 0.16569917548076923 0.6503459086538462 0.17483660096153847 0.6518747860576923 0.17892156971153844 0.6556969759615385 0.1817165456730769 0.6555058677884615 0.18580151442307694 0.6604747163461538 0.1869840048076923 0.66276803125 0.1863390096153846 0.6648702355769232 0.1828990360576923 0.6648702355769232 0.17988906009615385
8 0.8995528028846155 0.21665376682692308 0.9056683100961538 0.21471878125000002 0.9144593509615385 0.21310629567307693 0.9156060096153846 0.21504127884615384 0.9198104182692308 0.20687134615384617 0.923250391826923 0.1996689014423077 0.9213392956730769 0.19622893028846156 0.9144593509615385 0.1952614375 0.9087260625 0.19139146875000002 0.9005083509615385 0.20945132451923076 0.8995528028846155 0.21665376682692308
8 0.9524901586538461 0.24976350240384615 0.93701028125 0.22847867307692307 0.9310858846153847 0.22192122355769234 0.9224859543269232 0.22030873798076925 0.9201926394230769 0.21762125961538462 0.9150326802884615 0.21912624759615384 0.9144593509615385 0.2221362235576923 0.9127393653846153 0.23084365384615382 0.9156060096153846 0.23546611538461537 0.923632610576923 0.24481854086538463 0.9316592139423077 0.25621344951923075 0.9389213774038462 0.2563209495192308 0.9471390889423077 0.25384846875 0.950770170673077 0.25223598317307694 0.9524901586538461 0.24976350240384615
2 0.7927225480769231 0.2677158581730769 0.8026602451923076 0.27008083894230767 0.8057179975961539 0.26728586057692305 0.808202423076923 0.2673933605769231 0.8101135192307692 0.2637383894230769 0.8120246153846153 0.26330839423076924 0.8116423966346153 0.2620184038461538 0.8116423966346153 0.2595459230769231 0.8131712716346153 0.2573959399038462 0.8093490817307691 0.2493335048076923 0.7994113822115385 0.23288613701923078 0.7950158629807693 0.23062865384615383 0.7910025600961539 0.22278121874999998 0.7860337115384616 0.21912624759615384 0.7804915336538462 0.22106123076923076 0.7797270961538462 0.22697368509615384 0.7827848485576923 0.23331613221153846 0.7793448774038462 0.23793859615384616 0.7814470817307692 0.24374355048076923 0.7885181370192308 0.2570734423076923 0.7927225480769231 0.2677158581730769
2 0.8542598317307692 0.22364121153846156 0.8536865048076923 0.22310371394230769 0.8492909831730769 0.22450120432692305 0.8450865721153846 0.22417870673076923 0.8408821610576923 0.2213837283653846 0.8380155192307692 0.2180512548076923 0.8319000120192308 0.22041623557692308 0.8254022860576923 0.22804867548076924 0.8185223413461539 0.23804609615384614 0.8137446009615386 0.24234606009615384 0.8154645865384615 0.24610853124999998 0.8322822307692307 0.2506234951923077 0.8542598317307692 0.22364121153846156
8 0.7613805745192308 0.19063897596153845 0.7533539735576924 0.19139146875000002 0.7527806442307692 0.19655142788461538 0.75029621875 0.20117388942307693 0.7472384663461539 0.2075163389423077 0.7478117956730769 0.2161162716346154 0.748194014423077 0.22235122115384615 0.7541184110576923 0.22224372115384616 0.7533539735576924 0.22084623317307692 0.7564117259615385 0.21772875721153848 0.7571761658653846 0.21504127884615384 0.7613805745192308 0.21514877884615385 0.7621450144230769 0.21267629807692306 0.7606161370192308 0.2109563125 0.762909451923077 0.2082688341346154 0.7653938774038462 0.20450636298076924 0.7676871923076922 0.19827141346153845 0.7711271634615385 0.19386394951923075 0.7688338485576923 0.19214396394230768 0.7653938774038462 0.19096147115384615 0.7613805745192308 0.19063897596153845
8 0.6662080024038463 0.27825077403846155 0.6719412908653847 0.28083075240384614 0.6784390168269231 0.27792827644230766 0.6887589350961538 0.2766382860576923 0.7015632764423076 0.2701883389423077 0.705194358173077 0.2638458894230769 0.7153231658653846 0.25578345432692307 0.7229675504807692 0.24858101201923077 0.7332874663461539 0.24320605528846156 0.7382563173076923 0.2376160985576923 0.7363452211538462 0.23202614423076923 0.7308030432692308 0.2299836610576923 0.7267897403846154 0.2292311658653846 0.7243053173076923 0.22632868990384616 0.7178075913461538 0.22493119951923074 0.7103543173076924 0.22772617788461538 0.7015632764423076 0.23611111057692308 0.6967855360576922 0.24062607451923076 0.6908611394230769 0.2467535264423077 0.6828345384615384 0.2543859639423077 0.6727057283653846 0.2602984182692308 0.6685013197115384 0.2707258341346154 0.6694568653846154 0.2748108004807692 0.6662080024038463 0.27825077403846155
2 0.7392118653846154 0.27255331971153846 0.748576233173077 0.2723383221153846 0.7518250961538461 0.2745958028846154 0.7554561778846154 0.27319831490384616 0.7545006298076923 0.26750086057692307 0.749340670673077 0.26255589903846155 0.7363452211538462 0.2648133822115385 0.7139853990384615 0.27040333653846155 0.7025188245192309 0.2740583076923077 0.7000343990384615 0.27674578605769234 0.7011810576923078 0.28158324759615383 0.7074876730769231 0.28319573557692307 0.7178075913461538 0.28136825 0.7288919471153845 0.28115324999999997 0.735007454326923 0.2797557620192308 0.7332874663461539 0.2759932908653846 0.7392118653846154 0.27255331971153846
5 0.7835492860576923 0.1959064326923077 0.7885181370192308 0.1936489519230769 0.7908114519230769 0.19182146634615385 0.79291365625 0.19139146875000002 0.793295875 0.19010147836538463 0.7785804374999999 0.18558651442307694 0.7713182740384615 0.19010147836538463 0.7724649302884615 0.19246646153846153 0.779918204326923 0.19708892307692308 0.7835492860576923 0.1959064326923077
2 0.5440889807692307 0.2801857596153846 0.5502044879807693 0.2824432403846154 0.5597599663461538 0.27362831009615385 0.5691243365384615 0.2652433774038462 0.5744754038461538 0.25481596153846153 0.5798264735576922 0.24901100721153846 0.5826931153846154 0.24514103846153848 0.5710354326923077 0.23847609134615383 0.5584221995192308 0.2489035096153846 0.5496311586538462 0.2634158918269231 0.5440889807692307 0.2801857596153846
2 0.5945419110576923 0.2546009639423077 0.6039062788461538 0.26932834615384615 0.6109773341346154 0.2755632956730769 0.6220616899038462 0.2752407980769231 0.6293238533653847 0.2709408317307692 0.6207239230769231 0.25685844471153846 0.6067729230769231 0.24621603125000002 0.5935863629807693 0.23353113221153846 0.5861330889423078 0.2362186105769231 0.5947330192307693 0.24965600240384617 0.5945419110576923 0.2546009639423077
13 0.5374448725961538 0.5299085480769231 0.5184355697115385 0.5273811754807692 0.5042649975961538 0.534963295673077 0.49562440384615386 0.5466280961538461 0.4980437692307692 0.5588761346153845 0.5049562427884615 0.5670414951923077 0.5142880841346154 0.5695688677884616 0.5246567956730769 0.568402389423077 0.5381361201923076 0.5582928942307692 0.5440117235576923 0.5435174807692308 0.5374448725961538 0.5299085480769231
7 0.49803157211538457 0.6089181298076923 0.5075870504807692 0.6130030961538462 0.5125558990384615 0.6131105961538462 0.5192447355769231 0.6114981081730769 0.5295646514423077 0.6103156177884616 0.5354890504807692 0.6069831442307693 0.5375912548076923 0.6037581706730769 0.5343423918269231 0.6016081875 0.5356801586538462 0.5997807019230769 0.5385468028846154 0.6012856899038461 0.5402667884615384 0.5992432067307693 0.5375912548076923 0.5929007572115385 0.5295646514423077 0.5911807716346154 0.5274624471153846 0.5882782932692308 0.5240224735576923 0.5851608197115384 0.5188625168269231 0.5844083245192307 0.5133203389423077 0.5815058485576923 0.4989871201923077 0.5874183004807693 0.4942093798076923 0.5983832139423076 0.49803157211538457 0.6089181298076923
10 0.7950158629807693 0.5967707259615385 0.8125979447115385 0.592040764423077 0.8202423269230769 0.5902132788461538 0.8223445336538462 0.5868808052884615 0.8183312307692308 0.5806458557692308 0.8068646562499999 0.5800008605769231 0.7852692740384615 0.5835483317307693 0.7889003557692308 0.5921482620192308 0.7950158629807693 0.5967707259615385
8 0.748576233173077 0.6151530793269231 0.7522073149038462 0.6147230817307693 0.7671138629807692 0.6088106298076923 0.7845048341346155 0.6015006875 0.791193670673077 0.5973082211538462 0.7919581081730769 0.5948357403846154 0.7860337115384616 0.5899982788461539 0.7766693413461538 0.5908582740384616 0.7562206177884616 0.5988132091346153 0.7390207548076924 0.6069831442307693 0.748576233173077 0.6151530793269231
2 0.43993425721153845 0.6167655649038462 0.45120972355769234 0.6159055721153847 0.4567519014423077 0.611068110576923 0.4550319158653846 0.6033281730769231 0.44776974999999997 0.5983832139423076 0.4273210264423077 0.5940832475961538 0.41776554567307694 0.5993507043269231 0.41604556009615384 0.6056931538461539 0.4231166153846154 0.6117131057692308 0.43993425721153845 0.6167655649038462
0 0.34820165865384617 0.5494711033653846 0.3418950432692308 0.5463536298076923 0.3124641658653846 0.5317337451923076 0.3013798100961539 0.5299062596153846 0.28131330528846155 0.5461386298076923 0.27672667548076924 0.5525885793269231 0.3229751947115385 0.5710784302884615 0.32278408413461535 0.57430340625 0.3290906995192308 0.5731209158653846 0.33692619471153845 0.5769908846153846 0.34017505769230766 0.5737659110576924 0.33520620673076923 0.5698959399038461 0.34820165865384617 0.5494711033653846
11 0.27596223798076924 0.5385061923076923 0.2685089639423077 0.5375386995192307 0.25818904567307693 0.5442036466346154 0.25914459375 0.5530185769230769 0.2694645120192308 0.5559210528846154 0.2780644423076923 0.5530185769230769 0.2786377716346154 0.5495786033653846 0.2780644423076923 0.5461386298076923 0.27672667548076924 0.5440961466346154 0.27596223798076924 0.5385061923076923
0 0.4244543822115385 0.5159313725961538 0.44452088942307694 0.4922815625 0.3919657524038461 0.4707817331730769 0.3717081370192308 0.49303405528846156 0.40305010817307696 0.505718954326923 0.4244543822115385 0.5159313725961538
8 0.5375912548076923 0.45067939423076925 0.5349157211538461 0.4473469206730769 0.5280357764423077 0.4487444110576923 0.5167603100961539 0.4498194014423077 0.5054848461538461 0.4551943581730769 0.4938271610576923 0.4588493293269231 0.48924053125 0.46207430288461543 0.49440049038461537 0.46605177163461536 0.4970760240384615 0.46873925 0.5093070360576923 0.4642242860576923 0.51790696875 0.4598168221153846 0.5240224735576923 0.4588493293269231 0.5314757475961538 0.4548718605769231 0.5328135144230769 0.453151875 0.5375912548076923 0.45067939423076925
3 0.4632496274038462 0.44465944230769233 0.45426747596153844 0.45143188942307694 0.4607652019230769 0.4551943581730769 0.47605396875 0.45906432692307697 0.48771165384615384 0.46207430288461543 0.49363605048076925 0.4588493293269231 0.4945915985576923 0.45540935576923075 0.4879027644230769 0.45358187019230767 0.4804494903846154 0.45347437259615386 0.4718495576923077 0.44938940384615383 0.4632496274038462 0.44465944230769233
7 0.6665902235576924 0.52721878125 0.6595191682692308 0.5185113509615384 0.6153728557692307 0.5076539399038462 0.5975996634615385 0.5088364302884615 0.5909108293269231 0.5047514615384615 0.5721820889423077 0.5075464399038462 0.5597599663461538 0.509588923076923 0.5400756802884615 0.5141038870192308 0.5261246802884615 0.5224888197115385 0.5419867740384615 0.5301212596153846 0.5591866370192308 0.5304437572115385 0.5752398413461539 0.5338837283653846 0.5972174447115385 0.5363562091346153 0.6012307451923077 0.5325937403846154 0.6367771274038462 0.5472136225961538 0.6665902235576924 0.52721878125
4 0.6908611394230769 0.5500086009615385 0.7376829879807693 0.5573185408653847 0.7426518365384616 0.5534485721153847 0.75029621875 0.552911076923077 0.7587050408653847 0.5460311322115385 0.7090165504807693 0.5360337115384616 0.6908611394230769 0.5500086009615385
8 0.8859840240384614 0.54291365625 0.8909528725961539 0.5354962163461539 0.8888506658653846 0.5303362572115384 0.8863662427884615 0.5230263149038461 0.880250735576923 0.515501375 0.87967740625 0.5091589278846154 0.8712685865384615 0.5081914350961538 0.8567442572115385 0.5110939110576923 0.8598020096153847 0.5181888533653847 0.8643886394230769 0.5321637427884616 0.8729885721153846 0.5451711394230769 0.8831173798076922 0.5437736490384615 0.8859840240384614 0.54291365625
7 0.7774337812500001 0.5229188173076923 0.7688338485576923 0.5328087379807692 0.7741849182692307 0.5415161682692308 0.7812559711538462 0.540978673076923 0.7892825745192307 0.5365712067307692 0.8049535600961538 0.5418386658653846 0.83629553125 0.5440961466346154 0.8433665865384616 0.5387211899038461 0.8441310240384615 0.5327012379807692 0.8490998750000001 0.5273262812499999 0.85024653125 0.5149638798076923 0.8427932572115384 0.5141038870192308 0.8305622451923077 0.515608875 0.8267400528846154 0.5130288966346154 0.8104957379807692 0.5106639134615384 0.8068646562499999 0.5137813894230769 0.7990291634615385 0.5198013413461539 0.7919581081730769 0.5198013413461539 0.7887092451923077 0.5182963533653846 0.7774337812500001 0.5229188173076923
7 0.807820204326923 0.506148951923077 0.8009402596153846 0.5032464735576924 0.8049535600961538 0.4958290336538462 0.8068646562499999 0.4987315096153846 0.8124068341346155 0.4984090120192307 0.8261667235576924 0.4978715168269231 0.8292244783653846 0.5021714831730769 0.8420288197115385 0.5002364975961539 0.8326644495192308 0.49421654567307693 0.8466154495192307 0.4836816298076923 0.8401177235576923 0.48249913942307693 0.8139357115384616 0.48056415625000004 0.8068646562499999 0.48658410817307696 0.79138478125 0.4830366346153846 0.7818293004807693 0.4848641201923077 0.7734204783653845 0.48045665625 0.762909451923077 0.48572411538461535 0.7680694110576923 0.49303405528846156 0.7797270961538462 0.4984090120192307 0.7969269567307692 0.5089439278846154 0.807820204326923 0.506148951923077
2 0.8620953245192309 0.3236154110576923 0.8515842980769232 0.3224329206730769 0.8332377788461538 0.3236154110576923 0.8320911201923077 0.3325378389423077 0.8412643822115384 0.33554781490384616 0.8619042163461538 0.3322153413461538 0.86457975 0.33006536057692304 0.8890417764423078 0.3283453725961539 0.894010625 0.3266253870192308 0.8945839543269231 0.3239379086538462 0.8913350913461537 0.32232542067307696 0.8620953245192309 0.3236154110576923
2 0.8779574206730769 0.3055555552884615 0.8689752692307693 0.30071809374999997 0.8548331610576922 0.30534055769230767 0.8617131057692308 0.3111455096153846 0.8678286129807693 0.31404798798076927 0.8722241322115385 0.31308049519230774 0.8775752019230769 0.3175954591346154 0.87814853125 0.3225404206730769 0.8827351610576923 0.3215729278846154 0.8869395721153845 0.3188854495192308 0.8838818173076923 0.3115755072115384 0.8779574206730769 0.3055555552884615
7 0.8737410649038462 0.24239309134615386 0.8773960360576923 0.24456323076923075 0.8903914879807692 0.2434210528846154 0.9046052620192307 0.24193622115384614 0.9078541250000001 0.23713907211538462 0.9106968822115384 0.2311997451923077 0.9125243653846155 0.22263340625 0.9153671225961539 0.21863578125 0.9182098774038461 0.21589455528846152 0.9141487980769232 0.21372441586538463 0.9023716706730769 0.2160087716346154 0.8938434038461539 0.2180646923076923 0.8842998701923077 0.22263340625 0.8804418461538461 0.22902960576923076 0.8788174134615385 0.23793859615384616 0.874147173076923 0.23976608173076921 0.8737410649038462 0.24239309134615386
8 0.50134015625 0.9754431658653846 0.5054012355769231 0.9763569086538462 0.5102745288461539 0.9786412644230769 0.5208333341346154 0.9806971850961539 0.5297677067307692 0.9792123533653846 0.5397173485576923 0.9788696995192308 0.5506822620192308 0.9794407884615384 0.5612410649038462 0.9781843942307693 0.5657082524038461 0.9769279975961538 0.5695662764423077 0.9752147283653846 0.5701754375 0.970874451923077 0.5606319038461538 0.9655062139423076 0.5514944759615384 0.9593384495192308 0.5419509423076924 0.9601379759615385 0.5315951923076923 0.9640213822115384 0.5206302788461539 0.9619654615384616 0.5096653677884615 0.9643640360576923 0.5045890192307693 0.9696180552884616 0.5025584783653846 0.9703033629807692 0.5001218317307692 0.9711028870192308 0.50134015625 0.9754431658653846
13 0.6312946706730769 0.9603664110576923 0.6154564663461539 0.9451754374999999 0.5919022091346154 0.9497441514423077 0.5549463942307692 0.9559119158653846 0.5500730985576923 0.9586531442307693 0.5791098125 0.974872076923077 0.6042885 0.9877786923076923 0.602461014423077 0.9907483557692308 0.6126137091346154 0.9994289110576923 0.6323099423076923 0.9995431298076922 0.64205653125 0.9990862572115385 0.6544428197115385 0.9897203942307692 0.6312946706730769 0.9603664110576923
8 0.5521036394230769 0.9210754759615385 0.5545402860576923 0.9273574567307693 0.5780945408653846 0.9518000721153845 0.59169915625 0.9489446274038461 0.5835769975961539 0.9440332596153845 0.5864197524038461 0.9377512788461538 0.5805311899038462 0.9320403870192308 0.5606319038461538 0.916278326923077 0.5521036394230769 0.9210754759615385
2 0.5021523725961539 0.8270741947115384 0.5478395072115385 0.927471673076923 0.5531189086538462 0.9270148028846154 0.5527128004807692 0.9226745240384615 0.5080409350961539 0.8239903149038461 0.5021523725961539 0.8270741947115384
13 0.48103476201923073 0.7082876466346154 0.49301494471153845 0.7006350504807692 0.4964668605769231 0.6926398028846154 0.49606075480769235 0.6862436033653846 0.486111110576923 0.6743649495192308 0.45991715384615384 0.6705957596153845 0.4430636778846154 0.6769919591346153 0.43778427644230766 0.6882995240384615 0.44184535336538466 0.6993786538461539 0.45646523798076927 0.7076023389423077 0.46438434134615386 0.7090871706730769 0.48103476201923073 0.7082876466346154
0 0.4783950625 0.7820723677884616 0.5033706947115385 0.7383269375 0.47758284615384616 0.7272478076923077 0.47230344471153846 0.7288468557692307 0.46438434134615386 0.72644828125 0.4586988293269231 0.7290752932692308 0.4562621826923077 0.7265625 0.45463775240384613 0.7206231730769231 0.4455003245192308 0.7155975865384616 0.40955977884615385 0.7060032884615384 0.4063109158653846 0.7065743798076922 0.38539636057692306 0.7478070168269231 0.44732781009615386 0.7676809206730769 0.45199805048076924 0.76950840625 0.4783950625 0.7820723677884616
13 0.40549869951923073 0.6697962355769231 0.3927063028846154 0.6663696995192308 0.3795077980769231 0.6692251466346154 0.37219785576923076 0.6800758413461538 0.3724009086538462 0.6912691874999999 0.3809291754807692 0.6999497451923078 0.3920971418269231 0.7042900216346154 0.4048895384615384 0.701320358173077 0.4097628341346154 0.6968658629807692 0.41483918028846156 0.6880710889423077 0.4121994807692308 0.6761924350961538 0.40549869951923073 0.6697962355769231
13 0.38275666105769235 0.7784173966346154 0.38681773798076924 0.7778463076923077 0.39006660096153845 0.7714501105769231 0.3870207932692308 0.7619700288461538 0.37544671875 0.7537463461538461 0.362857375 0.7488349783653846 0.3500649783653846 0.7507766802884616 0.3441764134615385 0.7555738293269231 0.34377030528846153 0.7593430192307692 0.35899935096153845 0.7799022283653846 0.36610623798076924 0.781158625 0.3756497716346154 0.7816154975961538 0.37991390625 0.7809301899038462 0.38275666105769235 0.7784173966346154
9 0.38580246875 0.7918951033653846 0.38032001201923077 0.7877832596153845 0.38316276923076925 0.7846993798076922 0.37991390625 0.7810444086538462 0.37585282692307687 0.7820723677884616 0.36671539903846156 0.7813870625000001 0.36062378125000005 0.7803591009615385 0.3573749182692308 0.7880116947115384 0.36001462019230773 0.7960069447115384 0.36610623798076924 0.8014894014423077 0.37585282692307687 0.798976608173077 0.38478719951923074 0.7962353798076923 0.38580246875 0.7918951033653846
0 0.5437784278846154 0.790867141826923 0.4948424302884616 0.7596856730769231 0.4781920072115385 0.7825292403846155 0.4493583485576923 0.7693941874999999 0.4351445745192307 0.7635690793269231 0.41098115625000003 0.7824150216346154 0.44164230048076925 0.8077713822115384 0.4729126057692307 0.82810215625 0.4919996754807692 0.8355263149038462 0.5437784278846154 0.790867141826923
2 0.5138016514423077 0.7619756706730769 0.6585966514423076 0.7872446033653847 0.6593988413461538 0.7840859855769231 0.5158071225961538 0.7572377451923077 0.5134005576923077 0.7606219759615385 0.5138016514423077 0.7619756706730769
2 0.6168828557692307 0.8278553894230769 0.620893798076923 0.8249223894230769 0.5005655432692308 0.7529510504807693 0.4977578822115385 0.756786514423077 0.6168828557692307 0.8278553894230769
2 0.6064544086538461 0.8210869254807692 0.519015875 0.7694209807692308 0.51781259375 0.7725795961538461 0.6610032163461538 0.8614720961538461 0.6666185360576923 0.8583134783653846 0.6064544086538461 0.8210869254807692
7 0.6557889927884616 0.9025341129807691 0.6678218173076923 0.9108818846153847 0.6858710552884616 0.9086257307692308 0.6975027884615385 0.8847104903846154 0.6930907524038462 0.8772651802884616 0.6565911802884615 0.8630514038461539 0.6361353774038462 0.8745577932692308 0.6309211538461538 0.88967403125 0.6557889927884616 0.9025341129807691
13 0.7615716850961539 0.8265232620192309 0.7716049375 0.8277326274038461 0.7813993052884616 0.8243732788461539 0.7876103653846154 0.8200733149038462 0.7890436875 0.8183264543269231 0.7909547836538462 0.8144296105769231 0.7825937379807691 0.8094577740384616 0.7661105384615384 0.810532766826923 0.7560772836538461 0.8191326971153846 0.7615716850961539 0.8265232620192309
7 0.24525729807692306 0.7434353846153846 0.2576794206730769 0.7332229663461539 0.2446202644230769 0.7228313846153847 0.23124259374999998 0.7201439062499999 0.21913898798076922 0.7264146875 0.2213685985576923 0.7353729495192307 0.2388869783653846 0.7427187259615384 0.24525729807692306 0.7434353846153846
13 0.23053931009615386 0.8045321634615384 0.21754386057692307 0.802192983173077 0.21728394951923077 0.8010233918269231 0.21962313221153848 0.7956140360576923 0.21390513221153845 0.7929824567307692 0.2048083173076923 0.7948830408653845 0.1985705 0.8074561394230769 0.2014295 0.8089181298076924 0.2126055889423077 0.8121345024038462 0.22378167548076922 0.8127192980769231 0.22949967548076922 0.8122807019230769 0.23339831009615386 0.8059941514423077 0.23053931009615386 0.8045321634615384
9 0.3233268365384615 0.8162280697115385 0.3241065625 0.8225146201923077 0.3324236514423077 0.8276315793269231 0.3423001947115385 0.8293859639423077 0.35217673798076926 0.8276315793269231 0.3552956466346154 0.8230994158653846 0.3550357379807692 0.8156432740384615 0.3482781033653846 0.8108187139423078 0.3334632884615385 0.8114035096153847 0.3233268365384615 0.8162280697115385
9 0.4478232620192308 0.8938596490384616 0.4647173485576923 0.8875730985576923 0.4647173485576923 0.8770467836538463 0.4475633533653846 0.8681286538461539 0.43300844711538466 0.8764619879807692 0.43430799278846155 0.888888889423077 0.4444444447115385 0.8940058485576923 0.4478232620192308 0.8938596490384616
10 0.36465237259615385 0.9280701754807693 0.36777128124999997 0.9266081875 0.36777128124999997 0.9225146201923077 0.3690708245192308 0.9173976610576923 0.37192982451923073 0.9149122812499999 0.36309291826923074 0.9128654975961539 0.3586744639423077 0.91330409375 0.35009746634615385 0.9152046778846153 0.34256010336538456 0.9195906442307693 0.33866146875 0.9270467836538461 0.34723846634615385 0.9339181298076924 0.35841455528846156 0.9312865504807692 0.36465237259615385 0.9280701754807693
10 0.7578947379807693 0.9858187139423078 0.760753735576923 0.9789473677884615 0.7542560096153846 0.9742690048076923 0.7287849254807692 0.9745614038461539 0.7267056538461538 0.979239766826923 0.7334632884615384 0.9897660817307692 0.7381416514423077 0.99152046875 0.7469785576923077 0.9891812860576923 0.7578947379807693 0.9858187139423078
8 0.7228070168269232 0.9676900576923076 0.7144899278846153 0.9644736850961538 0.664327485576923 0.9697368413461539 0.6640675769230769 0.9769005841346154 0.6690058485576924 0.9823099423076923 0.6869395721153846 0.9802631586538462 0.7048732932692308 0.9789473677884615 0.7139701105769232 0.9764619879807692 0.7220272908653846 0.9761695913461538 0.7248862908653847 0.9738304086538462 0.7308641971153846 0.9725146201923077 0.7339831057692308 0.9704678365384616 0.7287849254807692 0.9684210528846153 0.7228070168269232 0.9676900576923076
7 0.5026640673076923 0.955847954326923 0.5141000649038461 0.9615497067307692 0.5211176081730768 0.9577485384615384 0.5094217019230769 0.9483918125 0.5024041586538461 0.9372807019230769 0.4982456129807692 0.9333333341346154 0.48758934374999996 0.9356725144230769 0.4774528918269231 0.9384502932692308 0.4688758942307692 0.9374269014423077 0.46965562019230767 0.9290935673076923 0.4717348918269231 0.9178362572115385 0.47615334615384614 0.9103801177884615 0.4701754375 0.90847953125 0.4667966201923077 0.9043859639423076 0.4561403509615385 0.9008771923076923 0.4571799879807692 0.9062865504807692 0.44860298798076925 0.9081871346153847 0.45432098798076925 0.9163742692307693 0.4449642620192308 0.90847953125 0.4473034447115385 0.9204678365384615 0.45354125961538466 0.93347953125 0.449642625 0.9404970769230769 0.4483430793269231 0.9456140360576922 0.4509421706730769 0.9573099423076923 0.45769980528846155 0.9676900576923076 0.4654970769230769 0.9738304086538462 0.45821962259615384 0.9750000000000001 0.4478232620192308 0.9713450288461538 0.44652371634615384 0.98347953125 0.4717348918269231 0.98830409375 0.5089018846153845 0.9948830408653847 0.5151397019230769 0.9948830408653847 0.5141000649038461 0.9894736850961539 0.5076023389423077 0.9790935673076924 0.497985704326923 0.9729532163461538 0.48888888942307696 0.9678362572115385 0.46965562019230767 0.9570175432692308 0.47355425721153843 0.955847954326923 0.47563352884615384 0.9513157884615384 0.4829109807692307 0.9502923966346154 0.48758934374999996 0.945760233173077 0.49330734134615384 0.9406432740384615 0.4907082524038462 0.9507309951923077 0.5026640673076923 0.955847954326923
8 0.37374918749999997 0.8668128653846154 0.36439246153846155 0.8703216370192308 0.4090968173076923 0.9276315793269231 0.4137751778846154 0.9264619879807692 0.41195581490384614 0.9160818701923077 0.37374918749999997 0.8668128653846154
13 0.4163742692307692 0.914327485576923 0.4137751778846154 0.9153508774038461 0.4137751778846154 0.9238304086538461 0.4213125408653846 0.9264619879807692 0.4252111754807692 0.9349415216346154 0.42625081249999996 0.9393274855769231 0.4155945408653846 0.9441520456730769 0.41689408653846155 0.9533625721153847 0.42365172115384614 0.9559941514423076 0.4345679014423077 0.9543859639423077 0.4361273557692308 0.9599415216346153 0.43846653605769226 0.9619883052884616 0.4447043533653846 0.9637426899038462 0.4501624423076923 0.9621345024038461 0.44808317067307696 0.95 0.4517218966346154 0.9387426899038461 0.4501624423076923 0.927192983173077 0.44600389903846155 0.9209064326923078 0.4415854447115385 0.9201754375 0.4441845360576923 0.91652046875 0.42339181249999996 0.912280701923077 0.41819363221153844 0.9078947379807693 0.41403508653846155 0.9115497067307692 0.4163742692307692 0.914327485576923
6 0.37192982451923073 0.957456139423077 0.39558154567307696 0.9640350865384615 0.4155945408653846 0.9625730985576924 0.42027290384615384 0.955847954326923 0.4155945408653846 0.9533625721153847 0.4153346322115385 0.9435672524038462 0.4239116298076923 0.9381578942307692 0.42313190384615385 0.9339181298076924 0.4205328125 0.927192983173077 0.41117608894230767 0.9285087716346154 0.40649772596153844 0.9267543870192309 0.402859 0.9179824567307692 0.3966211826923077 0.9147660817307692 0.387004548076923 0.9150584783653847 0.36855100721153844 0.91652046875 0.3628330096153846 0.9540935673076922 0.37192982451923073 0.957456139423077
7 0.21780376923076925 0.9289473677884617 0.21572449759615384 0.9258771923076924 0.19623131971153845 0.9393274855769231 0.20740740625 0.955847954326923 0.21754386057692307 0.9733918125 0.2385964903846154 0.9820175432692307 0.25185185096153845 0.9774853798076923 0.2783625721153846 0.98508771875 0.2783625721153846 0.9826023389423076 0.2536712139423077 0.9437134495192308 0.23313840144230769 0.9469298245192307 0.21780376923076925 0.9289473677884617
6 0.3893437307692308 0.96330409375 0.36231318990384614 0.9543859639423077 0.3641325528846154 0.9437134495192308 0.36101364423076926 0.9435672524038462 0.3581546466346154 0.946783625 0.35919428125 0.9498538004807693 0.3571150096153846 0.9519005841346153 0.3539961009615385 0.9608187139423077 0.3576348269230769 0.9666666658653846 0.36803118990384615 0.972222221153846 0.36725146153846155 0.9748538004807692 0.3721897331730769 0.9820175432692307 0.3831059134615385 0.9836257307692308 0.3893437307692308 0.96330409375
13 0.4096166346153846 0.8941520456730768 0.4220922668269231 0.9010233918269231 0.44002599038461543 0.9059941514423078 0.4462638076923077 0.9080409350961538 0.4551007139423077 0.9059941514423078 0.45536062259615384 0.9016081875 0.45432098798076925 0.8975146201923077 0.41403508653846155 0.8839181298076924 0.41091618028846155 0.8814327475961539 0.40259909134615385 0.8862573100961538 0.4096166346153846 0.8941520456730768
4 0.31909102163461533 0.8378971081730769 0.30135398557692306 0.8464912283653846 0.30047591346153846 0.8563695264423077 0.3043394278846154 0.8580488389423077 0.30556872596153845 0.8558756129807693 0.32260330528846154 0.8506401129807692 0.3275205024038461 0.8489608028846154 0.3310327860576923 0.8457009639423076 0.3410427980769231 0.8422435600961538 0.3364768269230769 0.8426386923076923 0.33015471634615384 0.8428362572115385 0.3261155889423077 0.8410581634615385 0.32980348798076925 0.8399715504807692 0.3355987572115385 0.8392800697115385 0.3384085841346154 0.8351311826923078 0.3413940264423077 0.8294017692307692 0.3348963004807692 0.8281175913461538 0.33261331490384616 0.8319701274038462 0.31909102163461533 0.8378971081730769
6 0.23953778365384615 0.9226529158653847 0.2634213173076923 0.9379642812500001 0.26693360096153845 0.9261103197115385 0.2697434278846154 0.9162320216346154 0.27869975240384615 0.9130709663461538 0.274660625 0.90615615625 0.27501185336538464 0.901809704326923 0.2639481586538462 0.89380828125 0.2520063918269231 0.8957839423076923 0.24410375240384616 0.9085269471153846 0.23953778365384615 0.9226529158653847
6 0.3210227764423077 0.9289750264423078 0.3378817403846154 0.9222577836538461 0.3456087668269231 0.9165283701923077 0.35035035096153844 0.9128733990384615 0.33963788221153846 0.900821875 0.32910103124999995 0.9007230913461538 0.32488629086538456 0.9102062596153846 0.32734488942307693 0.9178125504807693 0.32365699038461543 0.9164295865384615 0.32049593509615387 0.9186028125000001 0.3131201370192308 0.9173186346153847 0.30802732451923076 0.9148490600961539 0.2880073052884615 0.9198869927884614 0.27413378365384616 0.9239370961538461 0.2804558942307692 0.9316421682692309 0.2851974783653846 0.9305555552884616 0.2899390625 0.9363837524038462 0.3210227764423077 0.9289750264423078
4 0.25428937740384616 0.8535048197115385 0.2532356923076923 0.8562707451923077 0.2614895600961539 0.8616050264423076 0.26693360096153845 0.8614074591346154 0.27360693990384616 0.8488620192307692 0.2632457019230769 0.8441204350961539 0.25428937740384616 0.8535048197115385
7 0.19016677403846155 0.6575292403846155 0.18540177644230768 0.6516812860576924 0.17478882451923078 0.6508284591346154 0.1659085985576923 0.6591130600961539 0.16850768990384615 0.663255360576923 0.1678579158653846 0.6667884999999999 0.17652155048076923 0.6691033149038461 0.1877842764423077 0.6694688100961539 0.19016677403846155 0.6678849903846154 0.19168291105769233 0.663255360576923 0.19016677403846155 0.6575292403846155
4 0.6950400697115384 0.6821393774038461 0.692224389423077 0.687012670673077 0.6813948461538462 0.6901803125 0.6712150745192308 0.6924951274038461 0.6740307572115385 0.7005360625 0.6835607548076923 0.7107699807692308 0.6959064326923077 0.7084551658653846 0.7086852932692308 0.7052875240384615 0.7110677932692308 0.7001705649038462 0.7073857475961538 0.6950536057692307 0.7086852932692308 0.6907894735576924 0.7045700673076923 0.6868908389423076 0.6993718870192308 0.68615984375 0.6998050673076922 0.6843323581730769 0.6950400697115384 0.6821393774038461
4 0.6768464375000001 0.7044346971153845 0.6740307572115385 0.7162524374999999 0.7006714326923077 0.7244152043269231 0.7112843846153846 0.7160087716346154 0.7134502932692308 0.7060185192307693 0.7073857475961538 0.7051656923076923 0.6848602980769231 0.7107699807692308 0.6768464375000001 0.7044346971153845
4 0.6439246274038462 0.6613060432692308 0.6276803125 0.6665448341346154 0.6073207716346154 0.6737329447115384 0.6060212259615384 0.6838450288461538 0.621615766826923 0.6898148149038461 0.6389430360576923 0.6918859639423077 0.6554039423076923 0.6862816754807692 0.6506389423076923 0.6817738798076923 0.6601689399038461 0.6803118918269231 0.6720814374999999 0.6726364519230769 0.6614684855769231 0.6643518509615384 0.6439246274038462 0.6613060432692308
2 0.9135802475961537 0.7151559447115384 0.9159627451923077 0.7202729038461538 0.9259259254807692 0.7240497067307692 0.9235434254807693 0.7314814807692307 0.9363222860576923 0.7373294350961538 0.9469352403846153 0.73830409375 0.9579813725961538 0.7224658870192309 0.944985920673077 0.713572125 0.9339397884615385 0.7171052620192307 0.9198613822115385 0.7138157884615384 0.9135802475961537 0.7151559447115384
2 0.7725795961538461 0.6296296298076923 0.7626164182692308 0.6223196875 0.7455057403846154 0.6232943461538463 0.7227636995192307 0.6410818701923078 0.7130171105769231 0.6505847956730769 0.7201646081730769 0.6598440552884616 0.7153996105769231 0.6644736850961538 0.7192982451923077 0.6671539951923078 0.724929608173077 0.6665448341346154 0.7322936971153846 0.6631335288461538 0.7457223293269231 0.6631335288461538 0.7611002812500001 0.6515594543269232 0.7734459615384615 0.6425438605769231 0.776478233173077 0.6343810913461538 0.7725795961538461 0.6296296298076923
7 0.59021009375 0.6585038990384615 0.5852285024038462 0.6644736850961538 0.5932423653846154 0.6678849903846154 0.5980073653846154 0.6732456129807692 0.6066709975961538 0.6732456129807692 0.6283300841346153 0.66544834375 0.6341780384615384 0.6615497067307692 0.633311673076923 0.6498538004807692 0.6207494038461537 0.6455896682692307 0.6036387259615384 0.6487573100961538 0.59021009375 0.6585038990384615
4 0.5624864639423077 0.6722709543269231 0.5614035096153847 0.6723927884615384 0.5536062379807692 0.6673976610576923 0.5349794230769231 0.6616715408653846 0.5159194278846153 0.6689814807692307 0.5243664711538462 0.6775097475961539 0.5334632884615385 0.6788499014423077 0.5317305600961538 0.6817738798076923 0.5462421490384616 0.69785575 0.5570716923076924 0.6988304086538462 0.5655187355769231 0.6922514615384615 0.5663850985576923 0.6844541899038461 0.5624864639423077 0.6722709543269231
7 0.5111544302884615 0.6759259254807692 0.5111544302884615 0.6705653028846155 0.5063894302884615 0.6693469783653847 0.5135369278846154 0.6693469783653847 0.5230669254807693 0.6658138389423077 0.5144032932692307 0.6642300192307692 0.5083387475961538 0.6591130600961539 0.5074723846153846 0.6472953221153847 0.4773662548076923 0.63535575 0.4743339831730769 0.6215886947115384 0.4645873942307693 0.6242690048076922 0.4507255793269231 0.6237816754807692 0.4485596706730769 0.6152534110576923 0.4344812644230769 0.61598440625 0.4474767163461539 0.63669590625 0.4559237596153846 0.6391325528846153 0.4561403509615385 0.650219298076923 0.4561403509615385 0.6620370360576923 0.4702187572115385 0.6712962956730769 0.48992852403846154 0.6773879134615384 0.5001082956730769 0.6801900576923077 0.5111544302884615 0.6759259254807692
13 0.3461121947115385 0.63401559375 0.3430799230769231 0.6313352836538461 0.33549924278846155 0.6319444447115384 0.3316006057692308 0.6347465889423076 0.33398310576923074 0.6464424951923077 0.35066060096153845 0.6460769975961539 0.3532596923076923 0.6437621826923077 0.35044401201923076 0.6424220264423077 0.3461121947115385 0.638888889423077 0.3461121947115385 0.63401559375
7 0.3612735552884615 0.6239035096153847 0.3515269663461539 0.6243908389423076 0.34394628605769234 0.6232943461538463 0.35347628365384615 0.6317007788461539 0.3508771923076923 0.650219298076923 0.35520900961538465 0.6561890841346153 0.3612735552884615 0.6591130600961539 0.37318605048076925 0.6586257307692308 0.3697205985576923 0.656920076923077 0.3703703701923077 0.6547270961538462 0.37361923317307694 0.6525341129807691 0.37621832451923076 0.6488791418269231 0.37665150480769233 0.6454678365384615 0.37665150480769233 0.6387670552884616 0.37990036778846153 0.6396198822115384 0.3814165048076923 0.6394980504807692 0.37925059615384615 0.6321881081730769 0.3727528701923077 0.625852826923077 0.3612735552884615 0.6239035096153847
0 0.3744855961538462 0.6594785576923077 0.3658219615384616 0.659722221153846 0.36755468990384615 0.6648391802884616 0.3742690048076923 0.6637426899038462 0.37383582451923075 0.675316764423077 0.38163309615384616 0.6683723197115385 0.39094650240384615 0.6658138389423077 0.3974442283653846 0.656920076923077 0.39636127403846155 0.6386452235576924 0.36495559855769233 0.6076998052884616 0.3632228725961539 0.6240253413461538 0.3749187788461539 0.6267056538461537 0.3786008221153846 0.6319444447115384 0.38184968509615386 0.6387670552884616 0.3803335504807693 0.6398635480769231 0.3775178677884616 0.638888889423077 0.37665150480769233 0.6451023389423077 0.37665150480769233 0.649244639423077 0.37383582451923075 0.6526559447115384 0.3703703701923077 0.6548489278846154 0.36928741586538466 0.656920076923077 0.37318605048076925 0.6580165697115384 0.3744855961538462 0.6594785576923077
0 0.3597574182692308 0.6926169591346153 0.3528265096153846 0.6971247572115384 0.34178037740384615 0.7037037043269231 0.3484946947115385 0.7507309951923078 0.3634394639423077 0.7482943461538463 0.3610569639423077 0.7242933725961538 0.3627896899038462 0.7057748533653846 0.3597574182692308 0.6926169591346153
0 0.1119774735576923 0.6687378173076923 0.10699588461538462 0.6678849903846154 0.09226770673076924 0.6838450288461538 0.10937838461538461 0.6860380120192308 0.11674247355769231 0.6783625721153845 0.11067793028846154 0.675316764423077 0.11262724759615385 0.6737329447115384 0.11024474759615385 0.6725146201923077 0.1119774735576923 0.6687378173076923
6 0.30106129567307693 0.7679093557692307 0.3030106129807692 0.7665692019230769 0.3004115216346154 0.762183235576923 0.28438379807692304 0.7624269014423077 0.27225471153846154 0.7654727091346154 0.28005198076923077 0.7976364519230769 0.2871994807692308 0.8094541899038461 0.3001949326923077 0.81115984375 0.31319038221153844 0.8109161802884616 0.31535629326923076 0.79812378125 0.31210743028846155 0.7898391802884616 0.30647606730769233 0.7854532163461538 0.29781243269230767 0.7827729038461538 0.29737925 0.7750974663461538 0.30084470432692306 0.7715643269230769 0.30106129567307693 0.7679093557692307
8 0.3638726442307692 0.8267543870192308 0.35347628365384615 0.8276072115384616 0.351310375 0.8333333341346154 0.3474117379807692 0.837719298076923 0.3474117379807692 0.8416179326923078 0.3469785576923077 0.8441764134615385 0.34632878605769235 0.8464912283653846 0.35109378365384614 0.8484405456730768 0.3541260552884615 0.8458820673076922 0.36062378125000005 0.8416179326923078 0.3599740096153846 0.8368664711538462 0.36517218990384614 0.8335769975961539 0.3686376442307692 0.831384014423077 0.3638726442307692 0.8267543870192308
6 0.9384859639423078 0.3590613125 0.9003034495192307 0.35114849038461543 0.8132205264423077 0.43969675 0.8252781634615385 0.4468559711538462 0.8493934350961538 0.43988515144230766 0.8648004134615385 0.42933472115384613 0.903317858173077 0.3939154158653846 0.9384859639423078 0.3590613125
8 0.5935036129807693 0.48962289663461533 0.6139346081730769 0.5028109350961538 0.6189586225961539 0.4858548870192308 0.6099153966346154 0.48095647115384615 0.5935036129807693 0.48962289663461533
8 0.5935036129807693 0.5058253461538461 0.5978577596153847 0.5086513533653846 0.6109201995192307 0.5071441490384616 0.6115900673076923 0.5013037307692307 0.5991974975961538 0.49357931009615386 0.5935036129807693 0.5058253461538461
6 0.43708928605769226 0.43988515144230766 0.42938579807692306 0.44063875240384615 0.42469671634615386 0.4355519375 0.4169932283653846 0.42010309375 0.40359585576923074 0.42481310576923076 0.4756067331730769 0.50073853125 0.48498489423076924 0.49885452403846153 0.48498489423076924 0.49565171634615385 0.4655587043269231 0.46908723798076923 0.43708928605769226 0.43988515144230766
8 0.44345303846153844 0.4240595048076923 0.42436178365384614 0.42707391346153845 0.4260364543269231 0.43536353846153847 0.4290508629807693 0.4393199495192308 0.43976876201923076 0.43800114663461537 0.4498167908653846 0.4355519375 0.4518263966346154 0.4327259302884615 0.4578552139423077 0.431407125 0.4642189663461539 0.43084192548076927 0.4642189663461539 0.42669711298076923 0.45149146153846154 0.4274507139423077 0.44345303846153844 0.4240595048076923
7 0.36273386778846156 0.5506646778846154 0.3590495913461539 0.5574470961538461 0.35302077163461537 0.5640411177884616 0.36340373557692307 0.5725191418269231 0.36742294951923077 0.5757219519230768 0.37110722596153844 0.5719539399038461 0.38584433653846156 0.5653599206730769 0.38852381009615383 0.5597079038461539 0.3908683509615385 0.5578238990384615 0.3804853870192308 0.5548094903846154 0.3684277524038461 0.5455778629807692 0.36273386778846156 0.5506646778846154
8 0.2960819375 0.4342331346153846 0.3041203629807692 0.4329143293269231 0.3064649014423077 0.4310303245192308 0.3088094423076923 0.42839271634615383 0.3064649014423077 0.42481310576923076 0.29574700480769234 0.42274069951923077 0.28636884375 0.4276391153846154 0.2907229903846154 0.43347953125 0.2960819375 0.4342331346153846
7 0.7103956923076923 0.6231988918269231 0.7214485240384616 0.6233872908653846 0.7281472091346154 0.62885090625 0.7294869471153846 0.6309233125 0.7432192548076924 0.6228220889423077 0.7569515625 0.6188656778846154 0.7492480721153847 0.6175468749999999 0.7375253701923078 0.6069964423076923 0.7586262331730769 0.5971996153846153 0.7683393293269231 0.5939968052884615 0.7639851826923076 0.5864607836538461 0.7542720865384616 0.5762871514423077 0.7241279975961539 0.5779827572115385 0.7167594423076923 0.5815623677884616 0.7157546418269232 0.5843883774038462 0.7060415456730769 0.5832579735576923 0.7023572668269231 0.5843883774038462 0.6983380552884615 0.5928664014423076 0.6919743028846154 0.600402423076923 0.6923092379807693 0.6066196418269231 0.6946537788461539 0.6181120745192307 0.6969983197115385 0.6224452884615383 0.7073812836538462 0.6245176947115384 0.7103956923076923 0.6231988918269231
2 0.5124495096153846 0.4287695192307692 0.5168036538461538 0.4419575576923077 0.5221626033653846 0.4427111586538462 0.5251770120192307 0.43988515144230766 0.5235023413461538 0.4310303245192308 0.5214927355769231 0.4306535240384616 0.52316740625 0.42688551201923075 0.5295311586538461 0.42349430288461537 0.5312058293269231 0.4189726899038462 0.5285263557692308 0.4074802548076923 0.52986609375 0.4016398389423077 0.5191481947115385 0.4008862355769231 0.5087652307692307 0.4018282379807693 0.5077604278846154 0.40842225721153846 0.5080953629807692 0.4238711033653846 0.5124495096153846 0.4287695192307692
8 0.6517718798076924 0.4199842548076923 0.6500224927884616 0.41731331490384616 0.6365272163461538 0.4154858293269231 0.6322787019230769 0.41857849759615384 0.6312790528846153 0.4257478629807692 0.6287799278846153 0.42884053125 0.6305293149038461 0.43347953125 0.6275303653846154 0.4392431394230769 0.6280301899038462 0.44275753605769236 0.6337781778846154 0.44711538461538464 0.6375268653846154 0.44880229326923077 0.6412755528846154 0.44655308173076924 0.6457739783653846 0.4414923533653846 0.6467736298076924 0.4360098966346154 0.6500224927884616 0.4265913173076923 0.6517718798076924 0.4199842548076923
10 0.6732643581730768 0.3451979302884615 0.6707652331730769 0.3426675673076923 0.6635177692307692 0.3412618076923077 0.653521266826923 0.34365159615384616 0.6532713557692307 0.34547908173076924 0.6527715288461539 0.3525078725961538 0.6527715288461539 0.3575686009615385 0.6587694302884616 0.35883378365384616 0.6652671562500001 0.35770917788461537 0.6745139206730768 0.3553193870192307 0.6730144447115385 0.3491340528846154 0.6732643581730768 0.3451979302884615
8 0.6607687307692308 0.3783738197115385 0.6542710048076923 0.3827316682692308 0.648523016826923 0.3908850649038461 0.644774329326923 0.3941183076923077 0.6435247668269231 0.39664867307692303 0.6405258173076922 0.40030364423076925 0.6460238918269231 0.40213112980769233 0.652271704326923 0.39903846153846156 0.66026890625 0.3939777331730769 0.6692657572115385 0.38863585336538464 0.6725146201923077 0.3804824567307692 0.6687659326923078 0.3773897884615385 0.6607687307692308 0.3783738197115385
8 0.6530214423076923 0.37514057692307695 0.6560203918269232 0.37401596875 0.6600189927884615 0.3692363918269231 0.6620182932692308 0.36867408894230774 0.66026890625 0.3668466033653846 0.6542710048076923 0.3671277548076923 0.6442745048076923 0.3650191177884615 0.6285300144230769 0.3658625721153846 0.6222822019230769 0.3683929375 0.6170340384615384 0.37050157451923077 0.614285 0.37050157451923077 0.6145349134615384 0.3745782716346154 0.61928325 0.37668690865384613 0.6320287908653845 0.37584345432692307 0.6445244158653847 0.3747188485576923 0.6530214423076923 0.37514057692307695
8 0.6172839495192307 0.4040991899038462 0.6300294903846153 0.4036774639423077 0.6377767788461538 0.39917903846153846 0.6412755528846154 0.39692982451923076 0.6427750288461538 0.39454003605769233 0.6377767788461538 0.39369658173076927 0.6220322884615384 0.3906039134615385 0.6120357884615385 0.3932748533653846 0.5970410360576923 0.3932748533653846 0.5822961971153846 0.3946806129807693 0.5762982956730769 0.4005847956730769 0.5802968966346154 0.4064889783653846 0.5847953221153847 0.4077541610576923 0.5917928725961539 0.4055049471153846 0.5987904230769231 0.40634840384615384 0.6075373629807692 0.40381803846153846 0.6172839495192307 0.4040991899038462
8 0.6217823774038462 0.3896198822115385 0.6275303653846154 0.3889170048076923 0.6342780024038461 0.38933873076923076 0.6367771274038462 0.3828722451923077 0.6287799278846153 0.3783738197115385 0.6190333389423077 0.3796390024038461 0.6125356129807693 0.38174763942307693 0.6045384110576923 0.3818882139423077 0.5985405096153846 0.3830128197115385 0.5915429591346154 0.38638663942307694 0.5875443581730769 0.38723009375 0.5872944471153846 0.39004161057692305 0.5930424350961538 0.39102564182692306 0.5955415600961539 0.3929937019230769 0.6060378870192308 0.39369658173076927 0.6132853509615385 0.39172851923076923 0.6217823774038462 0.3896198822115385
2 0.6085370120192308 0.36572199759615387 0.619783076923077 0.36347278365384617 0.6190333389423077 0.36136414663461536 0.6190333389423077 0.35068038701923077 0.61928325 0.3404183533653846 0.6160343870192307 0.33634165625 0.6135352620192308 0.3290317139423077 0.6122856995192307 0.32158119711538463 0.6037886730769231 0.32270580288461537 0.6022891995192308 0.33128092788461544 0.5980406850961538 0.33816914182692304 0.5980406850961538 0.3502586586538462 0.5957914735576924 0.36066126923076924 0.5972909471153847 0.3644568149038462 0.6085370120192308 0.36572199759615387
2 0.5955415600961539 0.3600989663461539 0.5965412115384615 0.3525078725961538 0.5970410360576923 0.34393274759615383 0.5980406850961538 0.3383097163461538 0.593792173076923 0.3357793509615385 0.5900434855769231 0.3356387764423077 0.5820462836538461 0.33732568509615385 0.5795471586538462 0.3425269903846154 0.5802968966346154 0.3553193870192307 0.5837956706730769 0.3650191177884615 0.5895436586538462 0.3645973918269231 0.5947918221153846 0.3622076033653846 0.5955415600961539 0.3600989663461539
2 0.56580196875 0.33521704807692304 0.5713000456730769 0.34294871875 0.5750487331730769 0.3473065673076923 0.5785475096153846 0.34505735576923074 0.5785475096153846 0.34084008173076924 0.5770480336538462 0.33606050480769234 0.5762982956730769 0.3302968966346154 0.5740490817307692 0.32579847115384614 0.5648023197115385 0.31848852884615386 0.57080021875 0.3183479543269231 0.56205328125 0.30935110096153845 0.5568051177884615 0.308929375 0.5443094903846154 0.3132872235576923 0.5468086177884616 0.31595816346153843 0.5515569543269231 0.32354925721153843 0.5590543317307692 0.33296783653846157 0.56580196875 0.33521704807692304
2 0.49057829807692305 0.3318432307692308 0.48008197115384615 0.33381129086538464 0.4760833701923077 0.3401372019230769 0.48558004807692307 0.34421389903846156 0.4985754975961539 0.35096153846153844 0.5038236610576923 0.3539136298076923 0.5110711250000001 0.3548976610576923 0.5158194639423077 0.3558816923076923 0.5153196370192308 0.3494152043269231 0.5115709495192308 0.3426675673076923 0.4953266346153846 0.3366228076923077 0.49057829807692305 0.3318432307692308
2 0.46883590625000005 0.3298751682692308 0.46808617067307695 0.3183479543269231 0.4673364326923077 0.31047570913461536 0.45958914423076924 0.3086482235576923 0.44859299278846154 0.3110380120192308 0.44509421634615387 0.32860998557692306 0.44859299278846154 0.33606050480769234 0.4493427307692308 0.34379217307692306 0.4505922932692308 0.34955578125 0.45559054326923076 0.34899347836538464 0.45808966826923075 0.34393274759615383 0.46358774519230767 0.33816914182692304 0.46883590625000005 0.3298751682692308
8 0.4041085625 0.4129554663461539 0.4166041875 0.41365834375 0.4226020889423077 0.41604813221153847 0.4263507764423077 0.4128148894230769 0.4188534014423077 0.4055049471153846 0.40360873798076924 0.3974921274038462 0.38386564663461537 0.39172851923076923 0.3756185336538461 0.39903846153846156 0.4041085625 0.4129554663461539
7 0.20892687499999998 0.3997413413461538 0.20967661298076923 0.3973515528846154 0.2181736394230769 0.3903227620192308 0.22292197836538463 0.3796390024038461 0.21467486298076924 0.3716261802884615 0.20442844951923078 0.3747188485576923 0.1959314230769231 0.38357512259615384 0.20217923798076923 0.39158794471153846 0.19218273557692309 0.3952429158653846 0.1719398221153846 0.40578610096153844 0.19118308653846153 0.4083164639423077 0.20367871153846154 0.40466149278846153 0.20892687499999998 0.3997413413461538
7 0.10421352644230769 0.35068038701923077 0.103213875 0.3470254158653846 0.09746588701923077 0.34393274759615383 0.08871894951923077 0.3356387764423077 0.0804718341346154 0.33142150240384616 0.06972559615384616 0.33887201923076926 0.06722647115384615 0.3460413846153846 0.07497375961538462 0.3470254158653846 0.07747288461538462 0.3534919038461538 0.08522017307692308 0.35630341826923073 0.09671614903846154 0.35517881250000005 0.105713 0.3548976610576923 0.10771230048076924 0.3539136298076923 0.10421352644230769 0.35068038701923077
7 0.4128555 0.4337606826923077 0.4031089110576923 0.4275753485576923 0.39711101201923077 0.4243421057692308 0.38611486057692307 0.42546671153846155 0.3778677451923077 0.43151147115384614 0.3826160841346154 0.4407894735576923 0.3888638966346154 0.4476776875 0.39911031009615383 0.4531601442307692 0.4066076875 0.4527384158653846 0.4138551514423077 0.4416329278846154 0.4138551514423077 0.4385402620192308 0.4128555 0.4337606826923077
8 0.24966261778846155 0.46356275240384615 0.25765981971153845 0.46637426923076925 0.2629079831730769 0.4651090865384615 0.2761533461538461 0.44936459855769234 0.2714050072115385 0.4436009903846154 0.2634078076923077 0.4499269014423077 0.24966261778846155 0.46356275240384615
4 0.7824761322115384 0.3350764735576923 0.7739791081730769 0.3426675673076923 0.7799770072115385 0.35307017548076924 0.7897235961538461 0.3633322091346154 0.8069675625 0.3724696346153846 0.8244614375 0.3671277548076923 0.8367071514423077 0.3598178149038462 0.8067176490384615 0.33634165625 0.8032188725961539 0.33802856490384614 0.8023833461538461 0.33836426923076923 0.7967211466346154 0.33268668509615384 0.7859749086538461 0.33606050480769234 0.7824761322115384 0.3350764735576923
7 0.4393462283653846 0.2543859639423077 0.42085270192307694 0.23484592788461536 0.4018593485576923 0.24313990144230768 0.35837456971153847 0.27420715144230773 0.34862798076923074 0.3048526754807692 0.3651222067307692 0.30653958653846153 0.3836157355769231 0.29866734134615386 0.44859299278846154 0.2751911826923077 0.4493427307692308 0.27322312259615383 0.4493427307692308 0.27280139423076927 0.4393462283653846 0.2543859639423077
4 0.6827610336538462 0.29599640144230766 0.6867596346153846 0.2978238870192308 0.6952566610576922 0.2945906442307692 0.6992552596153847 0.3026034639423077 0.7112510625 0.30513382932692307 0.7149997499999999 0.2972615841346154 0.7257459879807692 0.2997919471153846 0.7274953774038462 0.3009165552884615 0.7307442403846154 0.29360661298076923 0.7307442403846154 0.2879835817307692 0.7299945024038461 0.28475033653846155 0.6840105961538462 0.2791273052884615 0.6827610336538462 0.29599640144230766
7 0.49032838461538464 0.14881354086538462 0.49032838461538464 0.1547177235576923 0.49057829807692305 0.16258996875 0.4965761971153846 0.16568263701923075 0.508572 0.16483918028846153 0.5155695504807692 0.16048133173076923 0.5188184134615385 0.15134390384615384 0.5258159639423077 0.14473684134615386 0.5275653533653846 0.14220647836538464 0.506072875 0.1433310841346154 0.4978257620192308 0.1481106610576923 0.49032838461538464 0.14881354086538462
7 0.5205678004807692 0.13559941586538463 0.5255660528846154 0.14009784134615383 0.5330634278846154 0.14558029807692308 0.5405608028846154 0.15050044951923078 0.5508072163461539 0.14614260096153847 0.5580546802884615 0.14037899278846153 0.5698005697115385 0.1364428701923077 0.5638026682692308 0.12955465625 0.5518068677884616 0.12547795673076922 0.5443094903846154 0.11957377403846155 0.5390613293269231 0.11704340865384616 0.5355625528846154 0.11282613461538461 0.5270655264423076 0.11423189423076924 0.5230669254807693 0.12182298798076922 0.5205678004807692 0.13559941586538463
8 0.5058229615384615 0.11929262259615385 0.5025740985576923 0.12674313942307694 0.5038236610576923 0.1282894735576923 0.5153196370192308 0.12238529086538462 0.5205678004807692 0.11887089423076923 0.5248163149038462 0.1153565 0.5305643028846154 0.11142037740384615 0.5308142139423077 0.10931174038461539 0.5273154399038462 0.10551619471153846 0.5200679759615384 0.11001462019230769 0.5058229615384615 0.11929262259615385
8 0.5770480336538462 0.1302575360576923 0.5752986466346154 0.12463450240384615 0.5683010937499999 0.12154183653846154 0.5603038942307692 0.11816801682692309 0.5525566057692308 0.11676225721153846 0.545309141826923 0.1150753485576923 0.5428100168269231 0.11718398557692308 0.5485580048076923 0.12224471394230768 0.5538061682692308 0.12646198798076924 0.5638026682692308 0.1292735048076923 0.5675513581730769 0.13503711298076923 0.5747988197115385 0.13306905048076922 0.5770480336538462 0.1302575360576923
6 0.4273504278846154 0.15050044951923078 0.4390963173076923 0.1440339639423077 0.44359474278846156 0.13841093028846155 0.43359824038461536 0.12955465625 0.4226020889423077 0.12618083653846154 0.4138551514423077 0.12112010817307692 0.402859 0.13292847596153845 0.4136052379807692 0.14319050721153845 0.4273504278846154 0.15050044951923078
8 0.6572699543269231 0.08977170432692307 0.6527715288461539 0.09061515865384616 0.6502724038461539 0.11113922596153847 0.6512720552884615 0.12350989663461538 0.653521266826923 0.12969523076923076 0.6622682067307692 0.12899235336538462 0.6670165432692308 0.12252586538461538 0.66776628125 0.10312640625 0.6607687307692308 0.10453216346153846 0.6610186442307693 0.09764394951923078 0.6572699543269231 0.08977170432692307
2 0.6237816754807692 0.15415542067307691 0.6322787019230769 0.1537336923076923 0.6185335144230769 0.12336931971153847 0.601289548076923 0.12716486778846153 0.6140350865384615 0.1566857860576923 0.6237816754807692 0.15415542067307691
10 0.7782276201923076 0.10158007211538461 0.7817263966346153 0.10073661778846153 0.7899735096153846 0.10228295192307693 0.7969710600961538 0.09862798076923077 0.7944719350961538 0.09145861538461539 0.7824761322115384 0.08583558173076923 0.76848103125 0.09005285576923076 0.7729794567307693 0.09989316346153847 0.7782276201923076 0.10158007211538461