8 0.07709166105769232 0.973362076923077 0.06828118749999999 0.9656184951923077 0.05176154567307693 0.9522995336538462 0.04074844951923077 0.9563261971153847 0.03248862980769231 0.9640697788461539 0.062223985576923074 0.9882297548076924 0.07488904326923077 0.9879200120192307 0.07488904326923077 0.9804861730769231 0.07709166105769232 0.973362076923077
8 0.1222453485576923 0.9845128365384616 0.11618814663461538 0.9842030913461539 0.1002191610576923 0.9910174447115385 0.09911785096153847 0.9990707692307693 0.12389731490384616 0.9987610264423077 0.1222453485576923 0.9845128365384616
7 0.12444796875 0.9792471995192307 0.11343487499999999 0.9578749134615384 0.08039559134615384 0.9687159278846154 0.07378773317307692 0.9900882139423076 0.07764231730769232 0.9972123100961539 0.09471261298076923 0.9931856466346154 0.12444796875 0.9792471995192307
2 0.17015231009615384 0.9451754374999999 0.16354445432692308 0.9718133605769231 0.17841213221153845 0.9792471995192307 0.18391868028846153 0.9739815649038461 0.19383046394230768 0.9563261971153847 0.19272915384615383 0.9492021009615385 0.17015231009615384 0.9451754374999999
2 0.2450413533653846 0.9680964423076923 0.23457891346153847 0.9553969663461538 0.23347760576923077 0.9451754374999999 0.20374225 0.9225641778846154 0.18061475 0.9312369903846154 0.21145141586538463 0.9600431153846153 0.22026189182692307 0.9615918317307692 0.23512956971153848 0.9724328485576923 0.2450413533653846 0.9680964423076923
8 0.26761819711538465 0.9730523341346153 0.25935837740384615 0.9755302812500001 0.25275052163461537 0.977698483173077 0.2488959375 0.9817251466346154 0.23127498557692305 0.9941148774038461 0.23402825961538462 0.9987610264423077 0.24449069951923075 0.9996902572115385 0.2544024855769231 0.993495391826923 0.25990903125 0.9869907812500001 0.26706754326923077 0.9820348894230769 0.2698208173076923 0.9767692548076923 0.26761819711538465 0.9730523341346153
8 0.2896443870192308 0.96685746875 0.2896443870192308 0.9603528605769232 0.27973260096153846 0.9606626033653847 0.2775299831730769 0.9693354158653846 0.27367539903846155 0.9838933485576923 0.27367539903846155 0.995044108173077 0.282485875 0.9969025673076923 0.29129635096153844 0.9947343653846155 0.29129635096153844 0.9869907812500001 0.29294831490384615 0.9770789975961538 0.29184700721153845 0.9708841322115384 0.2896443870192308 0.96685746875
5 0.27312474519230767 0.9922564182692307 0.2604596875 0.9882297548076924 0.25054790144230765 0.9987610264423077 0.2764286730769231 0.9996902572115385 0.27312474519230767 0.9922564182692307
8 0.33810200240384614 0.9975220528846154 0.37334390625 0.9990707692307693 0.3887622379807692 0.9842030913461539 0.39316747596153845 0.9742913076923077 0.3893128942307692 0.9718133605769231 0.37885045432692305 0.9557067115384614 0.3645334302884615 0.9609723461538462 0.3496657524038461 0.9835836057692308 0.33810200240384614 0.9975220528846154
7 0.502747766826923 0.9677866995192308 0.5077036586538461 0.9789374567307692 0.5214700288461539 0.9804861730769231 0.5242233004807693 0.9770789975961538 0.5297298485576923 0.9736718197115385 0.5418442524038461 0.9656184951923077 0.5456988365384615 0.9526092764423078 0.5401922884615384 0.9439364663461538 0.5286285384615385 0.9417682620192308 0.5093556225961539 0.9538482500000001 0.4900827091346154 0.9615918317307692 0.4895320528846154 0.9724328485576923 0.502747766826923 0.9677866995192308
8 0.2968028990384615 0.9600431153846153 0.30616402884615385 0.9591138870192307 0.3149745048076923 0.9560164543269232 0.31772777884615383 0.9464144110576923 0.32708890865384616 0.9284493004807692 0.33369676442307694 0.9107939350961539 0.3265382548076923 0.902121122596154 0.3276395625 0.8974749735576922 0.31882908653846154 0.8953067692307692 0.31222123076923075 0.9008821490384615 0.3017587908653846 0.9061477836538461 0.29294831490384615 0.9238031514423077 0.28138456730769235 0.9532287644230769 0.2968028990384615 0.9600431153846153
2 0.4939372908653846 0.8993334326923077 0.48677878125 0.8915898509615385 0.48072157692307693 0.8782708894230769 0.4719111033653846 0.8801293485576923 0.4702591370192308 0.8990236899038462 0.4708097932692308 0.9234934086538461 0.4873294350961539 0.9281395576923077 0.49724121875000005 0.9244226394230769 0.49613991105769234 0.9154400841346154 0.4939372908653846 0.8993334326923077
7 0.6194865697115385 0.9473436418269231 0.5985616899038462 0.9975220528846154 0.6740013870192307 0.9996902572115385 0.7208070384615385 0.9823446322115384 0.7301681706730769 0.9544677379807692 0.7219083485576923 0.9405292884615384 0.6773053173076923 0.9405292884615384 0.6194865697115385 0.9473436418269231
8 0.7428332283653846 0.9721231033653847 0.7329214423076924 0.9817251466346154 0.7329214423076924 0.9876102692307692 0.7263135865384616 0.9913271875 0.740630610576923 0.9972123100961539 0.7439345384615385 0.9913271875 0.7610048341346154 0.9807959158653846 0.7709166201923078 0.9715036177884616 0.78027775 0.9656184951923077 0.7621061442307693 0.9553969663461538 0.7428332283653846 0.9721231033653847
8 0.8138676899038462 0.9789374567307692 0.7907401899038462 0.9783179711538461 0.7588022163461539 0.9885394975961539 0.7450358485576923 0.9922564182692307 0.7472384663461539 0.9987610264423077 0.7654100721153847 0.9996902572115385 0.7940441177884616 0.9990707692307693 0.8078104855769231 0.9962830817307692 0.8160703076923077 0.9866810384615385 0.8248807836538461 0.9848225793269231 0.8237794735576922 0.9795569423076922 0.8138676899038462 0.9789374567307692
12 0.9222709543269231 0.9609375 0.9267381418269232 0.9561403509615385 0.9218648461538461 0.9561403509615385 0.9068388557692307 0.9668768269230769 0.8938434038461539 0.9735014615384615 0.8991228076923077 0.9755573822115384 0.9092755024038461 0.9693896201923077 0.9222709543269231 0.9609375
8 0.8690708245192307 0.9385508052884616 0.8771929831730769 0.9497441514423077 0.8885640024038461 0.9575109639423077 0.9003411298076922 0.9661915216346154 0.9104938269230769 0.9650493413461538 0.9161793365384615 0.9586531442307693 0.9133365817307693 0.9559119158653846 0.8938434038461539 0.9399214182692308 0.8759746586538462 0.9319261706730769 0.8690708245192307 0.9385508052884616
8 0.9616634182692307 0.9486019735576924 0.96044509375 0.9456323100961538 0.9543534759615385 0.947002923076923 0.9442007788461539 0.9440332596153845 0.9433885649038461 0.9488304086538462 0.9385152692307692 0.9572825288461538 0.9385152692307692 0.9634502932692308 0.9372969471153846 0.9677905697115385 0.9450129951923076 0.9728161538461539 0.9511046129807692 0.9687043125 0.9559779086538461 0.9625365504807692 0.960038985576923 0.9545413004807692 0.9616634182692307 0.9486019735576924
5 0.9807504879807692 0.9511147668269231 0.9620695264423078 0.9488304086538462 0.9584145552884615 0.9561403509615385 0.9710038990384615 0.9625365504807692 0.9795321634615385 0.9632218557692307 0.9848115649038461 0.9572825288461538 0.9807504879807692 0.9511147668269231
8 0.9303931129807693 0.9481451033653846 0.9372969471153846 0.9490588461538461 0.9425763485576923 0.9449470024038462 0.9364847307692308 0.9396929831730769 0.9255198173076923 0.9346673966346154 0.9161793365384615 0.9348958341346154 0.9096816105769231 0.9332967836538462 0.8970922668269231 0.9351242692307692 0.8954678365384615 0.94129203125 0.8983105913461539 0.9458607451923077 0.9088693966346154 0.9490588461538461 0.9178037692307692 0.947002923076923 0.9303931129807693 0.9481451033653846
8 0.9978070168269231 0.9396929831730769 0.9917153990384615 0.9369517548076923 0.9839993509615385 0.9390076754807691 0.9892787524038462 0.9431195168269231 0.9961825865384615 0.9481451033653846 0.9978070168269231 0.9396929831730769
11 0.9084632884615385 0.9221034350961539 0.9316114350961539 0.9390076754807691 0.9547595841346154 0.9465460528846154 0.9685672524038461 0.9383223677884616 0.9860298894230769 0.9136513149038462 0.9389213774038462 0.9072551177884616 0.9182098774038461 0.9131944447115384 0.9084632884615385 0.9221034350961539
11 0.9413580240384616 0.9056560673076923 0.9994314495192308 0.9145650576923077 0.9986192331730769 0.8761878653846153 0.9494801826923077 0.8700201033653846 0.9413580240384616 0.9056560673076923
9 0.9990253413461538 0.898346125 0.9953703701923077 0.8894371346153847 0.968973358173077 0.8832693701923078 0.9567901225961539 0.8887518269230769 0.9543534759615385 0.8997167403846155 0.9750649783653846 0.9120522668269231 0.9884665360576924 0.9106816514423077 0.9961825865384615 0.9072551177884616 0.9990253413461538 0.898346125
8 0.8568875889423077 0.9163925432692307 0.8483593245192308 0.9211896923076923 0.8524204038461539 0.9273574567307693 0.8621669903846154 0.9264437139423076 0.8739441201923076 0.9253015360576923 0.8812540600961539 0.9195906442307693 0.8974983750000001 0.9131944447115384 0.8995289158653846 0.9104532163461538 0.8946556201923077 0.9058845024038462 0.8784113052884616 0.9086257307692308 0.8568875889423077 0.9163925432692307
8 0.8808479543269231 0.8734466370192308 0.8788174134615385 0.8679641802884616 0.8698830408653847 0.8686494879807692 0.8694769326923077 0.8812134495192308 0.8788174134615385 0.9038285817307692 0.8942495120192308 0.9017726610576923 0.8926250817307693 0.8926352331730769 0.8897823269230769 0.8814418870192308 0.8808479543269231 0.8734466370192308
8 0.8735380120192308 0.8972039471153846 0.8467348918269231 0.8997167403846155 0.8605425600961538 0.9118238293269231 0.8849090312500001 0.9065698100961538 0.8934372980769231 0.9042854543269231 0.876786875 0.9031432740384615 0.8735380120192308 0.8972039471153846
5 0.8442982451923077 0.9118238293269231 0.8528265096153846 0.9131944447115384 0.8589181298076922 0.9106816514423077 0.85973034375 0.9054276322115384 0.8556692668269231 0.9017726610576923 0.8438921370192307 0.9036001466346154 0.8422677067307693 0.9077119879807692 0.8442982451923077 0.9118238293269231
11 0.8455165697115384 0.9378654975961538 0.8333333341346154 0.9239309206730769 0.7959714110576923 0.9154788004807692 0.7797270961538462 0.9186769014423077 0.7614522427884616 0.9230171778846153 0.751299545673077 0.9451754374999999 0.7663255360576924 0.9568256586538462 0.7894736850961538 0.9657346490384615 0.8333333341346154 0.9611659350961539 0.8455165697115384 0.9378654975961538
7 0.7955653028846155 0.9680190048076922 0.8089668605769231 0.9755573822115384 0.8248050673076922 0.9785270456730769 0.8386127355769231 0.9778417403846155 0.8438921370192307 0.9751005120192308 0.8451104615384615 0.9677905697115385 0.839424951923077 0.9673336995192308 0.8252111754807692 0.966648391826923 0.8252111754807692 0.9627649855769231 0.8398310600961539 0.9549981730769231 0.839424951923077 0.9344389615384615 0.8256172836538462 0.9250730985576923 0.8012508125 0.9195906442307693 0.7797270961538462 0.9237024855769231 0.7728232620192308 0.9399214182692308 0.7687621826923077 0.9506578942307692 0.78419428125 0.9561403509615385 0.7854126057692308 0.9602521923076923 0.7955653028846155 0.9680190048076922
7 0.7224658870192309 0.9093110384615385 0.8130279399038461 0.8432931298076922 0.7460201418269231 0.8117690048076922 0.6558641971153846 0.8595120625000001 0.649772579326923 0.8640807740384615 0.6907894735576924 0.8919499278846155 0.7224658870192309 0.9093110384615385
12 0.8865541129807692 0.8426504110576923 0.8893073870192307 0.84574784375 0.8967412259615385 0.8477611754807692 0.9008711346153846 0.8477611754807692 0.9140868485576923 0.85008425 0.9239986346153847 0.8527170673076923 0.9253752716346154 0.8508586081730769 0.9033490817307693 0.8454381009615385 0.8923359879807692 0.8414114374999999 0.8865541129807692 0.8426504110576923
2 0.44382771153846157 0.9007272764423077 0.4135417019230769 0.8866339567307692 0.4000506610576923 0.8914349783653847 0.3906895288461539 0.8997980480769231 0.43033667067307696 0.9247323822115384 0.4374951826923077 0.9220995649038461 0.45897071634615383 0.9337149375 0.4631006274038461 0.9355733966346154 0.46860717307692307 0.9313918629807693 0.4485082764423077 0.9151303389423078 0.44382771153846157 0.9007272764423077
10 0.26651688942307694 0.8237560697115385 0.2789066201923077 0.8304155504807693 0.28716643990384616 0.8335129855769231 0.2957015889423077 0.8294863221153845 0.2979042091346154 0.8240658149038461 0.2885430769230769 0.8192647932692307 0.2835871850961538 0.8118309543269231 0.26514025240384614 0.8195745360576924 0.26651688942307694 0.8237560697115385
2 0.27808063701923075 0.9083159879807692 0.2557791225961539 0.9053734254807692 0.24173742548076924 0.9148205961538461 0.23843349759615384 0.9171436706730769 0.2428387355769231 0.92364828125 0.25495313942307696 0.9219446923076924 0.27780531009615383 0.9132718798076923 0.29955617307692306 0.9045990673076924 0.2846884951923077 0.901191891826923 0.27808063701923075 0.9083159879807692
2 0.07516437019230769 0.8733149975961538 0.07048380528846153 0.8767221730769231 0.05038490865384615 0.8830719110576923 0.052312199519230766 0.8869437019230768 0.07158511538461539 0.8830719110576923 0.08122157211538461 0.8838462692307693 0.10489972596153846 0.8776514014423077 0.11536216586538463 0.8754831995192307 0.11563749278846153 0.8699078197115384 0.11233356490384616 0.8658811586538462 0.07516437019230769 0.8733149975961538
4 0.27725465625 0.8606155216346154 0.24724397355769231 0.8689785913461539 0.2640389423076923 0.8942226682692307 0.28138456730769235 0.8847754975961538 0.28716643990384616 0.8802842211538462 0.2921223341346154 0.8754831995192307 0.3017587908653846 0.8726955096153847 0.2973535528846154 0.8661909014423077 0.28523914903846154 0.8680493605769232 0.27725465625 0.8606155216346154
4 0.01404169471153846 0.8547303990384615 0.025605444711538465 0.8530268125 0.04377705048076923 0.8418760528846154 0.0636006201923077 0.8353714447115385 0.07791764423076922 0.8310350384615385 0.07268642548076923 0.8174063341346154 0.028634045673076924 0.8249950432692308 0.0030286009615384615 0.8455929735576924 0.01404169471153846 0.8547303990384615
2 0.35352033653846154 0.7924720000000001 0.33369676442307694 0.7978925072115385 0.3452605144230769 0.8133796706730769 0.3576502451923077 0.8254596586538461 0.3653594134615385 0.8284022211538461 0.37940110817307693 0.839243235576923 0.38573363701923075 0.8373847764423077 0.3755465240384615 0.8203488942307692 0.3653594134615385 0.8045519879807692 0.35352033653846154 0.7924720000000001
6 0.9038997379807692 0.8023837836538461 0.9091309567307693 0.7992863509615385 0.8953645889423077 0.7971181490384616 0.8840761658653846 0.814154028846154 0.8926113149038462 0.8206586370192308 0.9027984278846154 0.8195745360576924 0.9143621778846154 0.8096627524038461 0.9151881586538462 0.8039325 0.9038997379807692 0.8023837836538461
6 0.012114403846153846 0.8559693725961538 0.0019272908653846154 0.8491550192307693 0.006057201923076923 0.8361458028846154 0.015693658653846154 0.8299509375 0.025054790865384615 0.7899940528846153 0.0057818750000000006 0.7944853317307692 0.0013766370192307693 0.820503766826923 0.0019272908653846154 0.8621642379807692 0.0024779471153846154 0.8638678269230768 0.010737766826923076 0.8660360288461538 0.012114403846153846 0.8559693725961538
2 0.3851829831730769 0.8260791466346155 0.4019779519230769 0.844973485576923 0.40638318990384614 0.844973485576923 0.40583253365384614 0.8418760528846154 0.40583253365384614 0.8355263149038462 0.41271571875 0.8345970865384615 0.40390524278846157 0.821278125 0.3986740240384616 0.8057909615384615 0.39399345913461536 0.7952596899038462 0.38105307211538464 0.7960340480769231 0.3796764350961539 0.7903037956730768 0.36178015625 0.7937109735576923 0.3851829831730769 0.8260791466346155
2 0.41381702884615384 0.8105919807692307 0.40225327884615386 0.8065653197115386 0.39592075000000004 0.8088883942307692 0.41574431971153847 0.823446326923077 0.41932357451923075 0.8274729903846154 0.4465809855769231 0.8432698990384615 0.45318884134615384 0.8466770745192308 0.4584200625 0.8468319447115384 0.4647525913461538 0.8432698990384615 0.4699838100961538 0.8386237475961539 0.46805651923076924 0.8355263149038462 0.4377705096153846 0.8192647932692307 0.43556788942307695 0.8200391514423077 0.42675741346153845 0.8194196658653846 0.41932357451923075 0.8181806923076922 0.41381702884615384 0.8146186442307692 0.41381702884615384 0.8105919807692307
8 0.33176947355769226 0.7895294375 0.32708890865384616 0.7825602139423077 0.276704 0.7934012283653846 0.28083391105769234 0.8040873725961538 0.2951509350961538 0.8031581418269231 0.3163511418269231 0.7980473774038461 0.33176947355769226 0.7895294375
8 0.2698208173076923 0.7632012596153845 0.26569090625 0.7681571514423078 0.25963370432692306 0.7710997115384616 0.2447660264423077 0.7913878966346153 0.25054790144230765 0.7946402019230769 0.25880772115384615 0.7951048173076922 0.2758780192307692 0.7728033004807693 0.27312474519230767 0.7703253533653847 0.276704 0.7658340769230769 0.2698208173076923 0.7632012596153845
2 0.4925606538461539 0.7954145600961537 0.5278025576923077 0.8025386562500001 0.5426702355769231 0.8054812163461539 0.547901454326923 0.7946402019230769 0.5429455625 0.7893745673076923 0.502747766826923 0.7811663701923077 0.4931113100961539 0.7847284158653847 0.48127223317307694 0.7867417475961538 0.4925606538461539 0.7954145600961537
2 0.48788008894230767 0.8025386562500001 0.4856774711538462 0.809043264423077 0.4889813990384615 0.8174063341346154 0.4975165480769231 0.8172514615384615 0.5165141346153846 0.8200391514423077 0.5385403245192307 0.8229817115384616 0.5490027644230769 0.819109920673077 0.5476261274038461 0.8130699278846154 0.5357870504807692 0.807649420673077 0.5269765745192307 0.8056360889423076 0.5104569326923077 0.8050166009615385 0.4988931826923077 0.8034678846153847 0.49558925480769234 0.8008350673076923 0.48788008894230767 0.8025386562500001
2 0.50357375 0.8170965913461538 0.5010958028846153 0.8325837548076923 0.5173401177884616 0.8381591346153846 0.5338597596153846 0.8347519567307693 0.5393663076923076 0.824840173076923 0.50357375 0.8170965913461538
2 0.6203125504807693 0.822052483173077 0.6026916009615385 0.7926268701923077 0.5977357067307693 0.7887550793269231 0.5930551418269231 0.7855027740384616 0.5861719591346154 0.7777591923076923 0.5779121370192308 0.7791530384615384 0.5828680312500001 0.7873612355769232 0.5809407379807692 0.7975827644230769 0.5966343990384615 0.8206586370192308 0.6035175817307692 0.8262340168269231 0.6137046947115384 0.8259242740384616 0.6203125504807693 0.822052483173077
2 0.4796202692307692 0.8511683509615384 0.4793449423076923 0.8541109134615384 0.48595279807692304 0.8559693725961538 0.5066023509615385 0.853646298076923 0.5101816057692308 0.8524073245192307 0.5049503870192308 0.8441991274038462 0.4969658918269231 0.8403273365384615 0.48237354326923076 0.8356811875 0.4765916682692308 0.8414114374999999 0.4796202692307692 0.8511683509615384
2 0.3350734014423077 0.7662986923076923 0.33204480048076923 0.7614976706730769 0.29267298798076924 0.7759007331730768 0.3014834639423077 0.7862771346153846 0.3089173028846154 0.7858125192307692 0.3160758149038462 0.7814761129807692 0.3364500384615384 0.7754361177884616 0.35131771634615383 0.7689315096153847 0.3507670625 0.7667633076923077 0.34608649759615384 0.7639756177884615 0.3350734014423077 0.7662986923076923
2 0.43281461778846153 0.7345500048076924 0.42923536057692313 0.7227797596153847 0.41987423076923075 0.7057438798076923 0.41326637259615384 0.7037305480769231 0.40583253365384614 0.6876238966346153 0.3967467307692308 0.6897921009615384 0.3995000048076923 0.7024915745192307 0.3978480408653846 0.7091510552884616 0.40968711778846156 0.739815641826923 0.41244039182692305 0.7399705120192308 0.42648208653846154 0.738421795673077 0.43281461778846153 0.7345500048076924
8 0.30093281009615386 0.7718740697115384 0.3204810528846154 0.7645951033653847 0.33232012980769227 0.7610330552884614 0.3496657524038461 0.7590197235576923 0.35489697355769234 0.7562320360576924 0.34581117067307693 0.7435325600961539 0.3350734014423077 0.7449264038461538 0.3290161995192307 0.7481787091346154 0.31937974278846154 0.7505017836538461 0.3130472139423077 0.751276141826923 0.3023094471153846 0.7545284471153846 0.2890937331730769 0.7576258798076924 0.28138456730769235 0.76505971875 0.2747767091346154 0.7667633076923077 0.27780531009615383 0.7720289423076923 0.28716643990384616 0.7695509951923077 0.30093281009615386 0.7718740697115384
8 0.21998656490384613 0.732536673076923 0.2186099278846154 0.7365633365384615 0.2183345985576923 0.7565417788461539 0.22686974759615383 0.7576258798076924 0.23733218749999999 0.7568515216346154 0.2389841514423077 0.7489530673076923 0.23788284375000002 0.7416741009615385 0.23870882451923076 0.7370279519230769 0.23788284375000002 0.7322269302884615 0.23843349759615384 0.7282002668269231 0.2370568605769231 0.7237089903846154 0.22163852884615384 0.722624889423077 0.21750861778846156 0.7295941129807691 0.21998656490384613 0.732536673076923
7 0.010462439903846155 0.6634639206730769 0.0027532740384615386 0.6660967379807693 0.0011013100961538463 0.6664064831730769 0.0011013100961538463 0.6942833774038462 0.007984492788461538 0.6876238966346153 0.010187112980769231 0.6856105649038462 0.016244314903846153 0.6840618485576923 0.022852170673076926 0.6837521057692307 0.0278080625 0.6806546730769232 0.031937973557692304 0.6756987812499999 0.03248862980769231 0.6679551995192308 0.026706754807692308 0.6608311033653845 0.017345625 0.6569593125 0.01101309375 0.6581982860576924 0.009085802884615385 0.6609859759615385 0.010462439903846155 0.6634639206730769
7 0.0008259831730769231 0.7306782139423077 0.0057818750000000006 0.7280453966346154 0.004680564903846154 0.7223151442307691 0.011563750000000001 0.722624889423077 0.02257684375 0.7215407860576923 0.030836665865384617 0.7206115576923077 0.037995175480769236 0.7206115576923077 0.041023776442307695 0.7097705432692307 0.03579255769230769 0.7105449014423078 0.02725740865384615 0.7077572115384616 0.015143004807692307 0.7077572115384616 0.0035792548076923076 0.7066731081730769 0.0008259831730769231 0.7306782139423077
7 0.42868470673076925 0.7088413125 0.3995000048076923 0.7162751514423077 0.3504917355769231 0.7252577067307692 0.36948932211538466 0.7672279206730769 0.4498849134615384 0.7492628100961538 0.42868470673076925 0.7088413125
7 0.9597911923076924 0.6586628990384615 0.9589652091346154 0.660521360576923 0.9586898822115385 0.6636187932692308 0.9567625913461538 0.6704331442307693 0.954835298076923 0.671981860576923 0.9573132451923076 0.6743049350961539 0.9641964302884615 0.6789510865384615 0.9713549399038462 0.6804998028846154 0.9746588701923078 0.683597235576923 0.9801654158653845 0.6840618485576923 0.9903525288461539 0.6760085240384615 0.9864979471153846 0.6704331442307693 0.9889758918269231 0.6693490432692308 0.9922798197115384 0.6637736634615384 0.9829186899038462 0.6594372572115385 0.972731576923077 0.6564946971153846 0.9534586634615384 0.6512290625 0.9531833341346154 0.6537070072115385 0.9562119350961538 0.6551008533653846 0.95566128125 0.6585080288461539 0.9597911923076924 0.6586628990384615
7 0.97245625 0.6318701057692307 0.9509807163461539 0.6454988100961538 0.9490534254807692 0.6482865 0.9520820264423077 0.6498352163461539 0.9719055961538461 0.6560300817307693 0.9771368149038462 0.652777778846154 0.989801875 0.6506095745192308 0.9928304759615384 0.6482865 0.9986123509615384 0.6427111201923077 0.9983370216346154 0.625210625 0.9936564567307692 0.6242813966346153 0.97245625 0.6318701057692307
8 0.7384279903846154 0.6377552283653846 0.740630610576923 0.6422465072115385 0.7475137932692307 0.6453439399038461 0.7532956682692308 0.6454988100961538 0.763207454326923 0.6442598365384615 0.7747712019230769 0.6391490721153846 0.7899142067307692 0.6317152355769231 0.7838570048076924 0.6242813966346153 0.7764231658653846 0.6236619086538462 0.7744958750000001 0.6273788293269231 0.7659607283653845 0.6306311322115385 0.758526889423077 0.6279983149038462 0.7384279903846154 0.6377552283653846
8 0.5831433581730769 0.6961418365384616 0.593881125 0.7031110624999999 0.6211385336538461 0.7066731081730769 0.6384841586538462 0.7080669543269231 0.6431647235576924 0.7093059278846153 0.6489465985576923 0.7077572115384616 0.6511492163461539 0.7051243918269231 0.6450920144230768 0.7054341370192307 0.6412374302884616 0.7010977307692308 0.63380359375 0.6928895336538462 0.6095747836538462 0.6885531274038462 0.5925044879807693 0.6896372283653847 0.5710289543269231 0.6887079975961539 0.5680003533653847 0.6936638918269231 0.5831433581730769 0.6961418365384616
3 0.4540148245192308 0.6756987812499999 0.45897071634615383 0.6753890384615384 0.4647525913461538 0.6724464759615384 0.4672305360576923 0.6678003269230769 0.4653032451923077 0.6637736634615384 0.4501602403846154 0.6586628990384615 0.43969780048076923 0.6589726442307692 0.4322639615384615 0.6571141826923077 0.4220768485576923 0.6574239278846155 0.41767161057692304 0.6648577668269231 0.4201495576923077 0.6682649423076923 0.4540148245192308 0.6756987812499999
8 0.3920661658653846 0.6809644158653847 0.40225327884615386 0.6735305769230769 0.4151936658653846 0.6651675096153846 0.4187729206730769 0.66129571875 0.4168456298076923 0.6574239278846155 0.40968711778846156 0.6535521370192308 0.40225327884615386 0.6544813653846154 0.39371812980769233 0.6602116177884615 0.3904142019230769 0.6645480216346153 0.3835310192307692 0.6684198124999999 0.3760971802884615 0.6735305769230769 0.37334390625 0.6798803149038462 0.3681126850961538 0.683597235576923 0.3749958701923077 0.6870044110576923 0.38105307211538464 0.6839069783653847 0.3920661658653846 0.6809644158653847
6 0.16161716346153848 0.7820955985576923 0.16161716346153848 0.7710997115384616 0.16905100240384613 0.7540638317307693 0.17813680528846154 0.7447715336538461 0.18997588221153847 0.7328464158653846 0.1993370120192308 0.7221602740384616 0.20484356009615384 0.7150361778846155 0.21007477884615386 0.7091510552884616 0.21035010576923077 0.7065182379807692 0.19796037500000002 0.7040402908653847 0.1671237091346154 0.7376474375 0.15032874038461538 0.7664535625 0.14482219471153845 0.7937109735576923 0.14206892067307691 0.7960340480769231 0.12389731490384616 0.7853479038461538 0.11315954567307693 0.7921622548076923 0.14757546634615384 0.8146186442307692 0.1643704375 0.8101273653846154 0.16381978125 0.7997509663461538 0.15996519951923077 0.7930914855769231 0.16161716346153848 0.7820955985576923
6 0.4840255072115385 0.7179787403846153 0.5220206826923077 0.71317771875 0.5178907716346154 0.6891726129807693 0.49613991105769234 0.6958320937500001 0.4843008341346154 0.6942833774038462 0.4796202692307692 0.6970710673076923 0.47521503125 0.6958320937500001 0.4735630673076923 0.6913408173076923 0.47273708413461535 0.6897921009615384 0.4482329495192308 0.6998587572115385 0.4575940793269231 0.7074474663461537 0.4688825024038462 0.7155007932692308 0.4840255072115385 0.7179787403846153
8 0.4837501778846154 0.6939736346153846 0.49531392788461537 0.6953674783653846 0.5068776778846154 0.6922700456730768 0.5178907716346154 0.6879336394230768 0.5189920817307693 0.6840618485576923 0.5148621706730769 0.6778669831730769 0.5019217860576923 0.6752341658653845 0.4820982139423077 0.6818936466346154 0.48072157692307693 0.6887079975961539 0.47604101201923077 0.6907213293269231 0.4774176490384615 0.6949028653846153 0.4837501778846154 0.6939736346153846
7 0.5856213028846153 0.679260829326923 0.6013149639423078 0.6721367331730769 0.6120527307692307 0.6626895625 0.6153566586538461 0.6479767572115385 0.5812160649038461 0.6351224110576923 0.5732315721153847 0.6403880456730769 0.5567119302884616 0.6386844591346155 0.5349610697115385 0.6442598365384615 0.547901454326923 0.677092625 0.5702029711538461 0.6845264639423078 0.5856213028846153 0.679260829326923
6 0.4838894615384615 0.6603027187499999 0.5026182019230769 0.6689026490384615 0.5435156514423076 0.6925524591346155 0.5572755408653847 0.6843825240384616 0.5561288846153846 0.6828775360576922 0.5144669951923077 0.6605177163461539 0.47624507932692306 0.6420278629807693 0.43381875240384615 0.6246130024038461 0.4020945600961538 0.6127880985576923 0.3948323966346154 0.6134330913461539 0.39177464423076924 0.6185930504807692 0.40591675240384617 0.6261179903846154 0.45407636778846155 0.6467578269230769 0.4838894615384615 0.6603027187499999
8 0.1979895264423077 0.6607327139423076 0.20372281490384614 0.6697626418269231 0.21901158173076923 0.6764275889423076 0.23162481250000003 0.677502579326923 0.24156251201923076 0.674062608173077 0.24270917067307693 0.6654626754807692 0.23315368990384616 0.6605177163461539 0.2056339110576923 0.6489078076923077 0.1895807067307692 0.6529927764423077 0.1979895264423077 0.6607327139423076
8 0.2446202644230769 0.666107670673077 0.24423804567307691 0.6684726514423077 0.24385582692307692 0.6714826274038461 0.2507357716346154 0.6706226346153846 0.2526468677884615 0.6669676634615385 0.24920689423076922 0.6544977644230769 0.2388869783653846 0.6439628485576924 0.23047815624999998 0.6357929134615384 0.21442495192307692 0.6368679038461539 0.21404273076923078 0.6424578605769231 0.21939380048076923 0.6497678028846153 0.22321599278846155 0.6544977644230769 0.23430034855769233 0.6611627115384615 0.2446202644230769 0.666107670673077
4 0.003439973557692308 0.6547127620192307 0.026373122596153844 0.6572927427884616 0.03707525961538462 0.6420278629807693 0.03172418990384615 0.6396628822115384 0.03516416346153846 0.6323529423076923 0 0.6312779495192308 0.003439973557692308 0.6547127620192307
0 0.4487252980769231 0.6112831105769231 0.5377823653846154 0.6222480216346155 0.5515422548076923 0.5874183004807693 0.4628674086538461 0.5762383894230769 0.4487252980769231 0.6112831105769231
2 0.7877536971153846 0.6138630889423077 0.7950158629807693 0.6119281033653846 0.7961625192307692 0.6067681466346154 0.8011313677884615 0.603543170673077 0.8030424639423077 0.59773821875 0.8045713413461539 0.5805383557692307 0.8045713413461539 0.5755933942307693 0.7957803004807692 0.5725834182692308 0.7774337812500001 0.5758083942307692 0.7793448774038462 0.603543170673077 0.7843137259615385 0.6061231514423077 0.7877536971153846 0.6138630889423077
8 0.37648587740384615 0.6727726177884615 0.3787791923076923 0.6673976610576923 0.3783969735576923 0.6508427932692308 0.37457478125 0.6467578269230769 0.3508771923076923 0.6480478149038462 0.3508771923076923 0.6727726177884615 0.35928601442307695 0.6796525625 0.35852157692307696 0.6869625048076924 0.36884149278846157 0.6869625048076924 0.37113480769230767 0.6785775721153846 0.37648587740384615 0.6727726177884615
7 0.35011275480769233 0.6033281730769231 0.36463708173076925 0.5661334711538462 0.3566104807692308 0.5601135192307692 0.29927760576923074 0.5614035096153847 0.29813094951923075 0.5749484014423077 0.24920689423076922 0.5837633293269231 0.25035355288461536 0.5915032668269231 0.2541757451923077 0.6121431033653846 0.2637312235576923 0.6228930168269231 0.3436150288461538 0.6059081538461538 0.35011275480769233 0.6033281730769231
13 0.2446202644230769 0.5996732019230769 0.2614379086538462 0.6041881658653846 0.2786377716346154 0.60547815625 0.28933990625 0.6033281730769231 0.2927798798076923 0.6009631923076924 0.30615755048076926 0.5964482283653847 0.317624125 0.5904282764423077 0.31838856490384615 0.5811833509615385 0.3103619615384616 0.5710784302884615 0.3015709206730769 0.5607585144230769 0.28589993509615386 0.5547385625 0.26029125 0.5571035432692308 0.24806023798076923 0.5614035096153847 0.23086037499999998 0.5747334014423077 0.23200703365384617 0.5899982788461539 0.2446202644230769 0.5996732019230769
6 0.03898635576923077 0.7065273485576923 0.03478194471153846 0.7250171995192307 0.04548408173076923 0.7267371850961539 0.05580399759615384 0.6968524254807692 0.06344838221153846 0.6772875817307693 0.07950158653846154 0.6394478846153846 0.06497725721153846 0.6377278990384615 0.04930627163461539 0.6759975913461538 0.03898635576923077 0.7065273485576923
7 0.012995451923076922 0.5674234615384616 0.010702137019230768 0.5721534230769231 0.007644382211538462 0.5745184038461538 0.004586629807692307 0.57430340625 0.00038221875 0.5747334014423077 0.0026755336538461538 0.6177330576923077 0.010319918269230769 0.6177330576923077 0.027137560096153847 0.6097781225961538 0.03516416346153846 0.59773821875 0.05121736778846154 0.5966632259615385 0.04777739663461538 0.59365325 0.04930627163461539 0.5848383221153847 0.04319076442307693 0.5848383221153847 0.04739517548076923 0.5813983485576923 0.03554638221153846 0.5766683870192307 0.030959752403846155 0.5661334711538462 0.014524329326923076 0.5588235288461538 0.012995451923076922 0.5674234615384616
8 0.24423804567307691 0.5424836610576923 0.21174941826923074 0.5388286899038461 0.20372281490384614 0.5525885793269231 0.24844245673076923 0.5594685240384615 0.2579979350961538 0.5571035432692308 0.25914459375 0.5534485721153847 0.2595268125 0.5459236322115385 0.24423804567307691 0.5424836610576923
2 0.3355884254807692 0.5540935673076923 0.34017505769230766 0.5493636057692307 0.3118908389423077 0.5442036466346154 0.3008064831730769 0.5379686971153845 0.26678897596153844 0.5328087379807692 0.25685127884615383 0.5405486754807692 0.24997133413461536 0.5392586850961538 0.24844245673076923 0.54291365625 0.27061116826923076 0.5485036129807692 0.28513549759615386 0.5512985889423077 0.3008064831730769 0.5538785697115385 0.3126552764423077 0.5521585817307693 0.32259297355769234 0.5521585817307693 0.3355884254807692 0.5540935673076923
7 0.21977601923076923 0.5362487091346154 0.22971371875 0.5362487091346154 0.23965141586538463 0.5390436875 0.25646906009615383 0.5399036802884616 0.2625845649038462 0.5360337115384616 0.2641134423076923 0.5257137932692307 0.27022894951923077 0.5168988653846154 0.27137560576923075 0.5102339182692307 0.2786377716346154 0.506148951923077 0.27022894951923077 0.50378396875 0.26105568990384614 0.49711902403846153 0.24500248557692308 0.4996990024038462 0.22818484134615383 0.5082989326923077 0.21595382692307694 0.5128138966346154 0.21174941826923074 0.5287237692307692 0.21977601923076923 0.5362487091346154
7 0.0057332884615384615 0.5085139326923077 0.01681764423076923 0.5091589278846154 0.033253067307692306 0.5044289639423076 0.040897449519230765 0.5012039903846154 0.04815961538461539 0.48658410817307696 0.06421281971153846 0.4792741658653846 0.06268394230769231 0.4708892331730769 0.03822191586538461 0.46529927644230773 0.02293314903846154 0.46809425480769234 0.009937697115384616 0.47948916346153847 0.001146658653846154 0.48572411538461535 0.0019110961538461536 0.5033539735576923 0.0057332884615384615 0.5085139326923077
2 0.33329511057692307 0.5362487091346154 0.3317662355769231 0.5392586850961538 0.34667278125 0.5452786370192307 0.3512594134615385 0.5491486057692307 0.38757023317307693 0.5583935336538461 0.39865458894230765 0.5525885793269231 0.3661659591346154 0.5414086682692308 0.35699269951923074 0.5403336778846154 0.33329511057692307 0.5362487091346154
11 0.6872300576923076 0.4665892668269231 0.6700301947115384 0.4637942884615385 0.6532125528846154 0.46873925 0.6470970456730769 0.4775541802884616 0.6555058677884615 0.48464912259615384 0.6623858125000001 0.4900240793269231 0.6784390168269231 0.48894908894230765 0.6895233725961538 0.4850791201923077 0.6941100024038461 0.48206914423076924 0.692581125 0.47260921875 0.6872300576923076 0.4665892668269231
0 0.6157550745192307 0.5029239759615385 0.6180483894230769 0.5009889927884615 0.6302794014423078 0.48378912980769234 0.6256927716346153 0.48378912980769234 0.5435156514423076 0.46314929567307694 0.5301379807692308 0.47325421394230766 0.5213469399038462 0.5093739254807692 0.6084929086538462 0.51947884375 0.6184306081730769 0.515608875 0.6157550745192307 0.5029239759615385
7 0.04166188942307692 0.5063639495192308 0.06191950480769231 0.5128138966346154 0.06994610817307692 0.5115239086538461 0.07567939423076922 0.5035689711538461 0.0814126826923077 0.500129 0.08638153125 0.4947540408653846 0.09135037980769231 0.48787409615384614 0.08752818990384616 0.48249913942307693 0.0775904903846154 0.48034915625 0.07376829807692308 0.47733918028846156 0.0630661610576923 0.47884416826923076 0.04854183413461539 0.4872291009615385 0.04395520432692308 0.4964740288461539 0.04166188942307692 0.5063639495192308
2 0.3837480408653846 0.4863691081730769 0.40591675240384617 0.47970416346153844 0.4074456298076923 0.4734692115384615 0.3955968341346154 0.47045923557692304 0.3894813293269231 0.4586343317307692 0.3478194399038462 0.4655142764423077 0.3382639615384615 0.4655142764423077 0.3325306730769231 0.4719642235576923 0.3222107548076923 0.4762641899038461 0.3222107548076923 0.4818541442307692 0.3317662355769231 0.48249913942307693 0.3420861514423077 0.4887340889423077 0.36157932932692305 0.48851909134615384 0.3837480408653846 0.4863691081730769
7 0.4697473533653846 0.5070089447115385 0.46707181971153844 0.5132438942307692 0.46095631249999997 0.5136738894230769 0.46133853125 0.5175438605769231 0.4682184759615385 0.5173288605769231 0.4800672716346154 0.5171138629807692 0.4938271610576923 0.5207688341346154 0.5129381177884615 0.5199088413461539 0.5175247475961539 0.515608875 0.5205825024038462 0.5098039206730769 0.5209647211538462 0.5052889567307692 0.5159958725961539 0.4986240120192308 0.505293735576923 0.4915290673076923 0.4850361201923077 0.48894908894230765 0.4781561754807692 0.48744410096153845 0.47242288701923074 0.49389404807692305 0.46554294230769233 0.4964740288461539 0.4624851899038462 0.5033539735576923 0.4697473533653846 0.5070089447115385
7 0.08064824278846154 0.5018489855769231 0.07109276442307692 0.5110939110576923 0.07797270913461539 0.5184038533653846 0.09631922836538462 0.5211988293269231 0.10549249038461538 0.5257137932692307 0.1104613389423077 0.5242088052884616 0.1119902139423077 0.5220588245192308 0.10587470913461537 0.5188338485576923 0.10931468028846154 0.5108789134615385 0.1196345985576923 0.5141038870192308 0.12307456971153846 0.5080839350961539 0.10663914663461539 0.5014189879807692 0.11428353125 0.4964740288461539 0.10816802403846154 0.49303405528846156 0.08943928365384615 0.49217406249999995 0.08064824278846154 0.5018489855769231
0 0.3371173028846154 0.4343395240384615 0.43878760096153846 0.44831441346153844 0.4426097932692308 0.4480994158653846 0.4460497644230769 0.42401960817307693 0.4135611346153846 0.42767457932692304 0.39139242548076925 0.41670966586538466 0.39139242548076925 0.3878998966346154 0.38336582211538467 0.3823099423076923 0.3680770552884616 0.3543601658653846 0.36463708173076925 0.3541451658653846 0.3531705072115384 0.38187994471153847 0.34323281009615386 0.40767973798076923 0.3371173028846154 0.4343395240384615
7 0.3902457668269231 0.39219986298076925 0.3936857403846154 0.41541967788461537 0.3959790552884615 0.41993463942307696 0.41012116346153843 0.42616959134615384 0.4250277115384616 0.42810457451923073 0.4536941490384615 0.4220846225961538 0.4567519014423077 0.4177846586538462 0.45101861298076923 0.41154970673076924 0.4475786418269231 0.4035947716346154 0.44031647836538457 0.3952098389423077 0.43878760096153846 0.3900498798076923 0.4280854639423077 0.3825249399038461 0.4204410817307692 0.38359993028846157 0.4173833269230769 0.3823099423076923 0.40591675240384617 0.3842449254807692 0.39139242548076925 0.3859649134615385 0.3902457668269231 0.39219986298076925
13 0.4663073798076923 0.40337977403846154 0.47586286057692306 0.39972480288461537 0.47930283173076926 0.3958548341346154 0.4636318461538461 0.3827399375 0.43993425721153845 0.390479875 0.44566754567307687 0.40079979326923076 0.45560524278846154 0.40660474759615384 0.4663073798076923 0.40337977403846154
13 0.2446202644230769 0.35694014423076925 0.2625845649038462 0.3567251466346154 0.2794022091346154 0.3504901971153846 0.2889576875 0.33974028125 0.29125100240384616 0.3283453725961539 0.28169552403846154 0.31738046153846156 0.25685127884615383 0.3105005168269231 0.23468256730769232 0.3128654975961539 0.21671826682692308 0.32426040624999997 0.2128960745192308 0.33995528125 0.2266559639423077 0.35264017788461544 0.2446202644230769 0.35694014423076925
4 0.11772350240384616 0.46465428365384615 0.13415892548076924 0.46486928125 0.14524328365384614 0.46400928846153844 0.1475365985576923 0.4609993125 0.15097656971153844 0.45261437980769226 0.13683446153846154 0.4470244230769231 0.13224783173076923 0.4487444110576923 0.13263005048076923 0.4444444447115385 0.12995451682692308 0.44358445192307694 0.11695906490384617 0.43455452403846156 0.1119902139423077 0.4278895769230769 0.10014142067307692 0.4315445480769231 0.09440813461538461 0.44035947596153846 0.09135037980769231 0.453259375 0.10358139423076923 0.4622893028846154 0.11772350240384616 0.46465428365384615
7 0.2541757451923077 0.3939198485576923 0.2541757451923077 0.38381493028846153 0.24500248557692308 0.37908496634615385 0.23659366346153846 0.3782249735576923 0.24079807451923077 0.3730650144230769 0.22283377403846152 0.3726350192307692 0.21480717067307692 0.36618506971153847 0.20754500721153846 0.35780013701923075 0.1976073076923077 0.3504901971153846 0.19225624038461536 0.359305125 0.2014295 0.36317509375 0.19187402163461537 0.36317509375 0.1781141298076923 0.3627450985576923 0.17238084375 0.36468008173076927 0.1781141298076923 0.37027003846153844 0.17696747355769232 0.375 0.17429193990384617 0.3855349158653846 0.16626533653846154 0.39542483653846155 0.17046974759615383 0.40595975240384613 0.18499407451923075 0.41154970673076924 0.20754500721153846 0.41004471875 0.23506478605769232 0.4074647403846154 0.24347360817307692 0.4031647740384615 0.2541757451923077 0.3939198485576923
3 0.1899629254807692 0.5080839350961539 0.21557160817307694 0.5039989687499999 0.20181171875 0.4754041971153846 0.1869051706730769 0.47884416826923076 0.17926078846153848 0.4984090120192307 0.18308298076923077 0.5029239759615385 0.1899629254807692 0.5080839350961539
7 0.17887856971153845 0.45067939423076925 0.19837174519230769 0.46142930769230767 0.24920689423076922 0.4674492596153846 0.2576157163461538 0.4674492596153846 0.2694645120192308 0.4743292043269231 0.28207774278846154 0.46895424759615384 0.27710889423076923 0.4612143100961538 0.26640675721153845 0.4519693846153846 0.26602453846153845 0.4437994495192308 0.28054886778846155 0.43175954567307695 0.27061116826923076 0.4302545576923077 0.23162481250000003 0.4222996225961539 0.18346519951923076 0.42767457932692304 0.17887856971153845 0.45067939423076925
2 0.10090585817307693 0.33974028125 0.0022933149038461536 0.36317509375 0.007262163461538461 0.3674750600961539 0.10549249038461538 0.34339525240384616 0.10090585817307693 0.33974028125
2 0.003057752403846154 0.33178534615384614 0.13301226923076923 0.3386652908653846 0.13377670673076925 0.3330753365384615 0.11428353125 0.33329033413461534 0.07720827163461538 0.3315703485576923 0.0026755336538461538 0.3279153774038462 0.003057752403846154 0.33178534615384614
2 0.09823032451923078 0.3272703822115384 0.0015288774038461539 0.3197454423076923 0.0019110961538461536 0.3266253870192308 0.07873714663461538 0.33006536057692304 0.09670144951923078 0.3315703485576923 0.10167029807692307 0.3315703485576923 0.09823032451923078 0.3272703822115384
2 0.2694645120192308 0.35909012740384616 0.29774872836538463 0.3511351899038461 0.3019531394230769 0.3496302019230769 0.29774872836538463 0.34490024038461536 0.2786377716346154 0.3509201923076923 0.23353590865384616 0.36059511538461536 0.24423804567307691 0.3625301009615385 0.2694645120192308 0.35909012740384616
6 0.3845124783653846 0.3350103197115385 0.41012116346153843 0.3279153774038462 0.3566104807692308 0.2466460264423077 0.33635286538461534 0.2662108701923077 0.3845124783653846 0.3350103197115385
13 0.3497305360576923 0.234391125 0.3302373581730769 0.22622118990384615 0.30806864663461536 0.22407120673076925 0.28551771634615386 0.23503612019230768 0.27672667548076924 0.249871 0.28513549759615386 0.2610509110576923 0.29965982451923073 0.2683608533653846 0.3271796057692308 0.26685586538461536 0.34399724759615385 0.2584709326923077 0.3543171658653846 0.24772101923076925 0.3497305360576923 0.234391125
0 0.1815541033653846 0.2963106298076923 0.12575010576923076 0.29932060576923075 0.13607002163461537 0.3608101129807692 0.18346519951923076 0.3588751298076923 0.23697588221153848 0.35651014903846157 0.2839888389423077 0.35264017788461544 0.2801666466346154 0.31501548076923075 0.27710889423076923 0.28964568269230767 0.26678897596153844 0.2887856899038461 0.1815541033653846 0.2963106298076923
0 0.04701295673076923 0.32060543509615386 0.12613232451923076 0.3311403509615385 0.12269235096153847 0.29717062259615384 0.20754500721153846 0.29308565625 0.2125138557692308 0.2610509110576923 0.056186216346153846 0.2479360168269231 0.04701295673076923 0.32060543509615386
2 0.001146658653846154 0.23331613221153846 0.05045293028846154 0.2649208798076923 0.05503956009615385 0.2563209495192308 0.00038221875 0.22665118750000002 0.001146658653846154 0.23331613221153846
7 0.2530290865384615 0.27889576923076925 0.26449566105769234 0.2855607163461538 0.28093108653846155 0.29351565144230773 0.2874288125 0.29308565625 0.3030997980769231 0.28814069471153847 0.3027175793269231 0.28126075 0.3011887019230769 0.27223082211538463 0.2943087572115385 0.26642586778846156 0.29392653846153843 0.26169590625 0.28704659375 0.2595459230769231 0.2671711947115385 0.26212590384615386 0.25914459375 0.27223082211538463 0.2530290865384615 0.27889576923076925
9 0.30730420913461537 0.22106123076923076 0.3042464543269231 0.21590127403846154 0.2946909759615385 0.20859133173076924 0.2725222644230769 0.20579635336538463 0.2595268125 0.2137512908653846 0.258762375 0.2260061923076923 0.2721400456730769 0.2337461298076923 0.28551771634615386 0.2337461298076923 0.3008064831730769 0.2270811826923077 0.30730420913461537 0.22106123076923076
7 0.6253105528846153 0.2064413485576923 0.6096395673076923 0.19354145192307692 0.5935863629807693 0.1853715168269231 0.5813553485576923 0.18580151442307694 0.5752398413461539 0.19655142788461538 0.588617514423077 0.21762125961538462 0.6081106899038462 0.21869624999999998 0.6245461153846155 0.21762125961538462 0.6253105528846153 0.2064413485576923
7 0.5683598966346154 0.19612143028846155 0.5393112403846154 0.1939714471153846 0.5366357067307692 0.20171138701923075 0.5228758173076924 0.19612143028846155 0.5133203389423077 0.21289129567307694 0.5309024182692308 0.2238562091346154 0.5530711298076922 0.22127623076923075 0.5553644471153846 0.21783625721153846 0.5626266105769231 0.21977124278846152 0.5813553485576923 0.21504127884615384 0.5855597596153846 0.21203130288461539 0.5725643076923077 0.1959064326923077 0.5683598966346154 0.19612143028846155
0 0.8966861586538462 0.16774165865384616 0.8756641057692308 0.16774165865384616 0.8550242716346154 0.18902648798076924 0.8412643822115384 0.2503009975961538 0.880632954326923 0.23998107932692306 0.8966861586538462 0.16774165865384616
12 0.49270156971153845 0.12554105048076922 0.4829805625 0.1265483269230769 0.4747944519230769 0.12582884375 0.45484080528846155 0.12438987980769231 0.4535617259615385 0.12582884375 0.4643059975961539 0.12784339423076924 0.4811898509615385 0.12928236057692308 0.48528290625000003 0.13201639182692307 0.4921899375 0.132735875 0.49653881009615386 0.13086522115384616 0.49653881009615386 0.12798729086538463 0.49270156971153845 0.12554105048076922
6 0.38909609855769234 0.14194525 0.3655610288461538 0.1474133173076923 0.3481655432692307 0.15849334615384617 0.41391025000000004 0.21000828846153846 0.4400034783653846 0.20238177403846153 0.4451197980769231 0.19144564182692306 0.4333522644230769 0.18065340624999998 0.4098171947115385 0.15820555288461538 0.38909609855769234 0.14194525
9 0.2931651081730769 0.15158631490384616 0.2831882860576923 0.16396141346153847 0.2923976610576923 0.17201961538461538 0.30595590625 0.17374637259615386 0.31414201923076923 0.17345858173076925 0.32642118509615387 0.1628102403846154 0.32488629086538456 0.15230579807692307 0.3118396754807692 0.14597435096153846 0.2931651081730769 0.15158631490384616
8 0.2854906298076923 0.15978841346153846 0.28779297355769234 0.15503983173076924 0.28779297355769234 0.15057903846153847 0.28728134134615385 0.14597435096153846 0.2870255264423077 0.13906731971153846 0.28344410096153844 0.13302366826923076 0.28190920673076925 0.12827508413461539 0.2760254375 0.12971404807692308 0.2752579903846154 0.1325919783653846 0.27090911778846155 0.13964290625 0.27218819951923073 0.15129852163461538 0.27397891105769234 0.15863724278846153 0.2785835985576923 0.1615151730769231 0.2854906298076923 0.15978841346153846
13 0.17344323076923077 0.1822362668269231 0.19083871875 0.18914329807692307 0.21258307692307693 0.18928719471153846 0.22486224278846154 0.17144402884615387 0.20030390865384615 0.15604710576923075 0.17344323076923077 0.1822362668269231
8 0.13021033173076924 0.08740848076923077 0.21642031490384614 0.12179974278846153 0.225373875 0.12036077644230768 0.22690877163461537 0.1164755721153846 0.21821102644230767 0.11115140144230769 0.13558246634615384 0.08035755288461538 0.13021033173076924 0.08740848076923077
13 0.08876814423076923 0.10971243750000001 0.12125677163461537 0.10107864903846155 0.10616362980769231 0.08654510336538462 0.09541935817307692 0.08568172355769231 0.07520989663461539 0.07560896874999999 0.03811658173076923 0.05934866586538461 0.022767622596153843 0.06265828605769232 0.05500043509615385 0.10453216346153846 0.07827968990384616 0.10611502403846154 0.08876814423076923 0.10971243750000001
13 0.10590781490384615 0.12798729086538463 0.0915821201923077 0.12050467307692309 0.05346553846153846 0.10712230048076923 0.03197699759615385 0.10208592307692309 0.028907204326923078 0.11532439903846153 0.09183793509615384 0.13849173557692307 0.10437291826923077 0.13618939182692308 0.1100008701923077 0.13216028846153846 0.10590781490384615 0.12798729086538463
13 0.15118724278846155 0.07891858894230769 0.15528029807692306 0.08496224278846154 0.15067561057692308 0.08611341346153846 0.16193151201923076 0.09258875480769231 0.16730364903846157 0.09302044471153846 0.1990248293269231 0.07776741826923078 0.1967224855769231 0.06251438942307692 0.18751311057692308 0.05531956490384615 0.18214097596153847 0.05719021875 0.18239679086538463 0.06179490625 0.17421068028846154 0.05862918509615385 0.1606524326923077 0.0695653173076923 0.14837326682692306 0.06711907692307692 0.14607092307692307 0.07345052163461538 0.15118724278846155 0.07891858894230769
6 0.14786163461538462 0.06611180288461539 0.1537454014423077 0.06827025 0.16781528124999998 0.06165100961538462 0.17062925721153846 0.05877308173076923 0.1268847235576923 0.017474788461538462 0.10565199759615385 0.02135999519230769 0.08058203365384616 0.03085716346153846 0.060884201923076926 0.044239536057692305 0.08134948076923076 0.06179490625 0.08800069471153846 0.05978035576923077 0.13072196394230767 0.07258714423076923 0.12304748557692308 0.07848689903846154 0.14274531490384615 0.08237210576923076 0.14939653125000002 0.07848689903846154 0.1430011298076923 0.07273104086538461 0.14786163461538462 0.06611180288461539
4 0.32335139423076925 0.1312969110576923 0.3353747451923077 0.11057581730769231 0.3323049543269231 0.10136643990384615 0.3225839471153846 0.09474720192307692 0.28446736538461537 0.1265483269230769 0.2970023485576923 0.14539876682692307 0.3182350745192308 0.14798890384615385 0.32335139423076925 0.1312969110576923
4 0.4128869855769231 0.04999539423076923 0.40316597836538465 0.04884422355769231 0.3916542596153846 0.0498515 0.38679375721153847 0.06352166586538462 0.39011936298076927 0.07172376442307692 0.4090497451923077 0.07071649038461539 0.4105846418269231 0.06668738701923077 0.4146776971153846 0.054887874999999996 0.4128869855769231 0.04999539423076923
12 0.39472899519230764 0.09588030048076922 0.3992805408653846 0.09561544711538462 0.4022625889423077 0.09261378125 0.4008500408653846 0.08925897596153846 0.3950428942307692 0.08934726201923077 0.3906482980769231 0.09217235817307692 0.3923747451923077 0.09473260336538461 0.3854689495192308 0.10214848798076924 0.3854689495192308 0.10320789903846153 0.38798014903846156 0.10347275240384615 0.39472899519230764 0.09588030048076922
6 0.47385267067307696 0.17736084134615385 0.45941327884615385 0.18169265865384615 0.4541188365384615 0.1903562908653846 0.47240873076923073 0.19604180288461537 0.48083170913461537 0.18819038221153847 0.47385267067307696 0.17736084134615385
10 0.3287367932692308 0.1835878269230769 0.33812239903846153 0.1835878269230769 0.35424638461538466 0.18643058173076923 0.3554496658653846 0.1750595625 0.3296994206730769 0.1741119783653846 0.3287367932692308 0.1835878269230769
9 0.10588886538461538 0.15177604567307693 0.08856159615384616 0.14676738221153846 0.07364089182692307 0.14947476682692307 0.06497725721153846 0.16301169471153848 0.07869467788461539 0.17370587019230768 0.0916901298076923 0.17614251682692308 0.1099800264423077 0.1735705 0.11238659134615385 0.16071041826923077 0.10588886538461538 0.15177604567307693
6 0.5828700697115384 0.12280701682692308 0.5951435504807692 0.11698613701923076 0.6059730937500001 0.11116525961538462 0.6057324374999999 0.10561511778846154 0.6004379951923077 0.10426142548076923 0.5845546658653846 0.09844054567307693 0.5679493653846154 0.09424409855769231 0.5494188149038461 0.10290773317307693 0.5455683100961538 0.10927008894230769 0.5758910312500001 0.12348386298076923 0.5828700697115384 0.12280701682692308
6 0.03802372836538462 0.14866255048076923 0.02839746875 0.09695148317307692 0.0014439399038461537 0.09695148317307692 0.010588887019230768 0.15164067548076923 0.031044689903846154 0.15177604567307693 0.03778307211538461 0.15042235096153847 0.03802372836538462 0.14866255048076923
7 0.2591870625 0.004223521634615385 0.2630375673076923 0.031162009615384616 0.28854715625 0.04943686298076923 0.2926383173076923 0.04984297115384616 0.30322720432692307 0.053362572115384616 0.3090029591346154 0.04930149519230769 0.3253676033653846 0.04781243269230769 0.3232016947115385 0.028048516826923078 0.3280148245192308 0.010315139423076923 0.3029865480769231 0.011668831730769231 0.2591870625 0.004223521634615385
10 0.17952975721153847 0.06053714423076923 0.19565374278846154 0.05810049759615384 0.20720525721153848 0.05471626682692307 0.20263278125 0.036306043269230766 0.18049238221153846 0.04226229086538461 0.1631651153846154 0.04117933653846154 0.17134743509615386 0.05431015865384615 0.17952975721153847 0.06053714423076923
6 0.0031285336538461536 0.008284600961538461 0.09265275721153846 0.024799653846153846 0.12730729326923076 0.016271389423076925 0.13284239423076924 0.021821528846153848 0.14824441105769232 0.0024637211538461536 0.0038505048076923074 0.0012453966346153847 0.0031285336538461536 0.008284600961538461