0 0.916618889423077 0.8287682043269231 0.9064263774038461 0.836293141826923 0.8981449639423077 0.8509846923076924 0.9140707620192308 0.8595846225961539 0.9350928149038461 0.8595846225961539 0.9522926778846154 0.8603012836538462 0.9720406682692307 0.8552846586538462 0.9682184759615384 0.8431014206730769 0.9637592524038462 0.8287682043269231 0.9491075192307693 0.8298431947115384 0.929996560096154 0.8298431947115384 0.916618889423077 0.8287682043269231
7 0.8529156947115385 0.91010921875 0.8586489831730769 0.8993593052884615 0.8490935024038462 0.8975676538461539 0.8389009927884616 0.8968509927884616 0.8306195769230769 0.8943426778846154 0.8210640985576922 0.8993593052884615 0.8108715865384616 0.9043759326923078 0.8108715865384616 0.91010921875 0.8064123629807691 0.9162008365384615 0.8045012668269231 0.9276674110576923 0.8178789375 0.9326840384615385 0.8261603533653846 0.9298173942307693 0.833167704326923 0.9258757596153846 0.8376269278846155 0.9226507860576922 0.8433602163461539 0.91261753125 0.8529156947115385 0.91010921875
13 0.7917606298076922 0.9348340216346155 0.7853903100961539 0.9276674110576923 0.7758348293269232 0.9244424375 0.7643682548076923 0.9283840721153845 0.7548127764423077 0.9355506826923077 0.7497165216346153 0.9534672067307692 0.7529016802884616 0.9606338149038461 0.7605460625 0.965292110576923 0.7758348293269232 0.9635004591346154 0.7841162451923077 0.9552588581730769 0.7898495336538461 0.9445089447115385 0.7917606298076922 0.9348340216346155
13 0.7153167956730768 0.8997176346153846 0.6981169326923078 0.9036592716346153 0.687287389423077 0.9158425072115384 0.6841022307692307 0.9287424038461538 0.6949317740384615 0.9369840048076923 0.7076724134615385 0.9416423004807692 0.7229611802884615 0.9405673076923077 0.7388869783653846 0.9305340552884616 0.7414351057692308 0.9194258100961539 0.7414351057692308 0.91010921875 0.7293314975961539 0.9025842788461538 0.7153167956730768 0.8997176346153846
0 0.6618061129807693 0.9534672067307692 0.6375988990384616 0.9577671706730769 0.6223101322115384 0.9993335048076923 0.7261463389423077 0.9986168437499999 0.7395240096153847 0.9624254663461538 0.7108575721153846 0.9570505096153846 0.6930206778846154 0.9556171874999999 0.6841022307692307 0.9602754855769231 0.6713615913461539 0.9592004927884615 0.6618061129807693 0.9534672067307692
7 0.6949317740384615 0.9377006658653847 0.6853762956730769 0.9283840721153845 0.6815541033653846 0.9244424375 0.6681764326923076 0.9294590649038461 0.6707245600961538 0.9402089783653846 0.6745467524038461 0.9455839350961538 0.6694504951923077 0.9498839014423077 0.6713615913461539 0.9545421971153847 0.6815541033653846 0.9588421634615384 0.6923836466346154 0.9556171874999999 0.6942947427884616 0.9495255697115385 0.7038502211538462 0.9448672740384616 0.7032131899038461 0.9405673076923077 0.6949317740384615 0.9377006658653847
7 0.7465313605769232 0.8033267403846154 0.7331536899038462 0.8079850360576923 0.7293314975961539 0.8155099759615384 0.73124259375 0.8223182548076923 0.7401610408653846 0.828409872596154 0.7471683942307692 0.8334265 0.7618201274038461 0.8316348461538462 0.7739237355769231 0.8201682716346154 0.775197798076923 0.807268375 0.7624571586538462 0.8026100793269231 0.7465313605769232 0.8033267403846154
4 0.6834651995192308 0.8653179110576924 0.6700875288461539 0.8660345721153846 0.6509765697115385 0.8728428509615385 0.6452432836538461 0.8843094254807693 0.6401470264423076 0.8911177043269232 0.6433321875 0.8979259831730769 0.6637172091346154 0.8954176706730769 0.6847392620192309 0.8846677572115385 0.6981169326923078 0.8835927644230769 0.6923836466346154 0.8696178774038461 0.6834651995192308 0.8653179110576924
4 0.6235841971153846 0.7062191826923077 0.628680451923077 0.7123108004807693 0.6560728245192308 0.7173274278846153 0.671998625 0.720910733173077 0.6777319110576923 0.7040692019230769 0.6541617307692308 0.7001275649038461 0.6274063894230769 0.6965442620192307 0.6235841971153846 0.7062191826923077
6 0.6656283052884615 0.6542612668269231 0.6618061129807693 0.6685944855769231 0.657983920673077 0.6789860673076924 0.6598950168269231 0.699769235576923 0.67390971875 0.7004858966346154 0.6662653365384615 0.6850776850961539 0.6694504951923077 0.6628611971153846 0.6707245600961538 0.6524696129807693 0.6656283052884615 0.6542612668269231
13 0.7981309495192307 0.752085483173077 0.7911235961538462 0.7510104927884615 0.7783829591346154 0.7585354326923077 0.7688274783653846 0.7664187019230769 0.7707385745192308 0.7789602692307693 0.7777459254807693 0.7922184951923076 0.7949457884615385 0.7904268437499999 0.8032272043269231 0.7803935889423077 0.8057753317307692 0.7703603365384615 0.8032272043269231 0.7581771009615385 0.7981309495192307 0.752085483173077
2 0.7853903100961539 0.8495513701923076 0.78857546875 0.8588679615384615 0.7974939158653847 0.8610179447115385 0.8153308100961538 0.8617346057692308 0.8312566081730769 0.8635262572115384 0.8363528653846154 0.8585096322115385 0.829345514423077 0.8506263605769231 0.8185159711538461 0.8459680649038461 0.8070493942307693 0.8438180817307692 0.7879384375 0.8420264302884616 0.7853903100961539 0.8495513701923076
0 0.8758488461538462 0.7721519903846155 0.8809451009615384 0.7732269807692307 0.9134337307692307 0.7728686514423077 0.9325446875 0.7717936586538462 0.9357298485576924 0.7617604062500001 0.9350928149038461 0.7477855168269231 0.8783969735576923 0.7463521947115385 0.8764858774038462 0.7617604062500001 0.8758488461538462 0.7721519903846155
0 0.5598810024038461 0.9989751754807692 0.6200040769230769 1 0.6203990360576923 0.9989751754807692 0.628680451923077 0.9778336778846154 0.6051102692307693 0.9814169807692308 0.6025621418269231 0.9864336081730769 0.5847252475961539 0.9925252259615385 0.5592439711538462 0.9968251923076923 0.5598810024038461 0.9989751754807692
2 0.5299405024038462 0.9986168437499999 0.5605180336538461 0.9928835576923076 0.5942807259615385 0.9860752788461539 0.5987399519230769 0.9817753124999999 0.570073514423077 0.9867919399038462 0.5305775336538462 0.9943168798076923 0.5 0.9996918365384615 0.5299405024038462 0.9986168437499999
2 0.5961918221153846 0.9789086682692307 0.5375848846153846 0.9867919399038462 0.5050962548076924 0.9928835576923076 0.4757927860576923 0.9968251923076923 0.48152607451923074 0.9996918365384615 0.4961778076923077 0.9989751754807692 0.5254812788461538 0.9950335384615384 0.5687994495192308 0.9875086009615385 0.6305915480769231 0.9774753461538462 0.6267693557692307 0.9738920432692308 0.5961918221153846 0.9789086682692307
2 0.4949037451923077 0.9409256394230769 0.4910815528846154 0.9445089447115385 0.5248442451923077 0.9541838677884615 0.5783549278846154 0.9685170841346153 0.6076583990384615 0.9760420240384615 0.6114805889423077 0.9721003894230769 0.5949177596153846 0.96744209375 0.5477773966346153 0.9552588581730769 0.514014701923077 0.9445089447115385 0.4949037451923077 0.9409256394230769
8 0.5656142908653846 0.7341689591346154 0.570073514423077 0.7431272211538461 0.5809030576923078 0.7560271177884614 0.5942807259615385 0.7538771346153846 0.5891844711538462 0.7402605769230769 0.5828141514423076 0.7284356730769231 0.5770808653846153 0.7248523677884615 0.5662513221153846 0.7273606802884616 0.5656142908653846 0.7341689591346154
10 0.571984608173077 0.7241357067307692 0.5815400889423077 0.7201940721153846 0.5649772572115385 0.709085826923077 0.5541477139423077 0.7115941394230769 0.5541477139423077 0.7151774447115385 0.5611550673076923 0.7255690288461539 0.571984608173077 0.7241357067307692
7 0.6242212283653846 0.6539029350961538 0.6095694927884615 0.6531862740384615 0.5987399519230769 0.6539029350961538 0.5917325985576923 0.6603528846153845 0.5834511850961538 0.6671611634615384 0.5783549278846154 0.6728944495192307 0.5955547908653845 0.677911076923077 0.6108435576923077 0.6818527115384616 0.6172138774038461 0.6900943125 0.6293174831730769 0.6847193557692308 0.6382359302884615 0.6775527451923077 0.6369618677884615 0.6693111466346154 0.6293174831730769 0.6589195625000001 0.6242212283653846 0.6539029350961538
0 0.5809030576923078 0.7029942091346153 0.6006510456730769 0.6879443293269231 0.5828141514423076 0.6811360504807692 0.5637031947115385 0.6947526081730769 0.5809030576923078 0.7029942091346153
8 0.5936436947115384 0.6341947596153846 0.5770808653846153 0.6402863774038461 0.5649772572115385 0.6481696490384615 0.55669584375 0.6549779278846154 0.5490514591346154 0.6635778581730769 0.5649772572115385 0.6625028677884616 0.5809030576923078 0.6542612668269231 0.5891844711538462 0.6467363269230769 0.5993769831730769 0.6410030384615385 0.5936436947115384 0.6341947596153846
6 0.6197620048076923 0.6044533317307692 0.6089324615384615 0.6040949999999999 0.6006510456730769 0.6109032788461538 0.5828141514423076 0.6130532620192308 0.5707105456730769 0.6101866177884616 0.5535106826923077 0.6123366009615384 0.5490514591346154 0.616278235576923 0.5426811394230769 0.6220115240384616 0.5426811394230769 0.6245198365384615 0.5656142908653846 0.6234448461538461 0.5643402259615384 0.630611454326923 0.5910955673076923 0.6298947932692307 0.6051102692307693 0.6313281153846154 0.6210360697115385 0.6227281850961539 0.6254952932692308 0.6126949326923077 0.6197620048076923 0.6044533317307692
6 0.6565487788461539 0.5399378076923077 0.6529389326923076 0.5660447403846154 0.65036046875 0.58054859375 0.6534546250000001 0.5895409831730769 0.6874903317307692 0.5915715216346153 0.6900687932692308 0.5689455120192307 0.6941943341346154 0.5439988870192308 0.6941943341346154 0.5236934927884616 0.66944109375 0.5196324134615384 0.6601586274038461 0.5190522596153846 0.6565487788461539 0.5399378076923077
2 0.5632084326923077 0.8030376874999999 0.5735222836538462 0.7963659158653846 0.5740379759615385 0.7856330649038461 0.5755850528846154 0.7682284423076923 0.5750693605769231 0.7580757451923077 0.5647555096153846 0.7583658221153846 0.5467062716346154 0.7618467475961539 0.5394865769230769 0.7708391346153847 0.5389708846153846 0.78621321875 0.5374238052884615 0.7928849903846154 0.5436121177884615 0.8007170697115384 0.5487690408653847 0.8065186105769231 0.5606299711538462 0.8041979951923076 0.5632084326923077 0.8030376874999999
11 0.46419546874999995 0.5329759591346154 0.48327609134615385 0.5399378076923077 0.5085450240384616 0.5335561129807692 0.4920428653846154 0.5245637235576923 0.4647111610576923 0.5187621826923077 0.4456305384615385 0.5187621826923077 0.45542869471153846 0.5274644951923076 0.46419546874999995 0.5329759591346154
6 0.4652268533653846 0.5001972524038462 0.4636797764423077 0.5158614134615385 0.4843074759615385 0.5210828004807693 0.4827603990384616 0.5010674831730769 0.4652268533653846 0.5001972524038462
7 0.5307198028846154 0.5068690240384616 0.5327825745192307 0.5022277908653846 0.5343296514423077 0.4975865600961538 0.5229844158653847 0.4929453269230769 0.5137019495192308 0.4909147860576923 0.4956527115384616 0.4917850192307692 0.4801819375 0.4917850192307692 0.4636797764423077 0.4897544783653846 0.45439731009615386 0.4909147860576923 0.4513031538461538 0.4961361730769231 0.4611013125 0.4990369447115385 0.48585455288461543 0.5001972524038462 0.4894644014423077 0.5216629543269231 0.4997782524038462 0.5271744182692307 0.5106077956730769 0.5263041875 0.5152490288461539 0.52195303125 0.5363924206730769 0.5170217211538461 0.5498004278846154 0.5106400264423077 0.5307198028846154 0.5068690240384616
7 0.5033880985576923 0.4769910889423077 0.4874016322115385 0.4726399326923077 0.4714151634615385 0.4665483149038462 0.4626483894230769 0.4674185456730769 0.4497560769230769 0.4717697019230769 0.44872469230769235 0.4819223990384615 0.4611013125 0.48453309134615385 0.47966624278846154 0.4894644014423077 0.5059665625 0.49033463221153845 0.5100921033653847 0.4871437860576923 0.5193745673076923 0.4801819375 0.5167961057692307 0.475540704326923 0.5033880985576923 0.4769910889423077
4 0.34300772596153845 0.45813608173076925 0.3574471153846154 0.4523345408653846 0.3718865072115385 0.4514643076923077 0.37446496874999996 0.4410215360576923 0.3553843461538462 0.43812076442307696 0.3373351081730769 0.43928107211538464 0.33320956730769236 0.44160168990384613 0.3373351081730769 0.44972384615384614 0.34300772596153845 0.45813608173076925
8 0.3966397475961539 0.41926575721153847 0.38426312740384616 0.4285482235576923 0.37137081490384616 0.4395711490384615 0.3739492764423077 0.4514643076923077 0.3837474350961539 0.4494337692307692 0.3919985144230769 0.44247192067307695 0.40850067548076924 0.42883830048076926 0.4146889855769231 0.4195558341346154 0.40746929086538464 0.4166550625 0.3966397475961539 0.41926575721153847
7 0.4507874615384615 0.4384108413461538 0.43892653365384615 0.43521999519230764 0.43583237980769235 0.4294184543269231 0.42139298798076924 0.4279680673076923 0.4146889855769231 0.43725053365384614 0.41417329326923075 0.4430520745192308 0.42397145192307695 0.45320477163461537 0.4368637644230769 0.45958646634615385 0.4502717692307692 0.4566856947115384 0.4533659254807692 0.4514643076923077 0.4507874615384615 0.44247192067307695 0.4507874615384615 0.4384108413461538
7 0.40024959615384614 0.4474032307692308 0.3909671298076923 0.44827346153846154 0.38632589663461536 0.45117423076923074 0.38735728124999996 0.45929638942307693 0.3883886658653846 0.46277731250000004 0.40128098076923074 0.4650979302884615 0.4105634447115385 0.46248723557692306 0.41933021875 0.4650979302884615 0.42087729567307697 0.45552538701923073 0.41314190865384615 0.4474032307692308 0.40024959615384614 0.4474032307692308
7 0.14549748798076922 0.5457393485576923 0.13776210096153846 0.5541515817307693 0.14446610336538462 0.5625638173076923 0.1594211875 0.5712661274038461 0.16664088221153847 0.5822890552884615 0.17798611778846155 0.5814188245192308 0.19087843028846155 0.5761974375000001 0.20841197596153846 0.5732966682692308 0.2187258269230769 0.5666248966346153 0.2135689014423077 0.5515408894230769 0.198098125 0.5445790408653847 0.17695473317307692 0.5370370360576924 0.16045257211538463 0.5376171923076923 0.14549748798076922 0.5457393485576923
4 0.13260517548076922 0.5347164206730769 0.12538548076923076 0.5413881923076923 0.12125993990384616 0.54689965625 0.12744825 0.5495103509615384 0.14137194951923077 0.5474798100961539 0.15581133894230767 0.5396477307692308 0.15735841586538463 0.5352965745192308 0.14601318028846155 0.5338461899038461 0.13827779326923076 0.5335561129807692 0.13260517548076922 0.5347164206730769
4 0.07897315384615385 0.5367469591346153 0.08155161538461539 0.5405179615384615 0.09650669951923077 0.5445790408653847 0.10836762740384616 0.5361668052884615 0.10114793028846154 0.5294950336538462 0.09083408173076922 0.5274644951923076 0.07433192067307692 0.5248538004807692 0.0702063798076923 0.529785110576923 0.07897315384615385 0.5367469591346153
10 0.02018420432692308 0.4706093942307692 0.03513928846153846 0.4685788533653846 0.03152943990384615 0.4613269278846154 0.018637127403846154 0.4613269278846154 0.01399589423076923 0.4653880072115385 0.02018420432692308 0.4706093942307692
6 0.16457811298076924 0.6316021538461538 0.17901750240384617 0.6295716153846154 0.18159596634615383 0.6179685336538461 0.1872685817307692 0.6014341418269231 0.1614839567307692 0.6069456057692307 0.1599368798076923 0.6205792259615385 0.16457811298076924 0.6316021538461538
5 0.059376836538461535 0.6751137091346154 0.07794176923076922 0.672503016826923 0.06814361057692307 0.6667014759615385 0.06092391586538462 0.6664113990384616 0.052157141826923076 0.6696022451923077 0.059376836538461535 0.6751137091346154
7 0.16303103365384614 0.7792513701923076 0.16096826442307693 0.7769307524038461 0.17540765384615384 0.7667780552884615 0.1888156610576923 0.7627169783653845 0.198098125 0.7603963605769231 0.20377074278846155 0.75256428125 0.2017079735576923 0.7450222788461538 0.18829996875 0.7453123557692307 0.17025073076923075 0.7461825865384615 0.15323287740384617 0.748213125 0.1387934855769231 0.7479230480769231 0.1300267139423077 0.7487932788461538 0.1109460889423077 0.7528543581730769 0.10217931730769231 0.7624269014423077 0.09083408173076922 0.7624269014423077 0.082583 0.7560452067307692 0.07175345673076923 0.7551749735576923 0.06092391586538462 0.7586558990384616 0.06401806971153846 0.769678826923077 0.08722423317307691 0.7780910600961538 0.11249316586538462 0.7882437572115385 0.13827779326923076 0.7911445288461538 0.1589054951923077 0.7844727572115384 0.16303103365384614 0.7792513701923076
6 0.050610064903846154 0.8967325721153846 0.04029621394230769 0.8935417235576922 0.05009437259615384 0.8836791057692307 0.042874675480769224 0.8787477956730769 0.03410790384615385 0.8787477956730769 0.016058665865384618 0.8909310312500001 0.0021349663461538463 0.9141371947115384 0.003682045673076923 0.9260303533653846 0.01966851201923077 0.9329922019230769 0.04648452403846153 0.9286410480769232 0.06762791826923077 0.908045576923077 0.08103592307692307 0.8978928798076923 0.0696906875 0.8938318028846154 0.05834545192307693 0.8999234206730768 0.050610064903846154 0.8967325721153846
6 0.10166362500000001 0.937343358173077 0.0980537764423077 0.9295112788461538 0.10011654567307691 0.9202288125 0.10063223798076923 0.912396733173077 0.08773992548076923 0.9097860384615385 0.07278484375 0.9135570408653847 0.06659653365384616 0.9152975024038461 0.0660808389423077 0.9181982740384615 0.053704218750000005 0.9190685048076923 0.04906298557692308 0.9327021249999999 0.04957868028846154 0.9356028966346154 0.07691038221153847 0.9425647451923077 0.09031838942307693 0.9431448990384615 0.10166362500000001 0.937343358173077
6 0.08464577163461538 0.898763110576923 0.07381622836538461 0.9036944206730768 0.06865930288461539 0.9109463485576923 0.08000453846153846 0.9094959615384616 0.08825561778846154 0.9083356538461539 0.10475777884615385 0.9129768870192307 0.11661870673076923 0.9094959615384616 0.11868147836538462 0.90340434375 0.11558732211538461 0.8973127259615384 0.10578916346153845 0.8938318028846154 0.09392823557692308 0.895862341346154 0.08464577163461538 0.898763110576923
4 0.10939901201923076 0.8810684110576923 0.1284796346153846 0.8799081033653846 0.12641686538461538 0.8732363317307693 0.12590117307692308 0.8651141754807692 0.11919717067307692 0.86598440625 0.10475777884615385 0.8706256370192308 0.10939901201923076 0.8810684110576923
6 0.10063223798076923 0.9936183052884615 0.10785193509615384 0.9979694615384616 0.11765009134615385 0.9921679206730769 0.1279639423076923 0.9860763028846153 0.12022855528846153 0.9802747620192308 0.11249316586538462 0.9788243750000001 0.10063223798076923 0.9849159927884615 0.10063223798076923 0.9936183052884615
6 0.06298668509615385 0.9765037596153847 0.05782975961538461 0.9814350697115385 0.05989252884615385 0.9883969182692307 0.06917499519230769 0.9924579975961538 0.07484761298076924 0.9921679206730769 0.08567715625 0.9860763028846153 0.08670854086538463 0.9802747620192308 0.07897315384615385 0.9782442211538461 0.06298668509615385 0.9765037596153847
6 0.03307651923076923 0.97070221875 0.018121435096153847 0.9773739903846154 0.016058665865384618 0.9875266875 0.03513928846153846 0.9959389206730769 0.041843290865384616 0.999419846153846 0.06814361057692307 0.9985496153846154 0.0702063798076923 0.99564884375 0.082583 0.9904274567307693 0.09753808413461539 0.9860763028846153 0.11146178125 0.9776640673076924 0.10785193509615384 0.9695419110576923 0.10114793028846154 0.9672212932692308 0.07948884615384616 0.9675113701923077 0.06247099278846154 0.9672212932692308 0.04854729326923077 0.9631602163461538 0.03307651923076923 0.97070221875
6 0.11713439903846154 0.9327021249999999 0.09650669951923077 0.9451754374999999 0.08413007932692307 0.9489464399038462 0.06917499519230769 0.9634502932692308 0.08980269471153846 0.9666411394230768 0.10166362500000001 0.9651907548076923 0.11455593750000001 0.9637403701923077 0.11507162980769231 0.9472059783653847 0.11713439903846154 0.9327021249999999
6 0.01915281971153846 0.7708391346153847 0.007291891826923077 0.7757704447115384 0.0016192740384615386 0.7850529110576924 0.01502728125 0.7885338341346154 0.018637127403846154 0.7867933725961538 0.024309745192307695 0.7812819086538462 0.03513928846153846 0.7754803677884615 0.023794052884615387 0.7717093653846153 0.01915281971153846 0.7708391346153847
4 0.06040822115384615 0.14717349038461539 0.04854729326923077 0.14833379807692307 0.042874675480769224 0.14224218028846153 0.03462359615384615 0.1410818701923077 0.027403901442307692 0.13237956009615384 0.021215591346153844 0.13150932932692308 0.01399589423076923 0.13586048557692307 0.0021349663461538463 0.14572310336538463 0.007291891826923077 0.15094449038461538 0.02018420432692308 0.15645595432692308 0.04132759855769231 0.16051703365384615 0.05731406730769231 0.15529564663461537 0.06350237740384615 0.1497841826923077 0.06040822115384615 0.14717349038461539
6 0.18984704567307692 0.3006242451923077 0.23316521875 0.30758609375 0.23574368028846154 0.28931124038461536 0.22903967788461538 0.28205931490384617 0.2166630576923077 0.27393715865384616 0.20634920673076923 0.27973869951923075 0.20222366586538462 0.2678455408653846 0.18829996875 0.2710363870192308 0.17695473317307692 0.2745173125 0.16457811298076924 0.2733570048076923 0.14601318028846155 0.262044 0.14807595192307693 0.2504409158653846 0.1475602596153846 0.24783022355769233 0.13776210096153846 0.24318899038461536 0.13157379086538462 0.24550960817307693 0.13518363701923078 0.23361644951923077 0.13312086778846155 0.22520421394230766 0.11558732211538461 0.23361644951923077 0.11352455288461538 0.24899053125 0.11971286298076923 0.2600134591346154 0.0980537764423077 0.2632043076923077 0.09341254326923076 0.26755546153846155 0.11146178125 0.27509746634615384 0.13208948317307692 0.28263946875 0.16303103365384614 0.2881509326923077 0.18984704567307692 0.3006242451923077
6 0.3847788197115385 0.2994639375 0.3822003557692308 0.2884410096153846 0.3636354254807692 0.28612039423076924 0.3502274206730769 0.28321962259615385 0.3373351081730769 0.2837997764423077 0.32753694951923074 0.286990625 0.31412894471153846 0.29366239663461535 0.2991738605769231 0.2983036298076923 0.30484647836538464 0.3061357091346154 0.3110347884615384 0.30816625 0.3517744975961538 0.34065487740384615 0.36879235096153845 0.3322426442307692 0.37704343269230767 0.32702125721153846 0.38993574519230767 0.3299220264423077 0.39509267067307696 0.3180288677884615 0.39715543990384616 0.3072960168269231 0.3847788197115385 0.2994639375
8 0.7895974495192307 0.1808224254807692 0.7839248317307692 0.18401327403846152 0.7901131418269232 0.19532627884615383 0.7957857596153846 0.20750951442307694 0.8009426850961539 0.21389120913461537 0.8133193052884615 0.21389120913461537 0.8169291538461538 0.21012020913461538 0.8174448461538462 0.20634920673076923 0.8076466899038461 0.19445604807692307 0.8024897644230768 0.18488350480769228 0.7957857596153846 0.18024227163461537 0.7895974495192307 0.1808224254807692
4 0.81074084375 0.16515826682692308 0.8066153028846154 0.16051703365384615 0.7937229903846154 0.16428803605769232 0.7957857596153846 0.16834911298076924 0.81074084375 0.1724101923076923 0.8189919254807693 0.1724101923076923 0.8226017716346153 0.1625475721153846 0.81074084375 0.16515826682692308
6 0.7473106634615385 0.1822728125 0.7571088221153845 0.1877842764423077 0.7643285168269232 0.18430335096153844 0.7617500552884615 0.17328042307692307 0.7540146658653846 0.16660865144230771 0.744732201923077 0.16573842067307692 0.741638045673077 0.17502088461538462 0.7473106634615385 0.1822728125
8 0.8762337932692308 0.35457857692307687 0.8865476442307691 0.3650213485576923 0.9015027283653846 0.36096027163461536 0.8855162596153847 0.34123503125000004 0.8767494879807691 0.33804418509615386 0.8679827139423076 0.33804418509615386 0.8705611778846154 0.34384572596153845 0.8762337932692308 0.35457857692307687
9 0.9669956778846154 0.3638610408653846 0.9649329086538461 0.37314350721153844 0.974215375 0.37981527884615385 0.9860763028846153 0.3806855096153846 0.9953587668269231 0.37314350721153844 0.9948430745192307 0.3682121971153846 0.9891704567307692 0.36241065625 0.9778252211538461 0.36299081009615386 0.9669956778846154 0.3638610408653846
9 0.8489020913461538 0.3737236610576923 0.8540590168269231 0.3763343533653846 0.8597316346153847 0.37488396874999996 0.870045483173077 0.37691450721153846 0.8782965649038462 0.3722732764423077 0.8777808725961538 0.36241065625 0.8679827139423076 0.3571892692307692 0.8550904014423076 0.3592198076923077 0.8437451658653846 0.3658915817307692 0.8489020913461538 0.3737236610576923
7 0.8174448461538462 0.3403648004807692 0.8030054567307693 0.3371739543269231 0.7880503725961538 0.3371739543269231 0.7725795961538461 0.3354334903846154 0.7571088221153845 0.34065487740384615 0.744732201923077 0.3571892692307692 0.7452478942307692 0.37198319951923076 0.7462792788461539 0.37981527884615385 0.7591715913461539 0.3859068966346154 0.7751580600961538 0.38300612740384615 0.7839248317307692 0.3893878221153846 0.8071309951923078 0.3899679759615384 0.8189919254807693 0.37981527884615385 0.8272430048076923 0.3679221201923077 0.8334313149038461 0.35138772836538457 0.8313685456730769 0.3450060336538462 0.8174448461538462 0.3403648004807692
1 0.6137463004807693 0.4323192235576923 0.6060109110576923 0.3975099783653846 0.6018853725961538 0.3815557403846154 0.5915715216346153 0.3806855096153846 0.5647555096153846 0.37488396874999996 0.5430964254807692 0.36734196634615385 0.5198902596153846 0.3638610408653846 0.5116391802884616 0.37111296875 0.5064822548076923 0.3978000552884616 0.4992625600961539 0.41404437019230766 0.48998009374999996 0.41433444711538464 0.4734779326923077 0.4149146009615385 0.4765720889423077 0.43347953125 0.4853388605769231 0.4520444639423077 0.4997782524038462 0.45552538701923073 0.5235001081730769 0.45813608173076925 0.5487690408653847 0.46074677403846154 0.5632084326923077 0.4587162355769231 0.5745536682692308 0.4474032307692308 0.5869302884615385 0.43376960817307697 0.6013696802884616 0.43318945432692313 0.6137463004807693 0.4323192235576923
8 0.6926472572115384 0.4358001490384616 0.6993512596153846 0.4358001490384616 0.6998669519230769 0.43115891586538463 0.6921315625000001 0.42970853124999997 0.6849118677884616 0.4259375288461538 0.6684097067307693 0.42651768269230766 0.6555173942307693 0.4241970673076923 0.6395309254807693 0.42680775961538464 0.6369524639423076 0.43318945432692313 0.6431407740384615 0.4366703798076923 0.6472663149038461 0.4387009182692308 0.6601586274038461 0.43725053365384614 0.6725352475961538 0.43725053365384614 0.6859432524038461 0.4384108413461538 0.6926472572115384 0.4358001490384616
8 0.7663912860576924 0.43725053365384614 0.7509205120192307 0.44160168990384613 0.7390595841346154 0.4462429230769231 0.7297771177884615 0.45117423076923074 0.7380281971153846 0.45726585096153843 0.7591715913461539 0.44972384615384614 0.7761894447115385 0.4418917668269231 0.7792836009615385 0.4387009182692308 0.7746423677884615 0.43521999519230764 0.7663912860576924 0.43725053365384614
4 0.7926916057692307 0.4134642163461538 0.7968171466346153 0.42100621875 0.8117722283653847 0.4207161418269231 0.825180235576923 0.42100621875 0.8277586971153846 0.41375429326923074 0.8287900817307693 0.4030214423076923 0.8153820769230768 0.40360159615384616 0.7901131418269232 0.4030214423076923 0.7926916057692307 0.4134642163461538
7 0.8788122572115384 0.4218764495192308 0.8850005673076923 0.4102733677884615 0.8839691826923077 0.3946092091346154 0.8793279495192308 0.3902580528846154 0.8592159423076923 0.39083820673076924 0.8478707067307693 0.39605959375000005 0.8391039326923077 0.4082428293269231 0.8360097764423077 0.41752529567307695 0.8421980865384615 0.42767799038461535 0.8483863990384616 0.43434976442307693 0.863857173076923 0.43347953125 0.8752024086538461 0.4302886850961538 0.8788122572115384 0.4218764495192308
8 0.8525119375 0.45784600480769233 0.8633414807692308 0.46567808413461537 0.8623100961538461 0.45842615865384617 0.8607630192307693 0.44856353846153846 0.8530276298076923 0.44160168990384613 0.844260858173077 0.4433421514423077 0.8478707067307693 0.45117423076923074 0.8525119375 0.45784600480769233
8 0.8875790288461538 0.48830409375 0.8839691826923077 0.48134224519230767 0.8793279495192308 0.4801819375 0.8705611778846154 0.4810521682692308 0.8607630192307693 0.4819223990384615 0.8597316346153847 0.4917850192307692 0.8623100961538461 0.49874686778846156 0.8617944038461538 0.50947971875 0.8617944038461538 0.517601875 0.8695297908653846 0.5231133389423077 0.8731396394230769 0.5277545721153847 0.8803593341346154 0.5263041875 0.8850005673076923 0.5213728774038462 0.8880947235576924 0.5164415673076923 0.8880947235576924 0.5109301033653846 0.8870633365384616 0.5048384855769231 0.8855162596153847 0.4972964807692308 0.8875790288461538 0.48830409375
4 0.8334313149038461 0.5161514903846154 0.8262116201923076 0.5225331850961539 0.8164134615384615 0.5341362668269231 0.8169291538461538 0.5390675769230769 0.8293057740384615 0.5437088100961538 0.8473550120192308 0.5483500408653846 0.8514805528846154 0.5437088100961538 0.8602473269230769 0.5358767283653847 0.8695297908653846 0.5286248028846153 0.8715925625000001 0.5251438774038462 0.8576688629807693 0.5210828004807693 0.8421980865384615 0.5190522596153846 0.8334313149038461 0.5161514903846154
2 0.7993956081730769 0.4836628605769231 0.8060996105769231 0.49062470913461537 0.8220860793269231 0.48598347596153846 0.8344626995192308 0.47931170432692305 0.8452922427884615 0.46886893269230767 0.8406510096153846 0.46393762259615384 0.8329156225961539 0.46770862259615387 0.8231174639423077 0.4706093942307692 0.813835 0.4735101634615385 0.8060996105769231 0.47960178125 0.7993956081730769 0.4836628605769231
2 0.7132749567307692 0.5059987932692308 0.7101808028846153 0.5086094855769231 0.7153377259615384 0.5135407956730769 0.72101034375 0.5190522596153846 0.728745733173077 0.5228232620192308 0.7359654278846153 0.5271744182692307 0.7421537379807692 0.5277545721153847 0.7478263557692307 0.5213728774038462 0.7380281971153846 0.5152812596153846 0.7251358846153846 0.5088995649038461 0.7132749567307692 0.5059987932692308
7 0.7565931298076923 0.7073122620192307 0.7277143485576923 0.7029611057692308 0.7086337235576923 0.7032511826923076 0.7096651081730769 0.7168848052884615 0.7065709543269231 0.7319688100961539 0.7421537379807692 0.731678733173077 0.7457635865384616 0.7371901971153847 0.7638128245192307 0.7418314302884615 0.7865032956730769 0.7441520456730769 0.8071309951923078 0.7499535865384614 0.8189919254807693 0.7421215072115385 0.8066153028846154 0.7250069615384616 0.7880503725961538 0.7171748822115384 0.7730952908653846 0.7116634182692307 0.7565931298076923 0.7073122620192307
6 0.6580958581730769 0.8044880721153846 0.63746815625 0.8091293052884615 0.6462349278846153 0.8166713076923077 0.6642841682692308 0.8134804615384615 0.6580958581730769 0.8044880721153846
7 0.5900244447115385 0.8271140817307692 0.5791949014423077 0.8334957764423077 0.5735222836538462 0.8436484735576923 0.5791949014423077 0.8532210144230769 0.5879616730769232 0.8604729423076923 0.5956970625 0.8633737115384614 0.60549521875 0.8645340192307691 0.6137463004807693 0.8654042524038462 0.6261229206730768 0.8610530961538461 0.6302484615384615 0.8523507836538461 0.6230287644230769 0.8430683197115385 0.613230608173077 0.832045391826923 0.6049795264423077 0.8256636971153846 0.5900244447115385 0.8271140817307692
7 0.6565487788461539 0.8532210144230769 0.6565487788461539 0.8387171634615385 0.6519075456730768 0.8303049278846154 0.6431407740384615 0.8300148509615385 0.6405623100961539 0.82363315625 0.6230287644230769 0.8247934639423077 0.6152933774038462 0.8343660072115384 0.6230287644230769 0.8407477019230769 0.6281856899038462 0.8474194735576923 0.634374 0.8532210144230769 0.6477820072115384 0.8529309375 0.6565487788461539 0.8532210144230769
4 0.5363924206730769 0.8610530961538461 0.5327825745192307 0.8517706298076924 0.5271099567307692 0.8474194735576923 0.518858875 0.8497400913461538 0.5142176418269231 0.8630836346153846 0.5131862572115384 0.8677248677884616 0.5302041105769231 0.8694653293269231 0.5405179615384615 0.8709157163461538 0.5425807307692307 0.8622134038461537 0.5363924206730769 0.8610530961538461
4 0.5271099567307692 0.8442286274038462 0.5343296514423077 0.8517706298076924 0.5400022692307692 0.8607630192307693 0.5657868942307692 0.8503202451923078 0.5549573533653847 0.8378469326923077 0.5585671995192307 0.8311751610576923 0.5487690408653847 0.8326255456730769 0.5353610360576924 0.8384270865384615 0.5271099567307692 0.8442286274038462
7 0.5379395 0.8213125408653846 0.5121548725961539 0.8189919254807693 0.5116391802884616 0.82363315625 0.50906071875 0.8311751610576923 0.5044194855769231 0.8436484735576923 0.5095764110576924 0.848869860576923 0.5229844158653847 0.844518704326923 0.5281413413461539 0.8427782427884616 0.5415493461538461 0.8355263149038462 0.5420650384615384 0.8317553149038462 0.5430964254807692 0.8213125408653846 0.5379395 0.8213125408653846
9 0.3760120456730769 0.9205188894230769 0.3765277379807692 0.9271906610576923 0.3822003557692308 0.9329922019230769 0.3858102043269231 0.9414044375 0.39870251682692304 0.9405342067307692 0.40901636778846157 0.9353128197115385 0.40901636778846157 0.9269005841346154 0.4007652884615384 0.9190685048076923 0.3909671298076923 0.9196486586538462 0.3760120456730769 0.9205188894230769
0 0.37343358413461536 0.8012972235576924 0.3600255793269231 0.8056483798076923 0.35486865384615385 0.8082590745192307 0.3662138894230769 0.8218926947115384 0.3754963533653846 0.8279843125 0.3858102043269231 0.8216026177884616 0.3852945120192308 0.8166713076923077 0.3785905096153846 0.8065186105769231 0.37343358413461536 0.8012972235576924
7 0.5967284471153846 0.8886104158653846 0.5977598317307693 0.8970226490384616 0.6075579903846153 0.9031142668269231 0.5962127548076923 0.9100761153846153 0.5915715216346153 0.9181982740384615 0.60549521875 0.9263204302884614 0.6049795264423077 0.9231295841346154 0.6178718413461539 0.9216791971153846 0.6256072283653846 0.9147173485576924 0.6307641538461539 0.9071753461538462 0.6194189182692308 0.8961524182692308 0.6049795264423077 0.8880302596153846 0.5967284471153846 0.8886104158653846
6 0.6709881706730769 0.9216791971153846 0.6544860096153846 0.9132669639423077 0.6441721586538461 0.9228395072115384 0.6580958581730769 0.9315418173076923 0.6709881706730769 0.9216791971153846
7 0.7168848052884615 0.8683050216346154 0.7060552620192309 0.8764271802884616 0.6993512596153846 0.8845493365384616 0.6900687932692308 0.8932516466346154 0.6993512596153846 0.899343264423077 0.7137906490384616 0.8999234206730768 0.7349340432692307 0.8999234206730768 0.7524675889423077 0.8929615697115385 0.7602029759615385 0.8822287211538461 0.7529832812499999 0.8706256370192308 0.7437008149038462 0.8648240961538461 0.7271986538461538 0.8642439423076923 0.7168848052884615 0.8683050216346154
7 0.7565931298076923 0.9118165793269231 0.7617500552884615 0.9205188894230769 0.7772208293269232 0.92457996875 0.783409139423077 0.9234196610576924 0.7865032956730769 0.9092058846153847 0.7885660649038461 0.9031142668269231 0.7787679062499999 0.8970226490384616 0.7669069783653846 0.898763110576923 0.7571088221153845 0.9039844975961538 0.7565931298076923 0.9118165793269231
4 0.7772208293269232 0.874396639423077 0.7694854423076923 0.8778775649038462 0.7638128245192307 0.8839691826923077 0.7550460504807692 0.8897707235576923 0.7519518966346154 0.8944119567307692 0.7627814399038461 0.8984730336538462 0.7730952908653846 0.8978928798076923 0.7777365216346154 0.8926714927884615 0.7875346802884615 0.8889004927884615 0.7808306778846154 0.8781676418269231 0.7772208293269232 0.874396639423077
6 0.7493734326923077 0.8607630192307693 0.7534989735576924 0.8714958701923077 0.7602029759615385 0.8804882572115384 0.770516826923077 0.8772974110576922 0.7782522139423077 0.8691752524038462 0.7787679062499999 0.8625034807692308 0.7663912860576924 0.8578622475961539 0.754530358173077 0.8575721706730769 0.7493734326923077 0.8607630192307693
7 0.7380281971153846 0.8378469326923077 0.7369968124999999 0.84480878125 0.7390595841346154 0.85728209375 0.7457635865384616 0.8619233269230769 0.7571088221153845 0.8555416322115386 0.7700011346153846 0.8462591658653846 0.7694854423076923 0.8404576250000001 0.7540146658653846 0.8375568557692308 0.7380281971153846 0.8378469326923077
4 0.8669513293269231 0.823053002403846 0.8757181009615385 0.8369767019230768 0.8788122572115384 0.845098858173077 0.8932516466346154 0.8413278557692307 0.8963458028846154 0.8334957764423077 0.8968614951923077 0.8256636971153846 0.8958301105769231 0.81986215625 0.8808750264423076 0.823053002403846 0.8669513293269231 0.823053002403846
7 0.9484307475961539 0.7096328774038461 0.9329599711538462 0.7119534951923078 0.9370855120192307 0.7183351899038463 0.9355384350961539 0.7293581177884616 0.9463679783653846 0.72761765625 0.959775983173077 0.7264573461538462 0.9685427572115385 0.7183351899038463 0.9757624519230769 0.7128237259615384 0.9736996802884617 0.706732108173077 0.9639015240384615 0.706151954326923 0.9484307475961539 0.7096328774038461
8 0.9123322716346153 0.6893274855769231 0.9133636562499999 0.6933885649038461 0.9164578100961538 0.6945488725961538 0.9174891971153846 0.6983198725961538 0.9262559687499999 0.7049916466346153 0.9386325889423077 0.70644203125 0.9473993629807692 0.7006404903846154 0.9370855120192307 0.6930984879807693 0.930897201923077 0.6907778701923076 0.9247088918269231 0.6907778701923076 0.9174891971153846 0.6875870240384615 0.9123322716346153 0.6893274855769231
4 0.9040811899038462 0.6878771009615385 0.9097538076923077 0.6907778701923076 0.918004889423077 0.6872969471153846 0.9319285865384616 0.6899076394230769 0.9499778245192307 0.6933885649038461 0.9530719807692307 0.6835259447115385 0.9252245841346153 0.6716327860576924 0.9107851923076923 0.668151860576923 0.9009870360576924 0.6748236322115384 0.8973771875000001 0.6823656370192308 0.9040811899038462 0.6878771009615385
6 0.8525119375 0.7458925096153847 0.8659199447115384 0.7395108149038462 0.8917045697115384 0.7267474230769231 0.8994399567307692 0.7148542644230769 0.8808750264423076 0.7221061923076924 0.8545747091346154 0.7351596586538461 0.8437451658653846 0.7406711225961539 0.8525119375 0.7458925096153847
3 0.870045483173077 0.7090527235576923 0.8834534903846154 0.7107931875000001 0.9020184206730769 0.7119534951923078 0.9045968822115384 0.706732108173077 0.9020184206730769 0.7029611057692308 0.8860319519230769 0.7038313365384615 0.8695297908653846 0.7020908749999999 0.870045483173077 0.7090527235576923
2 0.9020184206730769 0.6553884711538461 0.8994399567307692 0.6542281634615384 0.8860319519230769 0.6498770072115385 0.8834534903846154 0.6516174687499999 0.8705611778846154 0.6640907836538462 0.863857173076923 0.672503016826923 0.8566374783653846 0.681785483173077 0.8612787115384616 0.6846862524038462 0.8669513293269231 0.6800450192307692 0.8752024086538461 0.6762740192307692 0.8834534903846154 0.6733732475961538 0.8927359543269231 0.6626403966346154 0.9020184206730769 0.6553884711538461
8 0.8458079350961539 0.6835259447115385 0.8416823942307693 0.6841060985576923 0.8432294735576923 0.6887473317307692 0.8458079350961539 0.6971595649038461 0.8494177836538461 0.7052817235576924 0.8514805528846154 0.7110832644230769 0.8623100961538461 0.7119534951923078 0.8690140985576923 0.7078924158653846 0.8643728653846154 0.7006404903846154 0.8581845552884615 0.6930984879807693 0.8499334759615385 0.6870068677884615 0.8458079350961539 0.6835259447115385
8 0.9241931995192308 0.44682307692307693 0.9138793485576924 0.4474032307692308 0.9133636562499999 0.4523345408653846 0.9076910384615384 0.4575559278846154 0.9107851923076923 0.46596816105769234 0.9107851923076923 0.47409031730769235 0.9118165793269231 0.48279262980769233 0.9159421177884616 0.49149493990384613 0.9236775072115384 0.4909147860576923 0.9365698197115384 0.48888424759615384 0.9365698197115384 0.4790216274038462 0.9319285865384616 0.46277731250000004 0.9324442788461538 0.4558154639423077 0.9293501249999999 0.45436507932692305 0.9241931995192308 0.44682307692307693
2 0.9494621322115384 0.5210828004807693 0.9473993629807692 0.5370370360576924 0.9479150552884616 0.5442889639423076 0.9515249038461538 0.5500905048076923 0.9520405961538461 0.5582126610576923 0.9587445985576923 0.5579225841346154 0.9618387524038461 0.5521210432692307 0.9675113701923077 0.5445790408653847 0.9675113701923077 0.5379072692307691 0.9700898341346154 0.52195303125 0.9494621322115384 0.5210828004807693
8 0.8128036129807692 0.631022 0.7993956081730769 0.6275410745192308 0.7957857596153846 0.631312076923077 0.7880503725961538 0.6405945408653846 0.7787679062499999 0.6475563918269232 0.7751580600961538 0.6536480096153846 0.7787679062499999 0.6571289326923077 0.783409139423077 0.6571289326923077 0.7921759134615385 0.655678548076923 0.7973328389423078 0.6539380865384616 0.8055839182692307 0.6461060048076923 0.8097094591346153 0.6400143870192309 0.8133193052884615 0.635083076923077 0.8128036129807692 0.631022
8 0.7988799158653846 0.6040448341346154 0.8045525336538462 0.6127471466346154 0.8066153028846154 0.6173883774038462 0.8117722283653847 0.6173883774038462 0.8148663846153846 0.6139074543269231 0.8158977692307693 0.6025944495192308 0.8158977692307693 0.5944722908653847 0.8004269927884615 0.5938921370192308 0.7988799158653846 0.6040448341346154
8 0.8504491682692308 0.6388540793269232 0.8525119375 0.6368235408653846 0.8545747091346154 0.630731923076923 0.8489020913461538 0.6284113052884616 0.8354940841346153 0.6208693028846154 0.8272430048076923 0.6156479158653846 0.8143506923076923 0.6133273004807692 0.81074084375 0.6182586105769231 0.8148663846153846 0.6263807668269231 0.8215703870192308 0.6301517692307693 0.8313685456730769 0.634502923076923 0.8416823942307693 0.6397243100961538 0.8504491682692308 0.6388540793269232
8 0.8220860793269231 0.6089761442307693 0.8256959278846154 0.6127471466346154 0.8349783918269231 0.6191288413461538 0.8406510096153846 0.6240601514423076 0.8468393197115385 0.626960920673077 0.8535433221153846 0.6255105360576922 0.8514805528846154 0.617678454326923 0.8427137812500001 0.6112967596153847 0.8365254711538461 0.6060753725961538 0.8308528533653846 0.6066555288461538 0.8220860793269231 0.6089761442307693
8 0.8215703870192308 0.5933119831730769 0.8205390024038461 0.5965028317307692 0.8303371586538462 0.6025944495192308 0.8421980865384615 0.6072356826923077 0.8483863990384616 0.6040448341346154 0.844260858173077 0.5996936778846154 0.8401353173076923 0.5959226778846154 0.8303371586538462 0.5912814447115384 0.8241488485576922 0.5883806730769231 0.8215703870192308 0.5933119831730769
10 0.8231174639423077 0.5724264375 0.8189919254807693 0.5793882860576923 0.8215703870192308 0.5825791322115385 0.8267273125 0.5851898269230769 0.8365254711538461 0.5840295192307692 0.8437451658653846 0.58054859375 0.8432294735576923 0.575907360576923 0.8406510096153846 0.5712661274038461 0.8293057740384615 0.5709760504807693 0.8231174639423077 0.5724264375
6 0.7632971322115385 0.6249303822115385 0.7648442091346154 0.6173883774038462 0.7669069783653846 0.6112967596153847 0.7669069783653846 0.6040448341346154 0.7679383653846154 0.5976631394230769 0.7638128245192307 0.5924417524038461 0.7679383653846154 0.5907012908653846 0.7746423677884615 0.5872203653846154 0.7823777548076923 0.5831592860576923 0.7792836009615385 0.5790982091346154 0.7710325192307692 0.5788081322115385 0.7560774375 0.5857699807692307 0.7426694302884616 0.592731829326923 0.7473106634615385 0.5982432932692308 0.7571088221153845 0.5988234471153846 0.7560774375 0.6049150649038462 0.7581402067307692 0.6086860673076923 0.7565931298076923 0.6263807668269231 0.7550460504807692 0.6371136177884615 0.7596872836538461 0.6469762379807692 0.7627814399038461 0.664961014423077 0.7720639038461539 0.6640907836538462 0.76896975 0.6594495504807691 0.7653599014423077 0.6449456971153846 0.7643285168269232 0.631022 0.7632971322115385 0.6249303822115385
2 0.8922202620192308 0.5698157427884616 0.8850005673076923 0.5674951274038461 0.8767494879807691 0.5689455120192307 0.8669513293269231 0.5796783629807692 0.8566374783653846 0.5898310600961538 0.8489020913461538 0.5979532163461538 0.8525119375 0.5996936778846154 0.863857173076923 0.6034646802884616 0.8690140985576923 0.5999837548076923 0.8772651802884616 0.5904112139423077 0.8829377980769231 0.5822890552884615 0.8875790288461538 0.5764875144230769 0.8922202620192308 0.5698157427884616
2 0.8922202620192308 0.5712661274038461 0.8860319519230769 0.5817089014423077 0.8824221057692309 0.5869302884615385 0.8684984062500001 0.6031746033653846 0.8772651802884616 0.6052051418269231 0.8886104158653846 0.5953425240384616 0.8937673413461538 0.5880905961538462 0.8963458028846154 0.5834493653846153 0.8989242644230769 0.5750371298076923 0.8922202620192308 0.5712661274038461
2 0.9015027283653846 0.5822890552884615 0.8942830336538462 0.5878005192307693 0.8922202620192308 0.5973730625 0.9138793485576924 0.5883806730769231 0.9283187379807691 0.58489975 0.9386325889423077 0.5782279783653845 0.9257402764423077 0.5709760504807693 0.9149107331730769 0.5747470528846154 0.9015027283653846 0.5822890552884615
2 0.9252245841346153 0.618838764423077 0.9314128942307692 0.6208693028846154 0.943789514423077 0.6202891490384614 0.9608073677884617 0.6185486875 0.9628701394230769 0.6089761442307693 0.953587673076923 0.6078158365384615 0.9334756634615384 0.6086860673076923 0.9262559687499999 0.6139074543269231 0.9252245841346153 0.618838764423077
8 0.9731839879807692 0.6107166057692308 0.9685427572115385 0.6168082235576923 0.9690584495192307 0.6220296105769231 0.9680270624999999 0.6295716153846154 0.972668295673077 0.6327624615384615 0.9824664543269231 0.6217395336538462 0.9922646129807693 0.6136173774038461 0.9984529230769231 0.6005639086538461 0.9860763028846153 0.5962127548076923 0.979372298076923 0.6014341418269231 0.9731839879807692 0.6107166057692308
4 0.8906731850961538 0.6356632331730769 0.8684984062500001 0.6266708437499999 0.8633414807692308 0.6359533100961539 0.8494177836538461 0.6484266225961538 0.8432294735576923 0.6548083173076923 0.8581845552884615 0.66031978125 0.8705611778846154 0.664380860576923 0.8870633365384616 0.6475563918269232 0.9045968822115384 0.655968625 0.8865476442307691 0.6696022451923077 0.8958301105769231 0.6701824014423077 0.9025341129807691 0.6655411682692307 0.9159421177884616 0.6516174687499999 0.9221304278846154 0.6492968533653846 0.9020184206730769 0.6417548509615384 0.8906731850961538 0.6356632331730769
7 0.943789514423077 0.6548083173076923 0.9324442788461538 0.6498770072115385 0.9226461225961539 0.6484266225961538 0.9169735024038462 0.6510373149038462 0.9082067307692309 0.6600297043269231 0.9056282692307692 0.664961014423077 0.9174891971153846 0.6690220913461539 0.9272873533653846 0.6710526322115384 0.9329599711538462 0.668151860576923 0.9365698197115384 0.6646709375 0.9448208990384616 0.6611900120192308 0.943789514423077 0.6548083173076923
0 0.7926916057692307 0.91210665625 0.7895974495192307 0.9187784278846153 0.7890817572115385 0.9321219711538462 0.7952700673076923 0.9364731274038461 0.8045525336538462 0.9300914326923077 0.8128036129807692 0.9042745745192308 0.8334313149038461 0.8944119567307692 0.8545747091346154 0.8787477956730769 0.8122879206730769 0.9007936514423077 0.7926916057692307 0.91210665625
0 0.7741266754807692 0.9985496153846154 0.7952700673076923 0.9823053004807693 0.783409139423077 0.9689617572115385 0.7736109831730769 0.9733129110576922 0.7607186682692307 0.9947786129807692 0.7514362043269232 0.9997099230769231 0.7741266754807692 0.9985496153846154
10 0.7751580600961538 0.6826557139423077 0.7736109831730769 0.6855564831730769 0.7844405264423078 0.6864267139423077 0.7885660649038461 0.67714425 0.7885660649038461 0.6733732475961538 0.7803149855769231 0.6719228629807692 0.7756737524038461 0.6765640961538462 0.7751580600961538 0.6826557139423077
4 0.7684540576923078 0.5352965745192308 0.7586558990384616 0.5358767283653847 0.7452478942307692 0.5350064975961538 0.7333869663461539 0.5376171923076923 0.7235888076923077 0.5416782692307692 0.7204946514423077 0.5489301947115385 0.7282300408653846 0.5579225841346154 0.7519518966346154 0.5553118918269231 0.7638128245192307 0.5529912740384615 0.7772208293269232 0.5466095793269231 0.7767051370192307 0.5410981153846154 0.7684540576923078 0.5352965745192308
10 0.7256515769230769 0.41781537259615387 0.7328712740384616 0.40940313701923076 0.7277143485576923 0.40563213701923073 0.7174004975961539 0.4059222139423077 0.7086337235576923 0.40911306009615384 0.7122435721153846 0.4195558341346154 0.7256515769230769 0.41781537259615387
2 0.813835 0.43347953125 0.8091937668269231 0.43173906971153847 0.8055839182692307 0.4369604567307693 0.7999113004807692 0.4523345408653846 0.7957857596153846 0.47205977884615385 0.8081623822115385 0.47322008653846154 0.8158977692307693 0.4735101634615385 0.8174448461538462 0.4604566971153846 0.8174448461538462 0.45001392307692306 0.8153820769230768 0.4395711490384615 0.813835 0.43347953125
7 0.9757624519230769 0.5028079447115384 0.9907175336538461 0.5155713365384615 0.9979372307692308 0.5088995649038461 0.9984529230769231 0.5019377139423077 0.9984529230769231 0.4941056346153846 0.9891704567307692 0.49207509615384615 0.97112121875 0.49642624999999996 0.9757624519230769 0.5028079447115384
4 0.9669956778846154 0.46886893269230767 0.97112121875 0.47583078125 0.9783409134615385 0.475540704326923 0.99690584375 0.4735101634615385 0.9871076875 0.46277731250000004 0.9902018413461539 0.45697577403846157 0.9824664543269231 0.4561055408653846 0.9571975216346154 0.45813608173076925 0.9669956778846154 0.46886893269230767
2 0.953587673076923 0.512960641826923 0.9427581298076924 0.5158614134615385 0.9267716610576924 0.5184721057692308 0.9051125745192308 0.5271744182692307 0.9030498052884616 0.5335561129807692 0.9138793485576924 0.5399378076923077 0.9417267451923077 0.5312354951923077 0.9473993629807692 0.5225331850961539 0.9520405961538461 0.5210828004807693 0.9592602908653846 0.5170217211538461 0.953587673076923 0.512960641826923
7 0.8746867163461538 0.8578622475961539 0.8679827139423076 0.8688851754807693 0.8782965649038462 0.8752668701923076 0.8901574927884616 0.8801981802884615 0.9056282692307692 0.8816485649038461 0.8989242644230769 0.8732363317307693 0.9025341129807691 0.8648240961538461 0.9066596538461538 0.856992016826923 0.8942830336538462 0.8552515552884615 0.8746867163461538 0.8578622475961539
6 0.6647998605769231 0.8334957764423077 0.6725352475961538 0.8407477019230769 0.6880060240384616 0.848869860576923 0.7065709543269231 0.8416179326923078 0.7189475745192309 0.8361064687499999 0.7117278798076924 0.8256636971153846 0.7003826442307692 0.8256636971153846 0.6859432524038461 0.8189919254807693 0.6735666322115385 0.8221827716346154 0.6647998605769231 0.8334957764423077
7 0.6467506225961538 0.8703355600961539 0.6580958581730769 0.8674347908653846 0.6560330865384615 0.8581523245192308 0.6292170745192307 0.8578622475961539 0.6199346105769231 0.8636637884615385 0.6178718413461539 0.8680149447115385 0.6390152331730768 0.8741065625 0.6467506225961538 0.8703355600961539
7 0.6740823245192308 0.6536480096153846 0.6849118677884616 0.6452357740384616 0.6890374086538462 0.6388540793269232 0.6699567860576923 0.6316021538461538 0.6647998605769231 0.6284113052884616 0.6627370889423077 0.6272509975961539 0.6575801634615386 0.6194189182692308 0.674598016826923 0.6228998413461538 0.6818177139423077 0.6199990721153846 0.6740823245192308 0.61419753125 0.645719235576923 0.6069456057692307 0.6302484615384615 0.6072356826923077 0.6230287644230769 0.6127471466346154 0.62457584375 0.6226097644230768 0.6183875336538461 0.6362433870192308 0.6225130721153846 0.6443655432692308 0.6312798461538461 0.6530678557692308 0.63746815625 0.6577090865384616 0.6477820072115384 0.6620602427884615 0.66325278125 0.6574190096153847 0.6740823245192308 0.6536480096153846