8 0.47301017788461536 0.8004269927884615 0.47490886298076923 0.7957857596153846 0.4732475120192308 0.7940980384615385 0.47016214903846154 0.7966296201923077 0.46636477644230767 0.7970515504807693 0.4592447019230769 0.8092875288461538 0.45283663701923077 0.8122410408653846 0.45378598076923077 0.8223673653846154 0.4573460168269231 0.82363315625 0.46138072355769233 0.8173042043269232 0.47182349759615383 0.8059120865384616 0.47301017788461536 0.8004269927884615
1 0.5000664543269231 0.840932298076923 0.5036264903846154 0.8472612500000001 0.5221386802884616 0.8476831802884616 0.5233253581730769 0.8384007163461539 0.5240373653846153 0.82363315625 0.5375655048076923 0.8223673653846154 0.5584510528846154 0.8274305288461539 0.5650964543269231 0.7805962716346154 0.5299707596153846 0.7578120384615384 0.5159679495192308 0.7890348774038463 0.5100345552884615 0.7962076899038462 0.4991171105769231 0.8050682259615385 0.4965064182692308 0.8350252740384616 0.5000664543269231 0.840932298076923
9 0.47704488461538463 0.9105507884615385 0.4817916009615385 0.90000253125 0.4765702139423077 0.8894542764423077 0.47419685576923076 0.8801718100961539 0.46731411778846155 0.8911419975961539 0.46636477644230767 0.9059095552884616 0.4696874759615385 0.91814553125 0.4711114903846154 0.9168797403846154 0.47704488461538463 0.9105507884615385
8 0.5952380961538462 0.8388226466346154 0.6002221466346154 0.8362910649038462 0.6023581682692307 0.8320717620192308 0.5983234591346154 0.8308059711538461 0.598560795673077 0.8248989471153846 0.5909660504807692 0.8253208774038462 0.5833713076923077 0.8227892956730769 0.5757765625 0.8219454350961539 0.5729285336538461 0.8270085985576923 0.5738778774038461 0.8371349254807693 0.5817099567307692 0.8379787860576923 0.5909660504807692 0.8405103677884616 0.5952380961538462 0.8388226466346154
8 0.6111395913461538 0.870045483173077 0.6135129495192307 0.870045483173077 0.6192090072115385 0.8687796923076923 0.6249050649038461 0.8687796923076923 0.6287024375 0.8670919735576923 0.6327371466346154 0.8624507403846154 0.6332118173076923 0.8590752980769231 0.6315504663461537 0.8590752980769231 0.62775309375 0.8535902043269231 0.6251424014423077 0.8548559951923077 0.6201583509615385 0.8561217860576923 0.6135129495192307 0.8578095072115384 0.610664920673077 0.8603410889423077 0.6111395913461538 0.870045483173077
8 0.6697615240384616 0.9392420456730769 0.6752202475961538 0.9320692307692308 0.6783056129807693 0.9185674615384615 0.6830523269230769 0.9067534158653847 0.6821029855769231 0.8974709495192308 0.6783056129807693 0.8924077860576923 0.6737962331730769 0.8953612980769231 0.6711855384615385 0.9050656947115385 0.6681001754807692 0.9160358822115384 0.6657268173076923 0.9257402764423077 0.6666761610576923 0.9354446730769231 0.6671508317307692 0.9405078341346154 0.6697615240384616 0.9392420456730769
8 0.630601125 0.9962026274038462 0.6258544086538461 0.9877640216346154 0.6220570360576924 0.9848105120192308 0.6194463437500001 0.9822789302884616 0.6184970000000001 0.9907175336538461 0.6199210144230769 0.9970464879807692 0.6249050649038461 0.9987342091346154 0.6322624735576923 1 0.630601125 0.9962026274038462
8 0.6192090072115385 0.9704648822115385 0.6173103221153846 0.9704648822115385 0.6135129495192307 0.9831227908653847 0.6158863076923077 0.9856543725961538 0.6173103221153846 0.9822789302884616 0.6201583509615385 0.9746841850961538 0.6192090072115385 0.9704648822115385
8 0.6341611610576923 0.9742622548076922 0.6324998100961537 0.9700429519230769 0.6289397740384615 0.9645578581730769 0.6251424014423077 0.9670894399038462 0.6253797379807692 0.9734183942307693 0.6301264519230769 0.9797473485576924 0.6346358317307692 0.9848105120192308 0.6370091899038461 0.9759499759615384 0.6341611610576923 0.9742622548076922
2 0.6555213798076923 0.8924077860576923 0.6616921081730769 0.8886104158653846 0.6695241899038462 0.882703391826923 0.6685748461538462 0.8793279495192308 0.6638281298076923 0.881015670673077 0.6595560865384615 0.8805937403846154 0.6555213798076923 0.8835472524038461 0.6415185697115385 0.8890323461538461 0.6424679134615385 0.8936735769230769 0.6462652836538462 0.8932516466346154 0.6555213798076923 0.8924077860576923
2 0.6619294447115384 0.9227867644230769 0.6626414519230769 0.9151920216346153 0.660742766826923 0.9071753461538462 0.6578947379807693 0.9025341129807691 0.6550467067307693 0.8974709495192308 0.6507746634615384 0.8949393677884616 0.651486670673077 0.9025341129807691 0.6543346995192307 0.91097271875 0.6574200649038461 0.9202551826923078 0.6619294447115384 0.9227867644230769
10 0.6194463437500001 0.8185699951923078 0.6163609783653846 0.8173042043269232 0.6132756129807693 0.8206796442307692 0.6139876201923077 0.8282743894230769 0.6182596634615384 0.8286963197115385 0.6211076947115385 0.8248989471153846 0.6194463437500001 0.8185699951923078
2 0.6526733509615384 0.8755305769230769 0.6562333870192307 0.8696235528846153 0.653385358173077 0.8696235528846153 0.6498253197115385 0.8666700432692308 0.6441292620192307 0.8746867163461538 0.6441292620192307 0.8839691826923077 0.6450786057692308 0.8852349735576923 0.6498253197115385 0.8835472524038461 0.6526733509615384 0.8755305769230769
4 0.6643028028846154 0.8430419495192307 0.6588440793269231 0.8253208774038462 0.6538600288461538 0.8248989471153846 0.6510119999999999 0.83460334375 0.6529106850961538 0.8388226466346154 0.6538600288461538 0.8489489711538462 0.6569453942307693 0.8569656466346154 0.6643028028846154 0.8430419495192307
7 0.5442728197115385 0.9409554495192308 0.5468154086538461 0.9471706634615384 0.5487223485576923 0.9471706634615384 0.5528540552884615 0.9621436850961539 0.5574624975961538 0.9683589014423077 0.576055173076923 0.9124219567307693 0.5662026442307693 0.898861485576923 0.565249173076923 0.9062067403846155 0.56111746875 0.9095968581730769 0.5569857620192308 0.9214622716346154 0.5519005841346154 0.9310676057692308 0.5442728197115385 0.9409554495192308
7 0.5244088485576923 0.9807893317307692 0.5280638197115385 0.9793767836538462 0.5272692596153846 0.9838969399038462 0.5264747019230769 0.9881345865384615 0.5277459951923077 0.9951973341346154 0.5318777019230769 0.9974574110576923 0.5310831418269231 1 0.5439549951923077 0.9963273725961539 0.5512649374999999 0.9926547451923077 0.5484045264423076 0.9858745096153847 0.5504703798076923 0.9742916057692308 0.5422069663461538 0.9697714495192307 0.5418891442307692 0.9658163125 0.5360094086538462 0.9553634495192308 0.5296529375 0.9680763894230769 0.528381641826923 0.9649687836538461 0.5239321129807692 0.9683589014423077 0.5213895240384615 0.9799418028846154 0.5244088485576923 0.9807893317307692
8 0.6332634110576923 0.9867220384615384 0.630403 0.9793767836538462 0.6253178245192307 0.9785292548076924 0.6237287067307692 0.9830494110576923 0.6246821754807693 0.9864395288461538 0.6307208245192307 0.9949148221153846 0.6332634110576923 0.9974574110576923 0.6346936177884616 0.9937847836538461 0.6332634110576923 0.9867220384615384
2 0.6432748533653846 0.9870045480769231 0.6454996177884615 0.9861570192307691 0.6513793533653847 0.9807893317307692 0.6571001778846154 0.974856627403846 0.6591660312500001 0.9711839975961538 0.6647279423076923 0.9652512932692308 0.6642512067307693 0.9607311346153846 0.6612318846153846 0.9621436850961539 0.6563056201923078 0.9660988221153846 0.6524917355769231 0.9652512932692308 0.6496313245192307 0.9740090961538462 0.6450228822115385 0.9728790576923078 0.6413679134615384 0.9745741153846155 0.641209 0.9822018822115385 0.6432748533653846 0.9870045480769231
8 0.7317887115384616 0.6362686105769231 0.7321859903846154 0.6193180216346155 0.7321859903846154 0.6009548822115385 0.7305968725961538 0.5953046875 0.7305968725961538 0.5882419423076923 0.726226798076923 0.5875356658653846 0.7226512836538461 0.6087239038461538 0.7214594447115386 0.6270870408653846 0.7230485625 0.64121253125 0.7278159158653845 0.6440376298076923 0.7317887115384616 0.6362686105769231
8 0.7361587836538461 0.7895301850961538 0.7333778293269231 0.7803486177884615 0.7309941514423077 0.7676356754807692 0.7290077548076923 0.7619854783653845 0.7266240793269231 0.7619854783653845 0.7254322403846154 0.7690482235576923 0.7258295192307693 0.7761109687500001 0.7274186370192308 0.7951803822115384 0.7305968725961538 0.794474108173077 0.7361587836538461 0.7895301850961538
9 0.7933897235576922 0.8166713076923077 0.7941729326923077 0.8092453365384615 0.7933897235576922 0.8008911177884616 0.7905179615384615 0.7981063774038462 0.7837301586538461 0.794393391826923 0.7769423557692308 0.8036758557692308 0.7772034254807692 0.8120300745192307 0.7800751875 0.8180636778846153 0.7868629903846155 0.8231690336538461 0.7933897235576922 0.8166713076923077
11 0.7962614879807692 0.8473034447115384 0.8022660817307692 0.8468393197115385 0.8108813701923077 0.8366286081730769 0.8132309951923078 0.8250255264423078 0.8072263990384615 0.8124941995192307 0.8043546370192308 0.8083170889423077 0.7980889735576924 0.8138865673076924 0.7918233076923078 0.82409728125 0.7889515456730769 0.8324515 0.7926065168269231 0.8403415937500001 0.7962614879807692 0.8473034447115384
9 0.7017543870192308 0.7883597884615384 0.7025375937499999 0.7939292668269231 0.70018796875 0.8018193629807692 0.7056704254807692 0.8111018293269231 0.7150689230769232 0.8087812115384616 0.7182017548076923 0.7967140072115384 0.710369673076923 0.7841826778846154 0.7017543870192308 0.7883597884615384
10 0.7320384302884615 0.8213125408653846 0.7322994975961539 0.8259537740384615 0.7377819543269231 0.8338438701923077 0.7453529663461538 0.8222407860576924 0.7448308269230769 0.8152789375 0.7320384302884615 0.8213125408653846
8 0.7913011706730769 0.8746867163461538 0.7926065168269231 0.8783997019230768 0.8006996658653847 0.8788638269230769 0.8082706778846155 0.8774714567307692 0.8134920625 0.8765432091346154 0.8134920625 0.8737584711538461 0.8100981610576923 0.870045483173077 0.8038324975961538 0.8626195120192308 0.8025271514423077 0.8691172379807692 0.7988721802884615 0.8691172379807692 0.7954782788461539 0.870509608173077 0.7913011706730769 0.8746867163461538
8 0.8740601514423076 0.9159936875000001 0.8717105264423076 0.9081035913461538 0.8654448629807692 0.9187784278846153 0.8636173774038463 0.9280608942307692 0.8683166250000001 0.9336303725961539 0.8714494567307691 0.92481203125 0.8740601514423076 0.9159936875000001
3 0.8798036754807692 0.9220272908653846 0.8798036754807692 0.9127448245192308 0.8795426057692308 0.9002134975961538 0.87432121875 0.8955722644230769 0.8745822884615385 0.9025341129807691 0.8745822884615385 0.9094959615384616 0.8758876346153847 0.9155295649038462 0.87432121875 0.920634920673077 0.8798036754807692 0.9220272908653846
7 0.8847639927884615 0.8570500336538461 0.8907685889423077 0.8431263341346154 0.8886800336538462 0.8412698413461539 0.8834586466346154 0.8473034447115384 0.8769319134615384 0.8357003629807692 0.868838764423077 0.8352362379807693 0.8644005841346154 0.8417339639423077 0.8667502091346153 0.8542652932692308 0.8683166250000001 0.8672607451923077 0.8795426057692308 0.8719019783653846 0.8847639927884615 0.8570500336538461
8 0.8476921466346153 0.8598347716346153 0.852130326923077 0.8612271418269231 0.8534356730769231 0.8468393197115385 0.8516081875 0.8329156225961539 0.8469089399038462 0.8296667596153846 0.842731829326923 0.8324515 0.84325396875 0.8403415937500001 0.845081454326923 0.8500881826923077 0.8437761057692307 0.8570500336538461 0.8453425240384616 0.8658683749999999 0.8476921466346153 0.8598347716346153
7 0.8140142019230769 0.8756149639423078 0.8213241442307692 0.8723661009615384 0.830722639423077 0.8621553894230769 0.8322890552884614 0.8398774711538461 0.8275898076923076 0.8315232524038462 0.82419590625 0.831987375 0.8168859639423077 0.8403415937500001 0.8082706778846155 0.8459110745192308 0.80748746875 0.8640118822115385 0.8140142019230769 0.8756149639423078
8 0.8484753557692308 0.8635477572115384 0.8445593149038462 0.8654042524038462 0.842731829326923 0.8658683749999999 0.8362050961538461 0.8672607451923077 0.8317669182692308 0.869581360576923 0.8296783629807692 0.8779355793269231 0.8309837091346155 0.8779355793269231 0.8356829567307693 0.8783997019230768 0.8416875528846154 0.8756149639423078 0.8503028413461539 0.870509608173077 0.8516081875 0.8649401274038462 0.8484753557692308 0.8635477572115384
8 0.8505639086538461 0.9127448245192308 0.8492585625 0.90763946875 0.8437761057692307 0.902998235576923 0.8385547211538462 0.8974287572115384 0.8348997499999999 0.9025341129807691 0.8380325817307692 0.9099600865384615 0.8424707596153845 0.9146013173076923 0.8474310769230768 0.9155295649038462 0.8505639086538461 0.9127448245192308
11 0.8025271514423077 0.9350227427884616 0.8067042596153846 0.9475540697115385 0.8215852139423077 0.9401280985576924 0.8312447788461538 0.9345586177884615 0.830722639423077 0.9262043990384616 0.8286340841346154 0.9164578100961538 0.8226294903846154 0.9169219350961538 0.8163638269230769 0.9229555360576923 0.8121867163461538 0.9183143052884616 0.8059210528846154 0.9252761538461538 0.8072263990384615 0.9299173870192308 0.8025271514423077 0.9350227427884616
8 0.8048767740384615 0.9526594254807693 0.8025271514423077 0.9503388100961538 0.798611110576923 0.9494105625 0.7965225552884616 0.9600853990384616 0.7973057644230769 0.9679754951923076 0.8027882211538462 0.9665831250000001 0.8048767740384615 0.9526594254807693
8 0.8223684206730769 0.9586930288461539 0.8221073509615385 0.9526594254807693 0.8171470336538462 0.9498746875 0.8087928149038461 0.9517311802884615 0.80513784375 0.95776478125 0.805659983173077 0.961941891826923 0.8106203004807693 0.9661190024038462 0.8168859639423077 0.961941891826923 0.8223684206730769 0.9586930288461539
2 0.7422201346153846 0.8463751971153847 0.7396094399038462 0.8551935384615384 0.7477025889423078 0.8570500336538461 0.7477025889423078 0.8459110745192308 0.7422201346153846 0.8463751971153847
8 0.7085421899038462 0.92481203125 0.7119360913461539 0.9127448245192308 0.7176796153846153 0.8937157716346154 0.717418545673077 0.8844333052884615 0.7145467836538462 0.8774714567307692 0.7093253966346154 0.8770073341346154 0.7051482884615384 0.8900027836538461 0.7020154543269231 0.9057829759615385 0.7009711778846154 0.9169219350961538 0.7085421899038462 0.92481203125
2 0.7163742692307692 0.9405922211538461 0.7119360913461539 0.9419845913461539 0.7106307427884615 0.9475540697115385 0.7056704254807692 0.9554441658653846 0.7020154543269231 0.9637983846153847 0.6991436923076922 0.9744732187499999 0.7035818701923078 0.9758655889423077 0.7074979110576923 0.9665831250000001 0.7116750216346154 0.9656548774038461 0.7158521298076923 0.9573006586538462 0.7210735168269231 0.9443052067307692 0.7163742692307692 0.9405922211538461
7 0.8461257307692308 0.9596212764423077 0.8550020889423077 0.95776478125 0.8589181298076922 0.9554441658653846 0.8607456129807692 0.9429128365384615 0.8510860480769231 0.9313097572115385 0.8476921466346153 0.9424487139423078 0.8395989975961539 0.9498746875 0.837249372596154 0.95776478125 0.8416875528846154 0.95822890625 0.8461257307692308 0.9596212764423077
13 0.8615288221153846 0.12976886538461538 0.8644005841346154 0.12559175721153845 0.865967 0.11538104567307692 0.865967 0.10052910096153847 0.8644005841346154 0.09913673076923077 0.8597013365384616 0.10052910096153847 0.8565685048076923 0.10238559375 0.8529135336538461 0.11352455288461538 0.8518692572115385 0.12559175721153845 0.8534356730769231 0.13162536057692306 0.8615288221153846 0.12976886538461538
13 0.7226399326923078 0.04437018509615384 0.7239452788461538 0.05040378605769231 0.7307330817307692 0.060150375000000006 0.7380430240384614 0.05782975961538461 0.7390873004807692 0.046690800480769235 0.7346491225961539 0.04019307451923077 0.7320384302884615 0.04251369230769231 0.7281223894230769 0.03972895192307692 0.7234231418269231 0.03972895192307692 0.7226399326923078 0.04437018509615384
7 0.6787255144230768 0.8427822980769231 0.6779587379807693 0.8489165144230769 0.6774475528846153 0.8602761754807692 0.6830705841346153 0.8634568822115385 0.6862654879807693 0.8611849495192309 0.6939332596153847 0.8609577548076923 0.7033901778846154 0.8457358100961538 0.7036457692307692 0.835284923076923 0.7093965985576923 0.8271059663461539 0.7056905072115385 0.8191542043269231 0.7005786610576923 0.8166550793269232 0.698406125 0.8211989447115384 0.7014732331730769 0.8250612283653846 0.7005786610576923 0.830286673076923 0.6991729038461538 0.8252884206730768 0.6953390168269231 0.8225621033653846 0.6950834254807692 0.8198357836538462 0.6911217427884615 0.8225621033653846 0.6863932860576922 0.8273331610576923 0.681664826923077 0.8309682524038462 0.6787255144230768 0.8427822980769231
8 0.7108023557692308 0.9402481850961538 0.7171921634615385 0.93911221875 0.7151474254807693 0.9336595817307691 0.710291170673077 0.9375218677884616 0.7055627115384616 0.9370674807692307 0.7028789927884616 0.937294673076923 0.6936776682692307 0.9404753798076922 0.6883102283653847 0.940929764423077 0.6871600625000001 0.9420657307692307 0.6874156538461539 0.9477455625 0.6930386875000001 0.9459280168269231 0.7028789927884616 0.9454736298076922 0.7049237307692308 0.9447920504807693 0.7054349158653845 0.9418385384615384 0.7108023557692308 0.9402481850961538
2 0.6759139975961539 0.9731912019230768 0.6709299471153846 0.974554360576923 0.6662014879807692 0.9768262932692308 0.6645401370192308 0.9790982259615385 0.6623676033653846 0.9809157692307693 0.6631343798076923 0.9847780552884615 0.6706743557692308 0.9840964759615385 0.6793644951923077 0.9813701562499999 0.6829427884615384 0.9797798052884615 0.6828149927884616 0.9747815528846153 0.681409233173077 0.9729640072115384 0.6759139975961539 0.9731912019230768
2 0.6465208774038461 0.9868227932692307 0.6475432451923078 0.9888675336538462 0.6532940745192307 0.9877315673076923 0.6587893100961538 0.9834148966346153 0.6618564182692308 0.97887103125 0.6630065841346154 0.9750087475961539 0.6650513221153846 0.9747815528846153 0.6679906346153845 0.9709192692307693 0.6659458966346155 0.9686473365384616 0.6624953990384616 0.9720552355769231 0.6598116802884615 0.9725096225961539 0.6555944062500001 0.9770534855769231 0.6511215384615384 0.9811429639423076 0.6465208774038461 0.9868227932692307
7 0.6530384807692309 0.8200629783653847 0.661089641826923 0.8259700024038461 0.6686296153846154 0.8216533293269231 0.6759139975961539 0.8127927956730769 0.6852431201923077 0.7991612019230769 0.6902271706730769 0.7868927692307692 0.6892048004807693 0.7696260865384615 0.6802590673076924 0.7637190625 0.6714411322115384 0.7598567764423076 0.6653069158653846 0.7519050144230769 0.6546998317307692 0.7564488798076923 0.6465208774038461 0.7680357331730769 0.6426869903846154 0.7884831225961538 0.6474154495192308 0.8105208629807692 0.6530384807692309 0.8200629783653847
7 0.6853709158653847 0.8162006923076923 0.6893325961538461 0.8157463076923077 0.6912495408653846 0.8105208629807692 0.6921441129807693 0.8021147139423076 0.6903549663461538 0.7914366346153846 0.6854987115384615 0.8014331346153847 0.6806424567307693 0.8064313846153847 0.6755306105769231 0.8166550793269232 0.6812814374999999 0.8162006923076923 0.6853709158653847 0.8162006923076923
10 0.6966169783653846 0.8184726250000001 0.6987895144230769 0.8152919206730769 0.7003230697115386 0.8075673509615384 0.6964891826923078 0.8032506802884616 0.6952112211538461 0.8032506802884616 0.69278309375 0.8084761250000001 0.6917607235576924 0.8155191129807692 0.6931664831730769 0.8184726250000001 0.6966169783653846 0.8184726250000001
8 0.8001318846153846 0.9413841514423077 0.8049881394230769 0.9395666057692308 0.8084386370192308 0.9345683557692308 0.805243733173077 0.9268437860576924 0.8037101778846154 0.9275253653846154 0.7984705360576924 0.9309332644230769 0.7943810576923076 0.9368402884615384 0.7959146105769231 0.9422929254807693 0.8001318846153846 0.9413841514423077
8 0.8287582307692307 0.9852324423076924 0.8231351971153846 0.9897763052884615 0.8199402932692308 0.9938657836538461 0.8187901274038462 0.9961377163461538 0.8207070697115384 1 0.8246687524038462 0.9995456129807692 0.8323365240384616 0.9929570096153846 0.8334866899038461 0.98636840625 0.8331033004807692 0.9831877019230769 0.8287582307692307 0.9852324423076924
8 0.8406432740384615 0.9743271682692308 0.8380873509615385 0.9802341899038461 0.8360426129807692 0.9852324423076924 0.8348924471153846 0.9927298173076923 0.8369371850961538 0.9947745552884615 0.8389819254807692 0.9925026250000001 0.8417934399038463 0.9872771802884616 0.8429436057692308 0.980688576923077 0.8410266634615385 0.9770534855769231 0.8434547908653846 0.9802341899038461 0.8435825865384616 0.9772806778846154 0.8446049567307692 0.9736455865384616 0.842304625 0.9709192692307693 0.8406432740384615 0.9743271682692308
8 0.8585347403846153 0.9911394639423077 0.8521449302884616 0.9902306923076923 0.8465218990384616 0.9904578846153846 0.8414100528846155 0.9922754302884615 0.8417934399038463 0.9965921009615385 0.842688014423077 0.9990912259615385 0.8483110456730769 0.9995456129807692 0.8582791490384616 0.9984096466346154 0.8585347403846153 0.9911394639423077
7 0.7611540504807692 0.9720552355769231 0.7663936947115384 0.9840964759615385 0.7770007764423077 0.9868227932692307 0.7785343317307691 0.9909122716346155 0.7842851586538462 0.9890947259615385 0.7901637836538461 0.9734183942307693 0.7945088533653847 0.9593324158653846 0.78773565625 0.9459280168269231 0.7781509423076923 0.9388850264423076 0.7730390961538463 0.9400209927884616 0.7654991201923077 0.9477455625 0.7589815144230769 0.9600139951923077 0.7611540504807692 0.9720552355769231
7 0.8046047524038461 0.9104858749999999 0.7964257956730769 0.9070779783653846 0.7874800649038461 0.9095771033653846 0.7831349927884615 0.9125306153846153 0.7771285721153846 0.9118490336538462 0.7749560384615385 0.9141209663461538 0.776234 0.928434139423077 0.7748282427884615 0.9379762548076923 0.7832627908653845 0.9345683557692308 0.7919529302884616 0.9288885264423077 0.8010264591346155 0.9168472860576924 0.8046047524038461 0.9104858749999999
5 0.8291416177884615 0.8916288389423077 0.8276080649038462 0.8873121682692309 0.8254355288461538 0.8904928725961538 0.8236463822115384 0.8959455096153845 0.8245409567307692 0.8959455096153845 0.8274802692307692 0.8950367379807692 0.8291416177884615 0.8916288389423077
5 0.8076718605769231 0.905487625 0.8079274519230769 0.8998077956730769 0.8056271201923076 0.8961727019230769 0.8038379759615384 0.8988990216346154 0.8016654399038461 0.9027613052884615 0.8024322163461538 0.9045788509615384 0.8047325480769231 0.9057148173076922 0.8076718605769231 0.905487625
5 0.8245409567307692 0.8975358629807692 0.8213460504807693 0.8993534086538462 0.8245409567307692 0.9095771033653846 0.82786365625 0.909804295673077 0.82786365625 0.9041244663461538 0.8297805985576924 0.8963998966346154 0.8287582307692307 0.8954911225961539 0.8245409567307692 0.8975358629807692
8 0.813294891826923 0.9066235913461539 0.8163619999999999 0.9029885 0.81661759375 0.8957183173076924 0.8199402932692308 0.8845858485576923 0.8167453894230768 0.883677076923077 0.8150840384615384 0.8866305889423077 0.8124003197115385 0.8945823509615385 0.8100999879807692 0.9011709543269231 0.8115057451923077 0.9029885 0.813294891826923 0.9066235913461539
4 0.5700471947115384 0.7497805600961538 0.5649174110576923 0.7583301995192309 0.56203190625 0.7645999326923077 0.5722914735576923 0.7663098605769231 0.5793449278846153 0.7600401274038462 0.5825510408653846 0.7543403677884615 0.5783830913461538 0.7509205120192307 0.5700471947115384 0.7497805600961538
6 0.8591331274038462 0.9277605769230769 0.8638630889423078 0.9216450721153847 0.86321809375 0.9136184687500001 0.8578431370192308 0.9124718100961539 0.8526831778846155 0.9189695360576924 0.8498882019230769 0.9266139206730769 0.8509631923076924 0.929289454326923 0.85547815625 0.9323472067307693 0.8591331274038462 0.9277605769230769
3 0.7693713461538461 0.8656363125000001 0.7718515048076923 0.8626195120192308 0.7696324134615384 0.8598347716346153 0.7663690480769231 0.8565859086538462 0.7608865913461538 0.8600668341346154 0.7577537596153847 0.8651721899038461 0.7602339182692308 0.8677248677884616 0.763888889423077 0.8691172379807692 0.7654553052884616 0.8670286826923077 0.7693713461538461 0.8656363125000001
6 0.7781171682692307 0.8542652932692308 0.7749843365384615 0.8577462163461539 0.7755064735576924 0.8626195120192308 0.7830774855769231 0.8674928052884615 0.7830774855769231 0.8635477572115384 0.7839912283653846 0.8600668341346154 0.7813805336538462 0.8531049855769232 0.7781171682692307 0.8542652932692308
5 0.7790309110576923 0.8802561947115385 0.7782477019230769 0.8823447499999999 0.7790309110576923 0.89069896875 0.7815110697115385 0.8923234014423076 0.7820332091346154 0.8895386610576923 0.7820332091346154 0.8851294903846154 0.78125 0.8809523822115384 0.7790309110576923 0.8802561947115385
4 0.7372598173076923 0.9023020504807693 0.7377819543269231 0.9083356538461539 0.7388262331730769 0.9120486394230769 0.7416979951923076 0.9101921466346153 0.7450918966346154 0.9111203942307693 0.7474415216346154 0.9141371947115384 0.7516186298076923 0.9178501802884615 0.7529239759615384 0.9127448245192308 0.7517491634615384 0.9062470985576923 0.7507048870192308 0.8995173125 0.7495300745192307 0.8911630937499999 0.7449613605769231 0.8895386610576923 0.7418285288461538 0.8879142307692308 0.7372598173076923 0.8897707235576923 0.7372598173076923 0.8937157716346154 0.7372598173076923 0.9023020504807693
7 0.7351712620192308 0.9429128365384615 0.7386956971153846 0.945929639423077 0.7398705096153846 0.94152046875 0.7416979951923076 0.9405922211538461 0.7461361730769231 0.9401280985576924 0.7456140360576923 0.9322380024038461 0.7437865504807692 0.9296853245192308 0.7392178365384615 0.92434790625 0.73595446875 0.9234196610576924 0.7332132403846153 0.9273647067307693 0.7321689639423077 0.9320059399038462 0.7330827067307693 0.9340944951923077 0.7351712620192308 0.9429128365384615
7 0.8040935673076923 0.9691358028846154 0.7979584375000001 0.9691358028846154 0.7963920216346154 0.971224358173077 0.7965225552884616 0.979114451923077 0.7941729326923077 0.9812030072115385 0.7911706346153846 0.986772485576923 0.7889515456730769 0.9958228894230768 0.7906484951923077 0.9993038149038462 0.793781329326923 0.9997679374999999 0.7956088149038462 0.9969831995192308 0.8000469927884615 0.9990717524038462 0.8052683798076923 0.9965190745192308 0.8111424399038462 0.9883969182692307 0.8129699254807693 0.9765617740384616 0.8157111538461539 0.9647266322115384 0.8124477860576923 0.9682075552884615 0.8098370937499999 0.9686716802884615 0.8055294495192308 0.9654228173076922 0.8040935673076923 0.9691358028846154
8 0.8117728942307691 0.9154950024038461 0.8127449615384615 0.9184328028846154 0.8150779206730768 0.9201609230769231 0.8169248485576923 0.9170503100961539 0.8207159086538461 0.9089281514423077 0.8218823870192308 0.9027069254807691 0.8205214951923078 0.8978681923076923 0.8189661874999999 0.8987322524038461 0.8169248485576923 0.9037437956730769 0.8147863004807692 0.9073728461538462 0.8131337884615385 0.9116931418269231 0.8117728942307691 0.9154950024038461
5 0.8476720649038462 0.9798147572115384 0.8445361442307693 0.9794302764423077 0.8424815745192308 0.9857742091346153 0.8441036009615386 0.9875043725961539 0.8474557932692307 0.9892345360576923 0.848320875 0.9863509302884614 0.8476720649038462 0.9798147572115384
7 0.28804650480769234 0.8788122572115384 0.2947182764423077 0.8813907187500001 0.30022974038461536 0.8757181009615385 0.30255035817307696 0.8654042524038462 0.2990694326923077 0.8525119375 0.29065719951923075 0.8489020913461538 0.2857258894230769 0.8545747091346154 0.2851457355769231 0.8654042524038462 0.28311519471153845 0.8623100961538461 0.2834052716346154 0.8741710240384616 0.28804650480769234 0.8788122572115384
8 0.7376684471153846 0.8796508173076922 0.735125858173077 0.8819108966346154 0.7298817692307692 0.8855835240384615 0.7230485625 0.8971664254807692 0.7238431225961539 0.8991439951923077 0.728928298076923 0.89660140625 0.7330600048076923 0.8934937980769231 0.73830409375 0.8886911322115385 0.7400521225961539 0.8827584254807692 0.7376684471153846 0.8796508173076922
11 0.6946033557692307 0.8884086225961538 0.6928553269230769 0.8827584254807692 0.6885647091346154 0.8807808581730769 0.682049326923077 0.8827584254807692 0.6796656490384615 0.8886911322115385 0.6791889134615385 0.8920812499999999 0.6828438846153847 0.8974489375 0.6852275624999999 0.8982964663461538 0.6914251201923077 0.8960363870192308 0.6946033557692307 0.8884086225961538
7 0.8500190697115385 0.8793683076923077 0.8428680384615385 0.8779557596153846 0.8325387740384615 0.8816283870192307 0.830472920673077 0.8886911322115385 0.8355580985576924 0.8892561514423077 0.8430269519230769 0.8886911322115385 0.8449338918269231 0.8943413293269231 0.8536740408653846 0.8963188966346153 0.8579646586538462 0.8909512115384615 0.8632087475961538 0.8864310528846153 0.8674993653846154 0.8813458774038462 0.8711543341346153 0.8683504254807691 0.868293923076923 0.8675028966346154 0.8657513341346154 0.8593101105769231 0.8641622163461539 0.8559199927884615 0.8584413942307693 0.8573325432692307 0.860189423076923 0.8632652475961538 0.8613018052884616 0.8720230528846155 0.8571700985576923 0.87682571875 0.8500190697115385 0.8793683076923077
8 0.57482721875 0.948102579326923 0.5769632403846153 0.9540096033653847 0.5781499206730769 0.9573850456730769 0.5831339711538461 0.9531657427884616 0.5807606129807692 0.9468367884615384 0.5779125841346153 0.9464148581730769 0.5755392259615385 0.9379762548076923 0.5726911971153846 0.9362885336538462 0.5707925120192308 0.9299595793269231 0.5698431682692308 0.9341788822115386 0.5703178389423077 0.9383981826923077 0.5717418557692308 0.9405078341346154 0.573403204326923 0.9459929278846153 0.57482721875 0.948102579326923
6 0.8490655985576924 0.9751391370192307 0.8517670985576923 0.973444076923077 0.8517670985576923 0.9672288605769231 0.8516081875 0.9596010961538461 0.8487477740384615 0.960448625 0.846681923076923 0.9612961538461539 0.8442982451923077 0.9632737235576924 0.8441393341346154 0.9669463509615385 0.8450928052884615 0.9725965480769231 0.8455695408653846 0.9765516850961539 0.8471586586538462 0.9776817235576923 0.8490655985576924 0.9751391370192307