9 0.7177033485576924 0.9661938942307693 0.7307831875 0.9704659375 0.7489261875 0.9676179086538461 0.7560990024038462 0.9602605 0.7459726754807693 0.9469696971153846 0.7274077451923078 0.9419856466346155 0.7193910697115384 0.9445963389423077 0.7117963269230769 0.9488683822115385 0.7122182572115385 0.9543271057692307 0.713484045673077 0.9581244783653846 0.7177033485576924 0.9661938942307693
9 0.8940701923076924 0.9277455000000001 0.9134789831730769 0.9246601346153847 0.9160105649038462 0.9125560120192309 0.9101035408653846 0.9030625817307693 0.8991333557692307 0.8978411947115384 0.8831000048076922 0.8973665216346153 0.8763491225961538 0.9002145504807693 0.86706665625 0.9075719591346154 0.8742394711538461 0.9208627620192308 0.8940701923076924 0.9277455000000001
8 0.9096816105769231 0.9574124711538462 0.9193860072115385 0.95931115625 0.9210737283653846 0.9545644423076923 0.9155886346153845 0.9500550625 0.9067280985576923 0.9429349879807692 0.8598938413461539 0.9270334927884616 0.8539868197115384 0.9379509375 0.9020868677884616 0.9567004639423077 0.9096816105769231 0.9574124711538462
9 0.03797372115384615 0.7867680552884615 0.0451465360576923 0.7775119615384616 0.035864069711538465 0.7711038966346154 0.027425466346153844 0.7720532403846154 0.020252651442307694 0.7727652475961538 0.019408790865384613 0.7779866322115385 0.023628093750000002 0.7848693701923076 0.03797372115384615 0.7867680552884615
7 0.5421803677884616 0.9937248413461539 0.5523066923076922 0.9813833822115385 0.5388049254807693 0.9669059014423076 0.51264525 0.9581244783653846 0.4949241778846154 0.9718899519230769 0.511801389423077 0.9911141490384616 0.5421803677884616 0.9937248413461539
3 0.43374429326923075 0.9227614495192308 0.41264778124999996 0.9085213028846154 0.3940828509615385 0.8990278725961538 0.3869100360576923 0.9040119230769231 0.4227741057692308 0.9272708293269231 0.43374429326923075 0.9227614495192308
8 0.41138199038461537 0.9061479447115384 0.4164451538461539 0.9061479447115384 0.4071626875 0.8919078004807692 0.3953486418269231 0.8826517043269231 0.3856442451923077 0.8871610841346154 0.3966144326923077 0.898553201923077 0.41138199038461537 0.9061479447115384
6 0.4278372692307692 0.8968918509615385 0.4312127115384615 0.8947558293269231 0.42150831730769234 0.8788543317307693 0.40125566346153846 0.8826517043269231 0.41602322355769233 0.8999772163461538 0.4278372692307692 0.8968918509615385
7 0.39956794230769227 0.8805156826923077 0.40758461778846156 0.8729209399038461 0.4029433846153846 0.8684115600961538 0.40589689663461537 0.8589181298076922 0.3902854783653846 0.8503740408653846 0.3750959903846154 0.8508487115384615 0.37129861778846157 0.863190173076923 0.37636177884615385 0.8793290048076923 0.3869100360576923 0.88407571875 0.39956794230769227 0.8805156826923077
8 0.5805760192307692 0.9711779447115384 0.5763567163461538 0.96951659375 0.5636988100961539 0.9661938942307693 0.5561040649038461 0.9583618125 0.5510409014423077 0.9512417403846154 0.5451338774038461 0.94910571875 0.5404926466346154 0.9524284206730769 0.5451338774038461 0.9533777620192307 0.5506189711538462 0.9600231634615385 0.5835295312500001 0.9839940769230769 0.5936558557692307 0.9856554254807691 0.6037821826923077 0.9763993317307692 0.5915462067307693 0.969041923076923 0.589014625 0.9709406081730769 0.5864830432692307 0.9752126538461539 0.5801540889423077 0.9747379807692307 0.5805760192307692 0.9711779447115384
8 0.5347910841346154 0.9210526322115384 0.5294233966346154 0.9235952187500001 0.5243382211538461 0.9487032788461539 0.5322484951923078 0.9529938990384615 0.5410063004807693 0.9517226033653846 0.5432663774038462 0.9363081610576922 0.5477865360576923 0.9264556322115385 0.5398762596153847 0.9194635144230769 0.5350735937500001 0.9178743966346155 0.5347910841346154 0.9210526322115384
7 0.5831002620192307 0.975241545673077 0.5895979879807692 0.9706331033653846 0.596660733173077 0.9669781346153846 0.5893154783653846 0.9560132211538461 0.5819702235576923 0.9442537499999999 0.5672797139423077 0.9385329254807692 0.5542842620192308 0.9439359278846153 0.5534367307692307 0.952834985576923 0.5644546153846154 0.96491228125 0.576885045673077 0.9695207211538462 0.5831002620192307 0.975241545673077
7 0.6218041081730769 0.9321764567307693 0.6136113221153846 0.9256610721153845 0.5997683413461539 0.9220061009615385 0.5864903798076923 0.922165014423077 0.5763200264423077 0.9248665144230769 0.57462496875 0.9350368677884616 0.5839477932692307 0.9491800144230769 0.5952481850961538 0.96491228125 0.6183860625 0.9730845264423077 0.6195440288461539 0.9754004567307692 0.631691951923077 0.9625286033653846 0.6266067740384614 0.9506102211538461 0.6218041081730769 0.9321764567307693
5 0.5616295168269231 0.9151728966346154 0.5537192427884615 0.9223239254807692 0.5636070865384615 0.9307462500000001 0.5749074783653846 0.91994025 0.5616295168269231 0.9151728966346154
5 0.5644546153846154 0.9363081610576922 0.5734949278846154 0.9377383677884615 0.5751899879807693 0.9269323677884616 0.5675622235576923 0.9266145432692308 0.5644546153846154 0.9363081610576922
11 0.4539932764423077 0.8749682187500001 0.48393931730769235 0.8751271298076924 0.48054919951923075 0.8659102475961539 0.4732039447115385 0.8558988052884615 0.4689662956730769 0.838577420673077 0.44693053125 0.8392130697115385 0.4539932764423077 0.8749682187500001
8 0.4503206490384616 0.8999173653846154 0.47631155288461535 0.9018243076923077 0.4816792379807693 0.8976926009615384 0.4797016706730769 0.8919717764423076 0.4768765721153846 0.8897470120192307 0.46020849278846154 0.8892702764423077 0.4593609615384615 0.8946732764423077 0.4517331971153846 0.8980104254807693 0.4503206490384616 0.8999173653846154
7 0.48676441586538466 0.9502923966346154 0.5065401033653847 0.9487032788461539 0.5119077884615385 0.9480676322115384 0.5048450432692307 0.9388507500000001 0.5201005745192308 0.9460017788461539 0.5195355528846154 0.9499745745192307 0.5116252788461538 0.9501334855769231 0.508517670673077 0.9585558100961538 0.5144503774038461 0.9569666923076923 0.5246207307692308 0.9609394855769231 0.5305534375 0.9620518677884615 0.5350735937500001 0.9544241033653846 0.5243382211538461 0.94965675 0.5249032403846153 0.9394863966346154 0.5280108485576923 0.9258199855769231 0.5254682596153846 0.9207348076923078 0.523773201923077 0.9137426899038462 0.5201005745192308 0.9127892187500001 0.5181230048076924 0.9078629543269231 0.5113427692307693 0.9056381899038463 0.49636975 0.9137426899038462 0.485634375 0.9104055432692307 0.4703788461538462 0.9118357475961538 0.46557617788461536 0.9164441899038462 0.47800661057692306 0.9410755144230769 0.48676441586538466 0.9502923966346154
11 0.6958216802884615 0.9671370456730769 0.7042969735576924 0.9647533677884615 0.6952566610576922 0.9398042211538461 0.6593779134615385 0.9318586322115384 0.6370596370192309 0.928521485576923 0.6350820697115385 0.9313818966346153 0.6396022259615385 0.95505975 0.6958216802884615 0.9671370456730769
5 0.5071051225961538 0.8868866009615384 0.48930700240384617 0.8824370697115385 0.4845043365384616 0.8905415721153845 0.4870469254807693 0.8922896009615384 0.5008899062500001 0.8986460721153846 0.5071051225961538 0.8868866009615384
8 0.4958047283653846 0.884502923076923 0.5014549254807692 0.8824370697115385 0.5014549254807692 0.8744914831730769 0.4924146105769231 0.8660691586538461 0.48393931730769235 0.8662280697115385 0.48619939423076924 0.8754449519230769 0.4958047283653846 0.884502923076923
2 0.7336779951923076 0.89658021875 0.7373506225961539 0.8945143653846154 0.7317004254807693 0.8868866009615384 0.7232251322115384 0.8787821009615384 0.6972342283653846 0.8635265697115385 0.6898889735576923 0.8721078052884615 0.7336779951923076 0.89658021875
7 0.9625109471153847 0.8485888629807692 0.940192670673077 0.8536740408653846 0.9466903966346153 0.8892702764423077 0.9718337716346154 0.9266145432692308 0.9972596538461538 0.9299516899038461 0.9983896947115384 0.8452517163461538 0.9969771442307693 0.8452517163461538 0.9944345576923077 0.8524027451923076 0.9698562019230769 0.8489066875 0.9625109471153847 0.8485888629807692
10 0.8681526682692307 0.9057971009615385 0.8735203557692308 0.9016653942307692 0.8851032572115384 0.8932430721153846 0.8851032572115384 0.8894291899038461 0.8752154134615384 0.8852974831730769 0.8647625504807692 0.8852974831730769 0.8548747067307693 0.8972158653846154 0.8681526682692307 0.9057971009615385
10 0.8834081995192308 0.8879989831730769 0.8952736105769231 0.8840261875 0.8913184735576922 0.8810068653846154 0.8870808269230769 0.8765573365384616 0.8780405120192308 0.8732201875 0.8709777668269231 0.8787821009615384 0.8834081995192308 0.8879989831730769
7 0.8715427860576923 0.8489066875 0.8777580024038462 0.8551042451923077 0.8811481201923077 0.8660691586538461 0.8726728245192308 0.8775108052884615 0.8899059254807693 0.8778286298076924 0.89838121875 0.8759216875 0.8949911009615386 0.8805301298076924 0.901488826923077 0.8873633365384616 0.91363675 0.8884757187500001 0.9221120432692308 0.8851385721153846 0.9167443557692307 0.8732201875 0.907421533653846 0.8616196298076922 0.8932960408653846 0.8516081875 0.88397321875 0.84445715625 0.8743678846153846 0.8425502163461539 0.8715427860576923 0.8489066875
7 0.9099641201923077 0.8907004831730769 0.9243721225961538 0.8976926009615384 0.950080514423077 0.8973747764423077 0.9458428677884616 0.8886346298076924 0.9427352596153846 0.870041951923077 0.9390626322115385 0.8627320120192308 0.9187219254807691 0.8554220697115384 0.91363675 0.8582824807692307 0.924937141826923 0.8668637163461538 0.9283272596153846 0.8762395120192308 0.9232420817307693 0.8856153052884616 0.9142017692307692 0.8873633365384616 0.9099641201923077 0.8907004831730769
8 0.8410317259615384 0.9032545120192308 0.845834391826923 0.902777778846154 0.8478119615384615 0.8961034831730769 0.8517670985576923 0.9002351899038461 0.8551572163461538 0.8978515120192309 0.8557222355769232 0.8934019831730768 0.8582648245192307 0.8910183076923077 0.8571347860576922 0.8865687764423077 0.8495070216346154 0.8848207475961539 0.837641608173077 0.8900648365384616 0.8328389423076923 0.8949911009615386 0.8260587067307692 0.8980104254807693 0.8308613725961538 0.9032545120192308 0.8410317259615384 0.9032545120192308
7 0.8571347860576922 0.8368293918269232 0.8461169014423077 0.830472920673077 0.8373590985576923 0.8253877451923077 0.8226685865384616 0.8193490985576923 0.8074130576923076 0.8217327740384615 0.8099556466346154 0.8263412163461539 0.8060005096153847 0.83635265625 0.8093906274038462 0.8458873629807692 0.8085430961538461 0.8576468341346154 0.8336864711538462 0.8790999230769232 0.8413142355769231 0.8873633365384616 0.8531796490384616 0.8852974831730769 0.8678701586538462 0.8805301298076924 0.8729553341346155 0.8760806009615384 0.8786055312500001 0.8665458942307692 0.8740853749999999 0.8517670985576923 0.8656100793269231 0.8450928052884615 0.8571347860576922 0.8368293918269232
8 0.7735118798076923 0.7874078317307693 0.7644715649038462 0.7848652427884615 0.7607989375 0.7889969495192308 0.7664491346153847 0.7945588605769232 0.7975252139423077 0.8104500384615385 0.8045879591346154 0.8107678605769231 0.8093906274038462 0.8075896274038462 0.8108031754807693 0.8053648605769231 0.8079780769230769 0.8018688028846154 0.7963951754807692 0.7971014495192308 0.7845297620192307 0.7904271538461539 0.7735118798076923 0.7874078317307693
4 0.9037489062499999 0.8125158918269231 0.8969686706730768 0.8150584783653846 0.8921660024038461 0.8190312740384615 0.8794530600961538 0.8203025673076922 0.8986637283653847 0.8476353918269232 0.9243721225961538 0.8382595985576924 0.9286097692307693 0.8339689807692309 0.9376500841346154 0.8338100697115384 0.9365200432692308 0.8285659807692307 0.9311523581730768 0.8225273317307693 0.9240896129807693 0.8161708629807692 0.9175918870192308 0.8150584783653846 0.9037489062499999 0.8125158918269231
7 0.23476565865384616 0.7977370961538461 0.2308105216346154 0.8040935673076923 0.23278808894230768 0.8083841850961538 0.24239342307692308 0.807112891826923 0.24945616826923075 0.8079074495192308 0.25425883653846154 0.8128337139423076 0.2500211875 0.8171243317307693 0.25567138461538463 0.8269768629807692 0.2700793846153846 0.8231629807692307 0.28024973798076924 0.8160119495192307 0.27601209134615384 0.808860920673077 0.27036189423076923 0.79853165625 0.25199875721153847 0.7948766850961538 0.2449360120192308 0.7928108317307692 0.23476565865384616 0.7977370961538461
11 0.25171624759615385 0.7893147716346154 0.25680142307692305 0.794082125 0.26923185576923075 0.7923340961538461 0.2757295817307692 0.7880434783653846 0.2779896610576923 0.7797800673076923 0.27968471875 0.7785087716346154 0.27092691346153847 0.7759661826923078 0.2604740504807692 0.7797800673076923 0.25425883653846154 0.7823226538461537 0.25171624759615385 0.7893147716346154
8 0.30341554326923076 0.82014365625 0.3118908389423077 0.8133104495192308 0.3118908389423077 0.8112445961538461 0.3147159375 0.806159420673077 0.30991326923076923 0.8053648605769231 0.30030793509615383 0.8083841850961538 0.2918326418269231 0.8161708629807692 0.28844252403846155 0.8209382139423076 0.29635279807692305 0.8237986274038461 0.30341554326923076 0.82014365625
10 0.3042630721153846 0.7929697427884614 0.30539311298076927 0.7974192740384616 0.3152809567307692 0.8018688028846154 0.3178235456730769 0.7983727427884616 0.32375625 0.7923340961538461 0.32658134855769233 0.7889969495192308 0.32121366105769233 0.7870900072115384 0.31754103365384617 0.7870900072115384 0.30765318990384616 0.7924930072115385 0.3042630721153846 0.7929697427884614
8 0.33731672115384614 0.8110856850961539 0.34268440865384614 0.80663615625 0.34550950721153845 0.8029811850961538 0.3449444855769231 0.7982138317307693 0.34042432932692307 0.796783625 0.33505664423076925 0.7959890673076924 0.3313840144230769 0.8001207740384615 0.3262988389423077 0.804411391826923 0.3288414278846154 0.8090198317307693 0.33731672115384614 0.8110856850961539
8 0.35398480048076925 0.82284515625 0.3545498197115385 0.8187134495192308 0.3528547620192307 0.8155352139423078 0.3545498197115385 0.8117213317307693 0.3573749182692308 0.8128337139423076 0.3590699783653846 0.8114035096153847 0.35935248798076924 0.8079074495192308 0.3630251153846154 0.8063183317307693 0.363307625 0.8020277139423077 0.36246009615384617 0.7988494783653847 0.3582224495192308 0.7963068894230769 0.3522897427884616 0.7972603605769231 0.3494646442307693 0.8001207740384615 0.3474870745192308 0.808860920673077 0.34579201682692307 0.8176010673076923 0.3497471538461538 0.8215738629807692 0.35398480048076925 0.82284515625
8 0.3367517019230769 0.7761250961538462 0.33336158413461536 0.7810513605769231 0.3367517019230769 0.7808924495192309 0.3421193894230769 0.7820048317307692 0.34522699759615383 0.7855008894230769 0.3517247235576923 0.7883613028846154 0.3602000168269231 0.7883613028846154 0.36472017307692306 0.7869310961538462 0.36613272355769233 0.7835939495192308 0.36161256490384613 0.7810513605769231 0.3545498197115385 0.7781909495192308 0.3440969567307692 0.7758072716346154 0.3367517019230769 0.7761250961538462
5 0.2938102091346154 0.8023455384615384 0.2881600144230769 0.8045703028846154 0.28589993509615386 0.8077485384615385 0.29522275961538463 0.8125158918269231 0.29946040625000003 0.8072718028846153 0.2938102091346154 0.8023455384615384
9 0.2921151514423077 0.7851830673076924 0.30059044471153845 0.783276125 0.3036980528846154 0.7764429182692307 0.3042630721153846 0.7713577427884615 0.29804785817307694 0.7646834471153846 0.29155013221153847 0.7656369182692307 0.2799672283653846 0.7661136538461538 0.2751645625 0.7735825072115384 0.2810972692307692 0.7812102716346154 0.2921151514423077 0.7851830673076924
5 0.2972003269230769 0.7754894471153846 0.29776534615384614 0.7719933894230769 0.2938102091346154 0.7688151538461538 0.28985507211538464 0.7675438605769231 0.2881600144230769 0.7699275360576923 0.2890075432692308 0.7753305360576923 0.2972003269230769 0.7754894471153846
8 0.20353170432692308 0.6772445817307692 0.22550930769230768 0.6846620216346154 0.22722929326923078 0.6798245625000001 0.22493597836538462 0.6774595793269231 0.2063983485576923 0.669719641826923 0.20334059615384614 0.6707946346153846 0.2014295 0.6738046105769231 0.20353170432692308 0.6772445817307692
11 0.3298551394230769 0.7814112475961538 0.32545961778846155 0.7825937403846154 0.31456637259615383 0.779583764423077 0.3130374951923077 0.78119625 0.3099797427884615 0.7862487091346153 0.3008064831730769 0.7899036802884616 0.2971754014423077 0.7876461995192308 0.30099759134615384 0.783453733173077 0.2927798798076923 0.7878611971153846 0.30214425 0.7934511514423076 0.3113175096153846 0.8024810793269231 0.31628635817307693 0.8062435504807692 0.3229751947115385 0.80860853125 0.3290906995192308 0.8025885793269231 0.3329128918269231 0.7960311322115385 0.3371173028846154 0.7946336418269231 0.3399839471153846 0.7905486754807692 0.3396017283653846 0.7917311658653846 0.3407483846153846 0.7894736850961538 0.3378817403846154 0.7853887163461538 0.33329511057692307 0.7816262475961538 0.3298551394230769 0.7814112475961538
11 0.3390283990384615 0.752171483173077 0.3350150985576923 0.7544289639423076 0.3321484543269231 0.7593739254807693 0.3308106875 0.7663613701923077 0.32832626201923076 0.7682963533653846 0.32928181009615387 0.7718438245192308 0.3361617548076923 0.7733488125 0.33864618028846155 0.7723813197115384 0.34227726201923075 0.7694788437500001 0.3443794663461538 0.763888889423077 0.34686389182692307 0.7575464399038462 0.34246837019230775 0.7535689711538461 0.3390283990384615 0.752171483173077
10 0.35775713701923073 0.7767887860576923 0.3589037956730769 0.7747463028846154 0.36043267307692306 0.7729188173076923 0.36215265865384616 0.7710913317307693 0.3564193701923077 0.7692638461538461 0.3524060697115384 0.7693713461538461 0.34896609615384616 0.7720588245192308 0.3506860841346154 0.7761437908653845 0.35546382211538463 0.7767887860576923 0.35775713701923073 0.7767887860576923
5 0.3237396322115385 0.8248409014423077 0.3288995913461538 0.8210784302884615 0.3231663028846154 0.8154884759615384 0.3166685769230769 0.8172084615384616 0.31475748076923077 0.8197884423076923 0.31800634375 0.8235509110576923 0.3237396322115385 0.8248409014423077
8 0.32832626201923076 0.8139834879807691 0.32469518028846156 0.8149509807692308 0.32488629086538456 0.8173159615384615 0.32947292067307693 0.8207559350961537 0.3361617548076923 0.8248409014423077 0.3390283990384615 0.8282808725961538 0.3426594807692308 0.8280658750000001 0.3457172331730769 0.8254858966346154 0.3428505913461538 0.8239809086538461 0.3434239182692308 0.8209709326923077 0.3399839471153846 0.8176384591346154 0.3346328774038462 0.8138759879807692 0.32832626201923076 0.8139834879807691
7 0.24003363461538463 0.7739938076923077 0.24519359375 0.779046266826923 0.2545579639423077 0.7799062596153846 0.2601001418269231 0.779583764423077 0.27022894951923077 0.7764662884615384 0.27500668990384614 0.7747463028846154 0.27710889423076923 0.7685113509615384 0.28054886778846155 0.7643188846153847 0.27538890865384613 0.7637813894230769 0.2507357716346154 0.7628138966346154 0.24519359375 0.7574389399038461 0.23353590865384616 0.7594814230769231 0.23047815624999998 0.7664688677884615 0.23143370432692306 0.7743163052884616 0.24003363461538463 0.7739938076923077
7 0.4013301225961538 0.7808737524038462 0.3879524519230769 0.7785087716346154 0.3799258485576923 0.7793687644230769 0.36865038461538463 0.7850662187499999 0.36349042548076926 0.790978673076923 0.36998815144230773 0.8052760576923077 0.3824102740384615 0.8128009975961539 0.38565913701923077 0.8121560024038461 0.39120131490384613 0.8130159951923077 0.3961701634615385 0.8075335384615384 0.4047700961538461 0.8090385288461538 0.41547223076923073 0.8017285865384616 0.4145166826923077 0.7997936009615384 0.4126055889423077 0.7956011346153846 0.4089745048076923 0.7921611634615384 0.4068723004807693 0.7882911947115385 0.4013301225961538 0.7808737524038462
7 0.36368153605769227 0.8065660480769231 0.36043267307692306 0.8081785336538462 0.35985934374999995 0.8118335048076923 0.35718381009615385 0.8128009975961539 0.3541260552884615 0.8126934975961538 0.3545082740384615 0.8158109735576923 0.3558460432692308 0.8189284495192308 0.3545082740384615 0.8230134158653846 0.3487749879807692 0.8222609230769231 0.3478194399038462 0.8248409014423077 0.34934831730769234 0.8288183701923076 0.3508771923076923 0.8313983485576923 0.35297939903846154 0.8317208461538462 0.3568015889423077 0.8324733413461539 0.35756602884615385 0.8355908149038461 0.3640637548076923 0.8345158245192308 0.36349042548076926 0.8312908485576924 0.3680770552884616 0.8303233581730769 0.3755303293269231 0.834085826923077 0.38202805528846157 0.8317208461538462 0.3854680264423077 0.8248409014423077 0.38107250721153846 0.8181759543269231 0.3824102740384615 0.8155959759615385 0.3831747115384615 0.8135534927884615 0.3791614110576923 0.8115110072115385 0.3726636850961539 0.8065660480769231 0.36673928846153847 0.80860853125 0.36368153605769227 0.8065660480769231
7 0.49440049038461537 0.7859262115384615 0.48694721634615384 0.7861412115384615 0.4789206129807692 0.783346233173077 0.46095631249999997 0.7822712427884616 0.4363031754807692 0.7846362235576922 0.4204410817307692 0.7928061586538462 0.4240721634615384 0.8015135889423076 0.4282765745192308 0.8040935673076923 0.43458318990384615 0.8119410048076923 0.44585865625000004 0.8210784302884615 0.45732523076923076 0.8258083942307692 0.4785383942307692 0.8315058485576923 0.5022359831730769 0.8331183341346153 0.5165692019230769 0.8295708629807692 0.5154225432692308 0.8232284134615384 0.5093070360576923 0.8139834879807691 0.49975155769230767 0.8009760913461539 0.5010893245192307 0.7985036129807692 0.49440049038461537 0.7859262115384615
8 0.4924893942307692 0.8558006538461539 0.48943163942307694 0.8516081875 0.48943163942307694 0.8477382187500001 0.4875205432692308 0.8423632620192307 0.48618277644230773 0.837633298076923 0.4825516947115384 0.8330108365384615 0.47987616105769226 0.8316133461538461 0.47223177884615386 0.8296783629807692 0.47089400961538463 0.8365583076923078 0.4705117908653846 0.84763071875 0.47452509374999996 0.8595631225961539 0.47872950240384615 0.8627880985576923 0.4921071730769231 0.8621431033653846 0.4924893942307692 0.8558006538461539
8 0.43267209375 0.8112960096153846 0.4273210264423077 0.8106510144230769 0.4233077235576923 0.8071035432692307 0.41642777884615384 0.8112960096153846 0.41604556009615384 0.8157034735576923 0.4227343966346154 0.8189284495192308 0.43439208173076926 0.8294633653846154 0.44413866826923076 0.8318283461538462 0.44662309375000003 0.8331183341346153 0.45044528605769235 0.834085826923077 0.45235638221153845 0.8310758509615385 0.45025417548076924 0.828173375 0.4496808461538461 0.82419590625 0.44413866826923076 0.8204334375000001 0.4376409423076923 0.8152734783653847 0.43267209375 0.8112960096153846
7 0.5794442524038461 0.7901186802884616 0.57600428125 0.787001204326923 0.5700798846153846 0.7840987259615384 0.5622443918269231 0.7836687307692307 0.5601421850961539 0.7816262475961538 0.5511600360576924 0.7781862740384615 0.54733784375 0.7796912620192308 0.548293391826923 0.7820562427884615 0.5450445288461538 0.7880761947115384 0.5465734062500001 0.7981811153846153 0.5536444591346154 0.8024810793269231 0.5530711298076922 0.8046310624999999 0.5695065552884615 0.8064585480769231 0.5832664447115385 0.8000086009615385 0.5840308822115385 0.7963536298076923 0.5880441850961539 0.7957086346153847 0.5899552812500001 0.79291365625 0.5847953221153847 0.791193670673077 0.5794442524038461 0.7901186802884616
4 0.6169017307692308 0.8174234615384616 0.6125062115384615 0.8159184735576923 0.6090662379807692 0.8188209495192308 0.6037151706730769 0.8204334375000001 0.5954974591346154 0.8250558990384615 0.5868975264423077 0.8296783629807692 0.5884264038461539 0.8307533533653846 0.6144173076923077 0.8366658076923077 0.619195045673077 0.8450507403846154 0.6226350192307692 0.8460182307692308 0.6339104855769231 0.8453732379807692 0.6398348822115385 0.8388157884615384 0.6499636899038461 0.8322583413461538 0.64881703125 0.8303233581730769 0.6432748533653846 0.8284958725961539 0.633719375 0.8257008942307693 0.6276038677884616 0.8217234254807693 0.6169017307692308 0.8174234615384616
8 0.6988877427884616 0.8052760576923077 0.6897144831730769 0.7949561394230769 0.6690746466346155 0.7800137596153847 0.664679127403846 0.7767887860576923 0.6484348124999999 0.7850662187499999 0.6482437019230769 0.7886136923076923 0.6585636201923077 0.798611110576923 0.6727057283653846 0.8085010312500001 0.6864656201923077 0.8203259374999999 0.692772235576923 0.8249484014423077 0.7097809879807693 0.8283883725961538 0.7137942908653846 0.8322583413461538 0.719909795673077 0.8292483653846153 0.7191453581730769 0.8278508774038461 0.7157053846153846 0.8238734086538462 0.7109276466346154 0.8195734423076922 0.7145587283653847 0.814520983173077 0.7095898798076923 0.8110810120192308 0.6988877427884616 0.8052760576923077
8 0.6518747860576923 0.8210784302884615 0.6503459086538462 0.8251633990384615 0.64881703125 0.8343008245192307 0.6574169639423076 0.8382782932692308 0.6669724423076923 0.8379557956730769 0.6662080024038463 0.8315058485576923 0.6683102091346154 0.8266683870192307 0.6648702355769232 0.8201109399038462 0.6648702355769232 0.8171009639423077 0.66276803125 0.8136609903846155 0.6604747163461538 0.8130159951923077 0.6555058677884615 0.8141984855769231 0.6556969759615385 0.8182834543269231 0.6518747860576923 0.8210784302884615
8 0.9056683100961538 0.78528121875 0.8995528028846155 0.783346233173077 0.9005083509615385 0.7905486754807692 0.9087260625 0.80860853125 0.9144593509615385 0.8047385625 0.9213392956730769 0.8037710697115384 0.923250391826923 0.8003310985576924 0.9198104182692308 0.7931286538461539 0.9156060096153846 0.7849587211538461 0.9144593509615385 0.7868937043269231 0.9056683100961538 0.78528121875
8 0.923632610576923 0.7551814591346153 0.9156060096153846 0.7645338846153845 0.9127393653846153 0.7691563461538462 0.9144593509615385 0.7778637764423078 0.9150326802884615 0.7808737524038462 0.9201926394230769 0.7823787403846154 0.9224859543269232 0.7796912620192308 0.9310858846153847 0.7780787764423077 0.93701028125 0.771521326923077 0.9524901586538461 0.7502364975961539 0.950770170673077 0.7477640168269232 0.9471390889423077 0.74615153125 0.9389213774038462 0.7436790504807692 0.9316592139423077 0.7437865504807692 0.923632610576923 0.7551814591346153
2 0.8026602451923076 0.7299191610576923 0.7927225480769231 0.732284141826923 0.7885181370192308 0.7429265576923078 0.7814470817307692 0.7562564495192308 0.7793448774038462 0.7620614038461538 0.7827848485576923 0.7666838677884615 0.7797270961538462 0.7730263149038462 0.7804915336538462 0.7789387692307692 0.7860337115384616 0.7808737524038462 0.7910025600961539 0.77721878125 0.7950158629807693 0.7693713461538461 0.7994113822115385 0.7671138629807692 0.8093490817307691 0.7506664951923077 0.8131712716346153 0.7426040600961539 0.8116423966346153 0.7404540769230769 0.8116423966346153 0.7379815961538461 0.8120246153846153 0.7366916057692308 0.8101135192307692 0.7362616105769231 0.808202423076923 0.7326066394230769 0.8057179975961539 0.732714139423077 0.8026602451923076 0.7299191610576923
2 0.8380155192307692 0.7819487451923077 0.8408821610576923 0.7786162716346153 0.8450865721153846 0.7758212932692307 0.8492909831730769 0.775498795673077 0.8536865048076923 0.7768962860576922 0.8542598317307692 0.7763587884615385 0.8322822307692307 0.7493765048076924 0.8154645865384615 0.75389146875 0.8137446009615386 0.7576539399038461 0.8185223413461539 0.7619539038461538 0.8254022860576923 0.7719513245192308 0.8319000120192308 0.779583764423077 0.8380155192307692 0.7819487451923077
8 0.7533539735576924 0.80860853125 0.7613805745192308 0.8093610240384616 0.7653938774038462 0.8090385288461538 0.7688338485576923 0.8078560360576923 0.7711271634615385 0.8061360504807692 0.7676871923076922 0.8017285865384616 0.7653938774038462 0.7954936370192307 0.762909451923077 0.7917311658653846 0.7606161370192308 0.7890436875 0.7621450144230769 0.7873237019230769 0.7613805745192308 0.7848512211538462 0.7571761658653846 0.7849587211538461 0.7564117259615385 0.7822712427884616 0.7533539735576924 0.779153766826923 0.7541184110576923 0.7777562788461538 0.748194014423077 0.7776487788461538 0.7478117956730769 0.7838837283653847 0.7472384663461539 0.7924836610576923 0.75029621875 0.7988261105769231 0.7527806442307692 0.8034485721153846 0.7533539735576924 0.80860853125
8 0.7015632764423076 0.7298116610576924 0.6887589350961538 0.7233617139423077 0.6784390168269231 0.7220717235576923 0.6719412908653847 0.7191692475961537 0.6662080024038463 0.7217492259615385 0.6694568653846154 0.7251891995192307 0.6685013197115384 0.7292741658653846 0.6727057283653846 0.7397015817307693 0.6828345384615384 0.7456140360576923 0.6908611394230769 0.7532464735576923 0.6967855360576922 0.7593739254807693 0.7015632764423076 0.763888889423077 0.7103543173076924 0.7722738221153846 0.7178075913461538 0.7750688004807693 0.7243053173076923 0.7736713100961539 0.7267897403846154 0.7707688341346154 0.7308030432692308 0.7700163389423077 0.7363452211538462 0.7679738557692308 0.7382563173076923 0.7623839014423077 0.7332874663461539 0.7567939447115385 0.7229675504807692 0.7514189879807692 0.7153231658653846 0.7442165456730769 0.705194358173077 0.7361541105769231 0.7015632764423076 0.7298116610576924
2 0.7288919471153845 0.7188467500000001 0.7178075913461538 0.71863175 0.7074876730769231 0.716804264423077 0.7011810576923078 0.7184167524038462 0.7000343990384615 0.7232542139423077 0.7025188245192309 0.7259416923076922 0.7139853990384615 0.7295966634615384 0.7363452211538462 0.7351866177884615 0.749340670673077 0.7374441009615385 0.7545006298076923 0.732499139423077 0.7554561778846154 0.7268016850961538 0.7518250961538461 0.7254041971153846 0.748576233173077 0.7276616778846154 0.7392118653846154 0.7274466802884615 0.7332874663461539 0.7240067091346154 0.735007454326923 0.7202442379807692 0.7288919471153845 0.7188467500000001
5 0.779918204326923 0.802911076923077 0.7724649302884615 0.8075335384615384 0.7713182740384615 0.8098985216346153 0.7785804374999999 0.8144134855769232 0.793295875 0.8098985216346153 0.79291365625 0.80860853125 0.7908114519230769 0.8081785336538462 0.7885181370192308 0.806351048076923 0.7835492860576923 0.8040935673076923 0.779918204326923 0.802911076923077
2 0.5502044879807693 0.7175567596153846 0.5440889807692307 0.7198142403846154 0.5496311586538462 0.736584108173077 0.5584221995192308 0.7510964903846153 0.5710354326923077 0.7615239086538461 0.5826931153846154 0.7548589615384615 0.5798264735576922 0.7509889927884615 0.5744754038461538 0.7451840384615385 0.5691243365384615 0.7347566225961538 0.5597599663461538 0.7263716899038462 0.5502044879807693 0.7175567596153846
2 0.6039062788461538 0.7306716538461538 0.5945419110576923 0.7453990360576923 0.5947330192307693 0.7503439975961539 0.5861330889423078 0.7637813894230769 0.5935863629807693 0.7664688677884615 0.6067729230769231 0.7537839687500001 0.6207239230769231 0.7431415552884615 0.6293238533653847 0.7290591682692308 0.6220616899038462 0.7247592019230769 0.6109773341346154 0.7244367043269231 0.6039062788461538 0.7306716538461538
13 0.5184355697115385 0.47261882451923076 0.5374448725961538 0.4700914519230769 0.5440117235576923 0.4564825192307692 0.5381361201923076 0.4417071057692308 0.5246567956730769 0.43159761057692303 0.5142880841346154 0.43043113221153845 0.5049562427884615 0.4329585048076923 0.4980437692307692 0.4411238653846154 0.49562440384615386 0.45337190384615383 0.5042649975961538 0.46503670432692307 0.5184355697115385 0.47261882451923076
7 0.49803157211538457 0.39108187019230767 0.4942093798076923 0.40161678605769235 0.4989871201923077 0.41258169951923074 0.5133203389423077 0.4184941514423077 0.5188625168269231 0.4155916754807692 0.5240224735576923 0.41483918028846156 0.5274624471153846 0.41172170673076924 0.5295646514423077 0.40881922836538465 0.5375912548076923 0.40709924278846155 0.5402667884615384 0.40075679326923075 0.5385468028846154 0.3987143100961538 0.5356801586538462 0.4002192980769231 0.5343423918269231 0.3983918125 0.5375912548076923 0.3962418293269231 0.5354890504807692 0.3930168557692308 0.5295646514423077 0.38968438221153845 0.5192447355769231 0.3885018918269231 0.5125558990384615 0.38688940384615383 0.5075870504807692 0.3869969038461539 0.49803157211538457 0.39108187019230767
10 0.8068646562499999 0.41999913942307693 0.8183312307692308 0.4193541442307692 0.8223445336538462 0.41311919471153846 0.8202423269230769 0.4097867211538461 0.8125979447115385 0.40795923557692304 0.7950158629807693 0.40322927403846154 0.7889003557692308 0.40785173798076924 0.7852692740384615 0.4164516682692308 0.8068646562499999 0.41999913942307693
8 0.7522073149038462 0.3852769182692307 0.748576233173077 0.3848469206730769 0.7390207548076924 0.3930168557692308 0.7562206177884616 0.40118679086538467 0.7766693413461538 0.40914172596153847 0.7860337115384616 0.4100017211538462 0.7919581081730769 0.4051642596153846 0.791193670673077 0.4026917788461538 0.7845048341346155 0.3984993125 0.7671138629807692 0.3911893701923077 0.7522073149038462 0.3852769182692307
2 0.4231166153846154 0.38828689423076923 0.41604556009615384 0.39430684615384615 0.41776554567307694 0.40064929567307694 0.4273210264423077 0.40591675240384617 0.44776974999999997 0.40161678605769235 0.4550319158653846 0.3966718269230769 0.4567519014423077 0.38893188942307694 0.45120972355769234 0.3840944278846154 0.43993425721153845 0.38323443509615385 0.4231166153846154 0.38828689423076923
0 0.27672667548076924 0.44741142067307693 0.28131330528846155 0.4538613701923077 0.3013798100961539 0.4700937403846154 0.3124641658653846 0.46826625480769235 0.3418950432692308 0.4536463701923077 0.34820165865384617 0.4505288966346154 0.33520620673076923 0.4301040600961539 0.34017505769230766 0.4262340889423077 0.33692619471153845 0.4230091153846154 0.3290906995192308 0.42687908413461534 0.32278408413461535 0.42569659375 0.3229751947115385 0.4289215697115385 0.27672667548076924 0.44741142067307693
11 0.27672667548076924 0.45590385336538464 0.2780644423076923 0.4538613701923077 0.2786377716346154 0.4504213966346154 0.2780644423076923 0.4469814230769231 0.2694645120192308 0.4440789471153846 0.25914459375 0.4469814230769231 0.25818904567307693 0.4557963533653846 0.2685089639423077 0.4624613004807693 0.27596223798076924 0.4614938076923077 0.27672667548076924 0.45590385336538464
0 0.44452088942307694 0.5077184375 0.4244543822115385 0.48406862740384615 0.40305010817307696 0.4942810456730769 0.3717081370192308 0.5069659447115384 0.3919657524038461 0.5292182668269231 0.44452088942307694 0.5077184375
8 0.5093070360576923 0.5357757139423077 0.4970760240384615 0.53126075 0.49440049038461537 0.5339482283653847 0.48924053125 0.5379256971153846 0.4938271610576923 0.5411506706730769 0.5054848461538461 0.5448056418269231 0.5167603100961539 0.5501805985576923 0.5280357764423077 0.5512555889423078 0.5349157211538461 0.5526530793269231 0.5375912548076923 0.5493206057692308 0.5328135144230769 0.546848125 0.5314757475961538 0.5451281394230769 0.5240224735576923 0.5411506706730769 0.51790696875 0.5401831778846155 0.5093070360576923 0.5357757139423077
3 0.45426747596153844 0.548568110576923 0.4632496274038462 0.5553405576923077 0.4718495576923077 0.5506105961538462 0.4804494903846154 0.5465256274038461 0.4879027644230769 0.5464181298076923 0.4945915985576923 0.5445906442307693 0.49363605048076925 0.5411506706730769 0.48771165384615384 0.5379256971153846 0.47605396875 0.540935673076923 0.4607652019230769 0.5448056418269231 0.45426747596153844 0.548568110576923
7 0.5752398413461539 0.4661162716346154 0.5591866370192308 0.46955624278846153 0.5419867740384615 0.4698787403846154 0.5261246802884615 0.47751118028846157 0.5400756802884615 0.4858961129807692 0.5597599663461538 0.49041107692307695 0.5721820889423077 0.4924535600961538 0.5909108293269231 0.4952485384615385 0.5975996634615385 0.4911635697115385 0.6153728557692307 0.49234606009615384 0.6595191682692308 0.4814886490384615 0.6665902235576924 0.47278121875 0.6367771274038462 0.4527863774038462 0.6012307451923077 0.4674062596153846 0.5972174447115385 0.46364379086538465 0.5752398413461539 0.4661162716346154
4 0.7090165504807693 0.4639662884615384 0.7587050408653847 0.4539688677884615 0.75029621875 0.44708892307692305 0.7426518365384616 0.4465514278846153 0.7376829879807693 0.4426814591346154 0.6908611394230769 0.4499913990384616 0.7090165504807693 0.4639662884615384
8 0.87967740625 0.49084107211538464 0.880250735576923 0.48449862499999996 0.8863662427884615 0.47697368509615384 0.8888506658653846 0.46966374278846157 0.8909528725961539 0.46450378365384615 0.8859840240384614 0.45708634375 0.8831173798076922 0.45622635096153846 0.8729885721153846 0.4548288605769231 0.8643886394230769 0.46783625721153843 0.8598020096153847 0.4818111466346154 0.8567442572115385 0.4889060889423077 0.8712685865384615 0.49180856490384617 0.87967740625 0.49084107211538464
7 0.7774337812500001 0.47708118269230765 0.7887092451923077 0.4817036466346154 0.7919581081730769 0.48019865865384614 0.7990291634615385 0.48019865865384614 0.8068646562499999 0.48621861057692306 0.8104957379807692 0.48933608653846156 0.8267400528846154 0.4869711033653846 0.8305622451923077 0.48439112500000003 0.8427932572115384 0.4858961129807692 0.85024653125 0.4850361201923077 0.8490998750000001 0.47267371875 0.8441310240384615 0.46729876201923076 0.8433665865384616 0.46127881009615385 0.83629553125 0.45590385336538464 0.8049535600961538 0.45816133413461535 0.7892825745192307 0.4634287932692308 0.7812559711538462 0.45902132692307696 0.7741849182692307 0.45848383173076923 0.7688338485576923 0.4671912620192308 0.7774337812500001 0.47708118269230765
7 0.8009402596153846 0.49675352644230764 0.807820204326923 0.4938510480769231 0.7969269567307692 0.4910560721153846 0.7797270961538462 0.5015909879807693 0.7680694110576923 0.5069659447115384 0.762909451923077 0.5142758846153846 0.7734204783653845 0.51954334375 0.7818293004807693 0.5151358798076923 0.79138478125 0.5169633653846154 0.8068646562499999 0.513415891826923 0.8139357115384616 0.51943584375 0.8401177235576923 0.5175008605769231 0.8466154495192307 0.5163183701923078 0.8326644495192308 0.5057834543269231 0.8420288197115385 0.49976350240384615 0.8292244783653846 0.4978285168269231 0.8261667235576924 0.5021284831730769 0.8124068341346155 0.5015909879807693 0.8068646562499999 0.5012684903846154 0.8049535600961538 0.5041709663461538 0.8009402596153846 0.49675352644230764
2 0.8320911201923077 0.6674621610576923 0.8332377788461538 0.6763845889423077 0.8515842980769232 0.6775670793269231 0.8620953245192309 0.6763845889423077 0.8913350913461537 0.6776745793269231 0.8945839543269231 0.6760620913461538 0.894010625 0.6733746129807692 0.8890417764423078 0.6716546274038462 0.86457975 0.669934639423077 0.8619042163461538 0.6677846586538462 0.8412643822115384 0.6644521850961538 0.8320911201923077 0.6674621610576923
2 0.8617131057692308 0.6888544903846154 0.8548331610576922 0.6946594423076923 0.8689752692307693 0.69928190625 0.8779574206730769 0.6944444447115384 0.8838818173076923 0.6884244927884615 0.8869395721153845 0.6811145504807693 0.8827351610576923 0.6784270721153847 0.87814853125 0.6774595793269231 0.8775752019230769 0.6824045408653846 0.8722241322115385 0.6869195048076923 0.8678286129807693 0.6859520120192308 0.8617131057692308 0.6888544903846154
7 0.8804418461538461 0.7709703942307692 0.8842998701923077 0.77736659375 0.8938434038461539 0.7819353076923077 0.9023716706730769 0.7839912283653846 0.9141487980769232 0.7862755841346154 0.9182098774038461 0.7841054447115384 0.9153671225961539 0.78136421875 0.9125243653846155 0.77736659375 0.9106968822115384 0.7688002548076922 0.9078541250000001 0.7628609278846153 0.9046052620192307 0.7580637788461538 0.8903914879807692 0.7565789471153846 0.8773960360576923 0.7554367692307692 0.8737410649038462 0.7576069086538462 0.874147173076923 0.7602339182692308 0.8788174134615385 0.7620614038461538 0.8804418461538461 0.7709703942307692
8 0.5054012355769231 0.023643091346153847 0.50134015625 0.024556834134615384 0.5001218317307692 0.02889711298076923 0.5025584783653846 0.02969663701923077 0.5045890192307693 0.030381944711538465 0.5096653677884615 0.03563596394230769 0.5206302788461539 0.03803453846153847 0.5315951923076923 0.03597861778846154 0.5419509423076924 0.03986202403846154 0.5514944759615384 0.040661550480769235 0.5606319038461538 0.03449378605769231 0.5701754375 0.029125548076923077 0.5695662764423077 0.024785271634615382 0.5657082524038461 0.023072002403846156 0.5612410649038462 0.021815605769230768 0.5506822620192308 0.020559211538461537 0.5397173485576923 0.02113030048076923 0.5297677067307692 0.020787646634615384 0.5208333341346154 0.019302814903846152 0.5102745288461539 0.02135873557692308 0.5054012355769231 0.023643091346153847
13 0.5791098125 0.025127923076923075 0.5500730985576923 0.04134685576923077 0.5549463942307692 0.04408808413461539 0.5919022091346154 0.05025584855769231 0.6154564663461539 0.0548245625 0.6312946706730769 0.039633588942307695 0.6544428197115385 0.010279605769230768 0.64205653125 0.0009137427884615384 0.6323099423076923 0.0004568701923076923 0.6126137091346154 0.0005710889423076924 0.602461014423077 0.00925164423076923 0.6042885 0.012221307692307691 0.5791098125 0.025127923076923075
8 0.5864197524038461 0.06224872115384616 0.5835769975961539 0.05596674038461539 0.59169915625 0.05105537259615385 0.5780945408653846 0.048199927884615384 0.5545402860576923 0.07264254326923077 0.5521036394230769 0.07892452403846154 0.5606319038461538 0.08372167307692308 0.5805311899038462 0.06795961298076923 0.5864197524038461 0.06224872115384616
2 0.5478395072115385 0.07252832692307692 0.5021523725961539 0.17292580528846152 0.5080409350961539 0.17600968509615383 0.5527128004807692 0.07732547596153846 0.5531189086538462 0.07298519711538462 0.5478395072115385 0.07252832692307692
13 0.49606075480769235 0.3137563966346154 0.4964668605769231 0.3073601971153846 0.49301494471153845 0.29936494951923076 0.48103476201923073 0.2917123533653846 0.46438434134615386 0.2909128293269231 0.45646523798076927 0.2923976610576923 0.44184535336538466 0.30062134615384617 0.43778427644230766 0.31170047596153844 0.4430636778846154 0.3230080408653846 0.45991715384615384 0.32940424038461535 0.486111110576923 0.32563505048076924 0.49606075480769235 0.3137563966346154
0 0.40955977884615385 0.2939967115384615 0.4455003245192308 0.28440241346153844 0.45463775240384613 0.2793768269230769 0.4562621826923077 0.2734375 0.4586988293269231 0.27092470673076924 0.46438434134615386 0.27355171875 0.47230344471153846 0.2711531442307692 0.47758284615384616 0.2727521923076923 0.5033706947115385 0.2616730625 0.4783950625 0.21792763221153846 0.45199805048076924 0.23049159375 0.44732781009615386 0.23231907932692308 0.38539636057692306 0.2521929831730769 0.4063109158653846 0.29342562019230767 0.40955977884615385 0.2939967115384615
13 0.37219785576923076 0.31992415865384616 0.3795077980769231 0.3307748533653846 0.3927063028846154 0.3336303004807692 0.40549869951923073 0.3302037644230769 0.4121994807692308 0.32380756490384616 0.41483918028846156 0.3119289110576923 0.4097628341346154 0.30313413701923075 0.4048895384615384 0.2986796418269231 0.3920971418269231 0.2957099783653846 0.3809291754807692 0.3000502548076923 0.3724009086538462 0.3087308125 0.37219785576923076 0.31992415865384616
13 0.3441764134615385 0.24442617067307693 0.3500649783653846 0.24922331971153847 0.362857375 0.2511650216346154 0.37544671875 0.24625365384615383 0.3870207932692308 0.23802997115384614 0.39006660096153845 0.2285498894230769 0.38681773798076924 0.2221536923076923 0.38275666105769235 0.22158260336538463 0.37991390625 0.21906981009615387 0.3756497716346154 0.21838450240384616 0.36610623798076924 0.21884137499999998 0.35899935096153845 0.22009777163461536 0.34377030528846153 0.24065698076923075 0.3441764134615385 0.24442617067307693
9 0.36671539903846156 0.2186129375 0.37585282692307687 0.21792763221153846 0.37991390625 0.21895559134615386 0.38316276923076925 0.21530062019230767 0.38032001201923077 0.21221674038461538 0.38580246875 0.20810489663461537 0.38478719951923074 0.20376462019230768 0.37585282692307687 0.20102339182692308 0.36610623798076924 0.19851059855769232 0.36001462019230773 0.2039930552884615 0.3573749182692308 0.21198830528846152 0.36062378125000005 0.21964089903846154 0.36671539903846156 0.2186129375
0 0.4919996754807692 0.16447368509615384 0.4729126057692307 0.17189784375 0.44164230048076925 0.19222861778846154 0.41098115625000003 0.2175849783653846 0.4351445745192307 0.23643092067307692 0.4493583485576923 0.2306058125 0.4781920072115385 0.21747075961538462 0.4948424302884616 0.24031432692307692 0.5437784278846154 0.20913285817307692 0.4919996754807692 0.16447368509615384
2 0.6585966514423076 0.2127553966346154 0.5138016514423077 0.23802432932692305 0.5134005576923077 0.23937802403846156 0.5158071225961538 0.2427622548076923 0.6593988413461538 0.21591401442307692 0.6585966514423076 0.2127553966346154
2 0.620893798076923 0.17507761057692306 0.6168828557692307 0.17214461057692307 0.4977578822115385 0.24321348557692307 0.5005655432692308 0.24704894951923076 0.620893798076923 0.17507761057692306
2 0.519015875 0.23057901923076923 0.6064544086538461 0.17891307451923077 0.6666185360576923 0.14168652163461537 0.6610032163461538 0.13852790384615385 0.51781259375 0.22742040384615383 0.519015875 0.23057901923076923
7 0.6565911802884615 0.13694859615384616 0.6930907524038462 0.12273481971153846 0.6975027884615385 0.11528950961538462 0.6858710552884616 0.09137426923076923 0.6678218173076923 0.08911811538461538 0.6557889927884616 0.09746588701923077 0.6309211538461538 0.11032596875 0.6361353774038462 0.12544220673076922 0.6565911802884615 0.13694859615384616
13 0.7560772836538461 0.1808673028846154 0.7661105384615384 0.18946723317307693 0.7825937379807691 0.19054222596153847 0.7909547836538462 0.18557038942307694 0.7890436875 0.18167354567307692 0.7876103653846154 0.17992668509615387 0.7813993052884616 0.17562672115384614 0.7716049375 0.17226737259615385 0.7615716850961539 0.17347673798076924 0.7560772836538461 0.1808673028846154
7 0.2446202644230769 0.2771686153846154 0.2576794206730769 0.26677703365384614 0.24525729807692306 0.2565646153846154 0.2388869783653846 0.2572812740384615 0.2213685985576923 0.26462705048076923 0.21913898798076922 0.2735853125 0.23124259374999998 0.27985609375 0.2446202644230769 0.2771686153846154
13 0.2048083173076923 0.2051169591346154 0.21390513221153845 0.20701754326923077 0.21962313221153848 0.2043859639423077 0.21728394951923077 0.19897660817307694 0.21754386057692307 0.19780701682692306 0.23053931009615386 0.19546783653846156 0.23339831009615386 0.19400584855769232 0.22949967548076922 0.18771929807692309 0.22378167548076922 0.18728070192307691 0.2126055889423077 0.18786549759615384 0.2014295 0.1910818701923077 0.1985705 0.19254386057692308 0.2048083173076923 0.2051169591346154
9 0.3334632884615385 0.1885964903846154 0.3482781033653846 0.1891812860576923 0.3550357379807692 0.18435672596153846 0.3552956466346154 0.17690058413461537 0.35217673798076926 0.17236842067307692 0.3423001947115385 0.1706140360576923 0.3324236514423077 0.17236842067307692 0.3241065625 0.1774853798076923 0.3233268365384615 0.18377193028846153 0.3334632884615385 0.1885964903846154
9 0.4647173485576923 0.12295321634615385 0.4647173485576923 0.11242690144230769 0.4478232620192308 0.10614035096153847 0.4444444447115385 0.1059941514423077 0.43430799278846155 0.11111111057692308 0.43300844711538466 0.12353801201923077 0.4475633533653846 0.13187134615384616 0.4647173485576923 0.12295321634615385
10 0.36309291826923074 0.08713450240384615 0.37192982451923073 0.08508771875 0.3690708245192308 0.08260233894230769 0.36777128124999997 0.07748537980769231 0.36777128124999997 0.0733918125 0.36465237259615385 0.07192982451923077 0.35841455528846156 0.06871344951923077 0.34723846634615385 0.0660818701923077 0.33866146875 0.07295321634615384 0.34256010336538456 0.08040935576923076 0.35009746634615385 0.08479532211538461 0.3586744639423077 0.08669590625 0.36309291826923074 0.08713450240384615
10 0.7334632884615384 0.01023391826923077 0.7267056538461538 0.020760233173076924 0.7287849254807692 0.025438596153846155 0.7542560096153846 0.02573099519230769 0.760753735576923 0.021052632211538462 0.7578947379807693 0.014181286057692309 0.7469785576923077 0.010818713942307693 0.7381416514423077 0.00847953125 0.7334632884615384 0.01023391826923077
8 0.7139701105769232 0.023538012019230767 0.7048732932692308 0.021052632211538462 0.6869395721153846 0.019736841346153847 0.6690058485576924 0.017690057692307692 0.6640675769230769 0.023099415865384613 0.664327485576923 0.030263158653846153 0.7144899278846153 0.035526314903846154 0.7228070168269232 0.03230994230769231 0.7287849254807692 0.031578947115384615 0.7339831057692308 0.02953216346153846 0.7308641971153846 0.02748537980769231 0.7248862908653847 0.026169591346153844 0.7220272908653846 0.02383040865384615 0.7139701105769232 0.023538012019230767
7 0.45769980528846155 0.03230994230769231 0.4509421706730769 0.04269005769230769 0.4483430793269231 0.05438596394230769 0.449642625 0.05950292307692307 0.45354125961538466 0.06652046875 0.4473034447115385 0.07953216346153846 0.4449642620192308 0.09152046875 0.45432098798076925 0.08362573076923076 0.44860298798076925 0.09181286538461539 0.4571799879807692 0.09371344951923076 0.4561403509615385 0.09912280769230769 0.4667966201923077 0.09561403605769231 0.4701754375 0.09152046875 0.47615334615384614 0.08961988221153847 0.4717348918269231 0.08216374278846154 0.46965562019230767 0.07090643269230769 0.4688758942307692 0.0625730985576923 0.4774528918269231 0.06154970673076923 0.48758934374999996 0.06432748557692308 0.4982456129807692 0.06666666586538461 0.5024041586538461 0.06271929807692309 0.5094217019230769 0.0516081875 0.5211176081730768 0.042251461538461536 0.5141000649038461 0.038450293269230766 0.5026640673076923 0.04415204567307692 0.4907082524038462 0.049269004807692314 0.49330734134615384 0.059356725961538466 0.48758934374999996 0.05423976682692307 0.4829109807692307 0.049707603365384614 0.47563352884615384 0.04868421153846154 0.47355425721153843 0.04415204567307692 0.46965562019230767 0.04298245673076923 0.48888888942307696 0.03216374278846154 0.497985704326923 0.027046783653846156 0.5076023389423077 0.02090643269230769 0.5141000649038461 0.010526314903846154 0.5151397019230769 0.005116959134615385 0.5089018846153845 0.005116959134615385 0.4717348918269231 0.01169590625 0.44652371634615384 0.01652046875 0.4478232620192308 0.028654971153846152 0.45821962259615384 0.025 0.4654970769230769 0.026169591346153844 0.45769980528846155 0.03230994230769231
8 0.36439246153846155 0.12967836298076924 0.37374918749999997 0.13318713461538462 0.41195581490384614 0.08391812980769231 0.4137751778846154 0.07353801201923077 0.4090968173076923 0.07236842067307693 0.36439246153846155 0.12967836298076924
13 0.4252111754807692 0.06505847836538461 0.4213125408653846 0.07353801201923077 0.4137751778846154 0.07616959134615385 0.4137751778846154 0.08464912259615386 0.4163742692307692 0.08567251442307693 0.41403508653846155 0.08845029326923076 0.41819363221153844 0.09210526201923078 0.42339181249999996 0.08771929807692308 0.4441845360576923 0.08347953125 0.4415854447115385 0.0798245625 0.44600389903846155 0.0790935673076923 0.4501624423076923 0.07280701682692307 0.4517218966346154 0.061257310096153844 0.44808317067307696 0.05 0.4501624423076923 0.037865497596153846 0.4447043533653846 0.03625731009615384 0.43846653605769226 0.038011694711538466 0.4361273557692308 0.04005847836538461 0.4345679014423077 0.04561403605769231 0.42365172115384614 0.0440058485576923 0.41689408653846155 0.04663742788461538 0.4155945408653846 0.05584795432692307 0.42625081249999996 0.060672514423076924 0.4252111754807692 0.06505847836538461
6 0.387004548076923 0.08494152163461538 0.3966211826923077 0.08523391826923077 0.402859 0.08201754326923077 0.40649772596153844 0.07324561298076923 0.41117608894230767 0.07149122836538462 0.4205328125 0.07280701682692307 0.42313190384615385 0.0660818701923077 0.4239116298076923 0.06184210576923077 0.4153346322115385 0.05643274759615385 0.4155945408653846 0.04663742788461538 0.42027290384615384 0.04415204567307692 0.4155945408653846 0.037426901442307696 0.39558154567307696 0.03596491346153846 0.37192982451923073 0.04254386057692308 0.3628330096153846 0.045906432692307694 0.36855100721153844 0.08347953125 0.387004548076923 0.08494152163461538
7 0.20740740625 0.04415204567307692 0.19623131971153845 0.060672514423076924 0.21572449759615384 0.0741228076923077 0.21780376923076925 0.07105263221153846 0.23313840144230769 0.053070175480769234 0.2536712139423077 0.056286550480769235 0.2783625721153846 0.017397661057692308 0.2783625721153846 0.014912281250000001 0.25185185096153845 0.022514620192307693 0.2385964903846154 0.01798245673076923 0.21754386057692307 0.026608187499999998 0.20740740625 0.04415204567307692
6 0.3539961009615385 0.039181286057692305 0.3571150096153846 0.04809941586538462 0.35919428125 0.050146199519230765 0.3581546466346154 0.053216374999999996 0.36101364423076926 0.05643274759615385 0.3641325528846154 0.056286550480769235 0.36231318990384614 0.04561403605769231 0.3893437307692308 0.03669590625 0.3831059134615385 0.01637426923076923 0.3721897331730769 0.01798245673076923 0.36725146153846155 0.02514619951923077 0.36803118990384615 0.027777778846153844 0.3576348269230769 0.03333333413461538 0.3539961009615385 0.039181286057692305
13 0.4220922668269231 0.09897660817307694 0.4096166346153846 0.10584795432692308 0.40259909134615385 0.11374268990384614 0.41091618028846155 0.11856725240384615 0.41403508653846155 0.1160818701923077 0.45432098798076925 0.10248537980769232 0.45536062259615384 0.0983918125 0.4551007139423077 0.09400584855769231 0.4462638076923077 0.09195906490384614 0.44002599038461543 0.09400584855769231 0.4220922668269231 0.09897660817307694
4 0.33261331490384616 0.16802987259615382 0.3348963004807692 0.17188240865384616 0.3413940264423077 0.17059823076923075 0.3384085841346154 0.1648688173076923 0.3355987572115385 0.16071993028846154 0.32980348798076925 0.16002844951923076 0.3261155889423077 0.15894183653846156 0.33015471634615384 0.15716374278846154 0.3364768269230769 0.1573613076923077 0.3410427980769231 0.15775643990384614 0.3310327860576923 0.15429903605769232 0.3275205024038461 0.15103919711538463 0.32260330528846154 0.14935988701923078 0.30556872596153845 0.14412438701923078 0.3043394278846154 0.1419511610576923 0.30047591346153846 0.1436304735576923 0.30135398557692306 0.15350877163461538 0.31909102163461533 0.16210289182692308 0.33261331490384616 0.16802987259615382
6 0.2634213173076923 0.062035718749999996 0.23953778365384615 0.07734708413461538 0.24410375240384616 0.0914730528846154 0.2520063918269231 0.10421605769230768 0.2639481586538462 0.10619171875000001 0.27501185336538464 0.09819029567307692 0.274660625 0.09384384375 0.27869975240384615 0.08692903365384616 0.2697434278846154 0.08376797836538462 0.26693360096153845 0.07388968028846153 0.2634213173076923 0.062035718749999996
6 0.2851974783653846 0.06944444471153846 0.2804558942307692 0.06835783173076923 0.27413378365384616 0.07606290384615386 0.2880073052884615 0.08011300721153845 0.30802732451923076 0.08515093990384615 0.3131201370192308 0.08268136538461539 0.32049593509615387 0.0813971875 0.32365699038461543 0.08357041346153847 0.32734488942307693 0.08218744951923077 0.32488629086538456 0.08979374038461539 0.32910103124999995 0.09927690865384615 0.33963788221153846 0.09917812499999999 0.35035035096153844 0.08712660096153847 0.3456087668269231 0.08347162980769231 0.3378817403846154 0.07774221634615384 0.3210227764423077 0.07102497355769231 0.2899390625 0.06361624759615385 0.2851974783653846 0.06944444471153846
4 0.2632457019230769 0.15587956490384616 0.27360693990384616 0.15113798076923077 0.26693360096153845 0.1385925408653846 0.2614895600961539 0.1383949735576923 0.2532356923076923 0.1437292548076923 0.25428937740384616 0.14649518028846154 0.2632457019230769 0.15587956490384616
7 0.18540177644230768 0.34831871394230773 0.19016677403846155 0.34247075961538465 0.19168291105769233 0.3367446394230769 0.19016677403846155 0.3321150096153846 0.1877842764423077 0.33053118990384617 0.17652155048076923 0.33089668509615383 0.1678579158653846 0.3332115 0.16850768990384615 0.3367446394230769 0.1659085985576923 0.34088693990384616 0.17478882451923078 0.3491715408653846 0.18540177644230768 0.34831871394230773
4 0.7073857475961538 0.3049463942307692 0.7110677932692308 0.29982943509615384 0.7086852932692308 0.2947124759615385 0.6959064326923077 0.2915448341346154 0.6835607548076923 0.28923001923076924 0.6740307572115385 0.2994639375 0.6712150745192308 0.30750487259615383 0.6813948461538462 0.3098196875 0.692224389423077 0.3129873293269231 0.6950400697115384 0.31786062259615383 0.6998050673076922 0.31566764182692303 0.6993718870192308 0.31384015625 0.7045700673076923 0.3131091610576923 0.7086852932692308 0.3092105264423077 0.7073857475961538 0.3049463942307692
4 0.7006714326923077 0.2755847956730769 0.6740307572115385 0.2837475625 0.6768464375000001 0.2955653028846154 0.6848602980769231 0.28923001923076924 0.7073857475961538 0.2948343076923077 0.7134502932692308 0.29398148076923075 0.7112843846153846 0.2839912283653846 0.7006714326923077 0.2755847956730769
4 0.6060212259615384 0.31615497115384616 0.6073207716346154 0.3262670552884615 0.6276803125 0.33345516586538465 0.6439246274038462 0.3386939567307692 0.6614684855769231 0.3356481490384615 0.6720814374999999 0.3273635480769231 0.6601689399038461 0.3196881081730769 0.6506389423076923 0.3182261201923077 0.6554039423076923 0.31371832451923076 0.6389430360576923 0.30811403605769233 0.621615766826923 0.31018518509615384 0.6060212259615384 0.31615497115384616
2 0.9159627451923077 0.27972709615384617 0.9135802475961537 0.2848440552884615 0.9198613822115385 0.2861842115384615 0.9339397884615385 0.28289473798076925 0.944985920673077 0.286427875 0.9579813725961538 0.27753411298076924 0.9469352403846153 0.26169590625 0.9363222860576923 0.26267056490384616 0.9235434254807693 0.26851851923076925 0.9259259254807692 0.27595029326923076 0.9159627451923077 0.27972709615384617
2 0.7322936971153846 0.33686647115384616 0.724929608173077 0.33345516586538465 0.7192982451923077 0.33284600480769233 0.7153996105769231 0.33552631490384616 0.7201646081730769 0.3401559447115385 0.7130171105769231 0.3494152043269231 0.7227636995192307 0.35891812980769233 0.7455057403846154 0.37670565384615384 0.7626164182692308 0.3776803125 0.7725795961538461 0.3703703701923077 0.776478233173077 0.36561890865384616 0.7734459615384615 0.3574561394230769 0.7611002812500001 0.3484405456730769 0.7457223293269231 0.33686647115384616 0.7322936971153846 0.33686647115384616
7 0.5852285024038462 0.33552631490384616 0.59021009375 0.34149610096153843 0.6036387259615384 0.35124268990384616 0.6207494038461537 0.35441033173076925 0.633311673076923 0.35014619951923076 0.6341780384615384 0.33845029326923076 0.6283300841346153 0.33455165625 0.6066709975961538 0.32675438701923076 0.5980073653846154 0.32675438701923076 0.5932423653846154 0.3321150096153846 0.5852285024038462 0.33552631490384616
4 0.5243664711538462 0.32249025240384616 0.5159194278846153 0.3310185192307692 0.5349794230769231 0.3383284591346154 0.5536062379807692 0.3326023389423077 0.5614035096153847 0.32760721153846156 0.5624864639423077 0.3277290456730769 0.5663850985576923 0.31554581009615384 0.5655187355769231 0.3077485384615385 0.5570716923076924 0.30116959134615384 0.5462421490384616 0.30214425 0.5317305600961538 0.3182261201923077 0.5334632884615385 0.32115009855769233 0.5243664711538462 0.32249025240384616
7 0.5063894302884615 0.3306530216346154 0.5111544302884615 0.32943469711538464 0.5111544302884615 0.3240740745192308 0.5001082956730769 0.3198099423076923 0.48992852403846154 0.3226120865384615 0.4702187572115385 0.3287037043269231 0.4561403509615385 0.3379629639423077 0.4561403509615385 0.3497807019230769 0.4559237596153846 0.3608674471153846 0.4474767163461539 0.36330409375 0.4344812644230769 0.38401559375 0.4485596706730769 0.38474658894230773 0.4507255793269231 0.37621832451923076 0.4645873942307693 0.3757309951923077 0.4743339831730769 0.37841130528846156 0.4773662548076923 0.36464424999999995 0.5074723846153846 0.35270467788461535 0.5083387475961538 0.34088693990384616 0.5144032932692307 0.33576998076923076 0.5230669254807693 0.33418616105769233 0.5135369278846154 0.3306530216346154 0.5063894302884615 0.3306530216346154
13 0.3461121947115385 0.361111110576923 0.35044401201923076 0.3575779735576923 0.3532596923076923 0.3562378173076923 0.35066060096153845 0.3539230024038461 0.33398310576923074 0.3535575048076923 0.3316006057692308 0.36525341105769227 0.33549924278846155 0.3680555552884615 0.3430799230769231 0.36866471634615383 0.3461121947115385 0.36598440625 0.3461121947115385 0.361111110576923
7 0.3727528701923077 0.37414717307692313 0.37925059615384615 0.3678118918269231 0.3814165048076923 0.36050194951923076 0.37990036778846153 0.3603801177884615 0.37665150480769233 0.3612329447115385 0.37665150480769233 0.35453216346153843 0.37621832451923076 0.351120858173077 0.37361923317307694 0.34746588701923076 0.3703703701923077 0.3452729038461539 0.3697205985576923 0.3430799230769231 0.37318605048076925 0.34137426923076925 0.3612735552884615 0.34088693990384616 0.35520900961538465 0.3438109158653846 0.3508771923076923 0.3497807019230769 0.35347628365384615 0.36829922115384617 0.34394628605769234 0.37670565384615384 0.3515269663461539 0.3756091610576923 0.3612735552884615 0.3760964903846154 0.3727528701923077 0.37414717307692313
0 0.3742690048076923 0.33625731009615384 0.36755468990384615 0.33516081971153844 0.3658219615384616 0.34027777884615384 0.3744855961538462 0.3405214423076923 0.37318605048076925 0.34198343028846157 0.36928741586538466 0.3430799230769231 0.3703703701923077 0.3451510721153846 0.37383582451923075 0.3473440552884615 0.37665150480769233 0.3507553605769231 0.37665150480769233 0.3548976610576923 0.3775178677884616 0.361111110576923 0.3803335504807693 0.3601364519230769 0.38184968509615386 0.3612329447115385 0.3786008221153846 0.3680555552884615 0.3749187788461539 0.37329434615384616 0.3632228725961539 0.37597465865384616 0.36495559855769233 0.39230019471153843 0.39636127403846155 0.3613547764423077 0.3974442283653846 0.3430799230769231 0.39094650240384615 0.33418616105769233 0.38163309615384616 0.3316276802884615 0.37383582451923075 0.3246832355769231 0.3742690048076923 0.33625731009615384
0 0.34178037740384615 0.2962962956730769 0.3528265096153846 0.3028752427884615 0.3597574182692308 0.30738304086538465 0.3627896899038462 0.2942251466346154 0.3610569639423077 0.27570662740384616 0.3634394639423077 0.25170565384615384 0.3484946947115385 0.2492690048076923 0.34178037740384615 0.2962962956730769
0 0.11067793028846154 0.3246832355769231 0.11674247355769231 0.3216374278846154 0.10937838461538461 0.3139619879807692 0.09226770673076924 0.31615497115384616 0.10699588461538462 0.3321150096153846 0.1119774735576923 0.3312621826923077 0.11024474759615385 0.32748537980769227 0.11262724759615385 0.3262670552884615 0.11067793028846154 0.3246832355769231
6 0.30647606730769233 0.21454678365384616 0.31210743028846155 0.21016081971153847 0.31535629326923076 0.20187621875 0.31319038221153844 0.18908381971153845 0.3001949326923077 0.18884015625 0.2871994807692308 0.19054581009615384 0.28005198076923077 0.20236354807692306 0.27225471153846154 0.23452729086538462 0.28438379807692304 0.23757309855769232 0.3004115216346154 0.23781676442307692 0.3030106129807692 0.23343079807692307 0.30106129567307693 0.23209064423076922 0.30084470432692306 0.22843567307692308 0.29737925 0.22490253365384616 0.29781243269230767 0.21722709615384617 0.30647606730769233 0.21454678365384616
8 0.35109378365384614 0.15155945432692308 0.34632878605769235 0.15350877163461538 0.3469785576923077 0.15582358653846157 0.3474117379807692 0.1583820673076923 0.3474117379807692 0.16228070192307692 0.351310375 0.16666666586538462 0.35347628365384615 0.17239278846153847 0.3638726442307692 0.17324561298076924 0.3686376442307692 0.1686159855769231 0.36517218990384614 0.16642300240384617 0.3599740096153846 0.16313352884615384 0.36062378125000005 0.1583820673076923 0.3541260552884615 0.1541179326923077 0.35109378365384614 0.15155945432692308
6 0.8132205264423077 0.56030325 0.9003034495192307 0.6488515096153846 0.9384859639423078 0.6409386875 0.903317858173077 0.6060845841346154 0.8648004134615385 0.5706652788461539 0.8493934350961538 0.5601148485576923 0.8252781634615385 0.5531440288461538 0.8132205264423077 0.56030325
8 0.6139346081730769 0.4971890649038461 0.5935036129807693 0.5103771033653847 0.6099153966346154 0.5190435288461539 0.6189586225961539 0.5141451129807693 0.6139346081730769 0.4971890649038461
8 0.5978577596153847 0.4913486466346154 0.5935036129807693 0.4941746538461539 0.5991974975961538 0.5064206899038461 0.6115900673076923 0.49869626923076926 0.6109201995192307 0.49285585096153844 0.5978577596153847 0.4913486466346154
6 0.4655587043269231 0.5309127620192308 0.48498489423076924 0.5043482836538462 0.48498489423076924 0.5011454759615385 0.4756067331730769 0.49926146875 0.40359585576923074 0.5751868942307692 0.4169932283653846 0.57989690625 0.42469671634615386 0.5644480625 0.42938579807692306 0.5593612475961538 0.43708928605769226 0.5601148485576923 0.4655587043269231 0.5309127620192308
8 0.4290508629807693 0.5606800504807692 0.4260364543269231 0.5646364615384616 0.42436178365384614 0.5729260865384616 0.44345303846153844 0.5759404951923077 0.45149146153846154 0.5725492860576923 0.4642189663461539 0.5733028870192307 0.4642189663461539 0.5691580745192307 0.4578552139423077 0.568592875 0.4518263966346154 0.5672740697115385 0.4498167908653846 0.5644480625 0.43976876201923076 0.5619988533653847 0.4290508629807693 0.5606800504807692
7 0.36340373557692307 0.42748085817307696 0.35302077163461537 0.43595888221153845 0.3590495913461539 0.44255290384615387 0.36273386778846156 0.4493353221153846 0.3684277524038461 0.4544221370192308 0.3804853870192308 0.44519050961538464 0.3908683509615385 0.4421761009615385 0.38852381009615383 0.4402920961538461 0.38584433653846156 0.43464007932692306 0.37110722596153844 0.42804606009615387 0.36742294951923077 0.4242780480769231 0.36340373557692307 0.42748085817307696
8 0.29574700480769234 0.5772593004807692 0.3064649014423077 0.5751868942307692 0.3088094423076923 0.5716072836538462 0.3064649014423077 0.5689696754807693 0.3041203629807692 0.5670856706730769 0.2960819375 0.5657668653846154 0.2907229903846154 0.5665204687500001 0.28636884375 0.5723608846153846 0.29574700480769234 0.5772593004807692
7 0.7432192548076924 0.3771779110576923 0.7294869471153846 0.3690766875 0.7281472091346154 0.37114909375 0.7214485240384616 0.37661270913461536 0.7103956923076923 0.3768011081730769 0.7073812836538462 0.37548230528846155 0.6969983197115385 0.37755471153846154 0.6946537788461539 0.3818879254807692 0.6923092379807693 0.3933803581730769 0.6919743028846154 0.39959757692307696 0.6983380552884615 0.4071335985576923 0.7023572668269231 0.4156116225961538 0.7060415456730769 0.41674202644230773 0.7157546418269232 0.4156116225961538 0.7167594423076923 0.41843763221153846 0.7241279975961539 0.42201724278846153 0.7542720865384616 0.4237128485576923 0.7639851826923076 0.41353921634615387 0.7683393293269231 0.4060031947115385 0.7586262331730769 0.40280038461538464 0.7375253701923078 0.39300355769230766 0.7492480721153847 0.382453125 0.7569515625 0.38113432211538456 0.7432192548076924 0.3771779110576923
2 0.5191481947115385 0.599113764423077 0.52986609375 0.5983601610576923 0.5285263557692308 0.5925197451923077 0.5312058293269231 0.5810273100961538 0.5295311586538461 0.5765056971153846 0.52316740625 0.5731144879807692 0.5214927355769231 0.5693464759615384 0.5235023413461538 0.5689696754807693 0.5251770120192307 0.5601148485576923 0.5221626033653846 0.5572888413461539 0.5168036538461538 0.5580424423076923 0.5124495096153846 0.5712304807692308 0.5080953629807692 0.5761288966346154 0.5077604278846154 0.5915777427884615 0.5087652307692307 0.5981717620192307 0.5191481947115385 0.599113764423077
8 0.6412755528846154 0.5534469182692308 0.6375268653846154 0.5511977067307693 0.6337781778846154 0.5528846153846154 0.6280301899038462 0.5572424639423077 0.6275303653846154 0.5607568605769231 0.6305293149038461 0.5665204687500001 0.6287799278846153 0.57115946875 0.6312790528846153 0.5742521370192308 0.6322787019230769 0.5814215024038462 0.6365272163461538 0.5845141706730769 0.6500224927884616 0.5826866850961538 0.6517718798076924 0.5800157451923077 0.6500224927884616 0.5734086826923077 0.6467736298076924 0.5639901033653846 0.6457739783653846 0.5585076466346154 0.6412755528846154 0.5534469182692308
10 0.653521266826923 0.6563484038461538 0.6635177692307692 0.6587381923076923 0.6707652331730769 0.6573324326923077 0.6732643581730768 0.6548020697115385 0.6730144447115385 0.6508659471153847 0.6745139206730768 0.6446806129807693 0.6652671562500001 0.6422908221153846 0.6587694302884616 0.6411662163461538 0.6527715288461539 0.6424313990384616 0.6527715288461539 0.6474921274038461 0.6532713557692307 0.6545209182692309 0.653521266826923 0.6563484038461538
8 0.6405258173076922 0.5996963557692307 0.6435247668269231 0.6033513269230769 0.644774329326923 0.6058816923076923 0.648523016826923 0.6091149350961539 0.6542710048076923 0.6172683317307693 0.6607687307692308 0.6216261802884616 0.6687659326923078 0.6226102115384615 0.6725146201923077 0.6195175432692307 0.6692657572115385 0.6113641466346154 0.66026890625 0.6060222668269231 0.652271704326923 0.6009615384615384 0.6460238918269231 0.5978688701923077 0.6405258173076922 0.5996963557692307
8 0.6145349134615384 0.6254217283653846 0.614285 0.6294984254807693 0.6170340384615384 0.6294984254807693 0.6222822019230769 0.6316070625 0.6285300144230769 0.6341374278846155 0.6442745048076923 0.6349808822115384 0.6542710048076923 0.6328722451923077 0.66026890625 0.6331533966346155 0.6620182932692308 0.6313259110576923 0.6600189927884615 0.630763608173077 0.6560203918269232 0.62598403125 0.6530214423076923 0.6248594230769231 0.6445244158653847 0.6252811514423077 0.6320287908653845 0.6241565456730769 0.61928325 0.6233130913461539 0.6145349134615384 0.6254217283653846
8 0.5917928725961539 0.5944950528846153 0.5847953221153847 0.5922458389423076 0.5802968966346154 0.5935110216346154 0.5762982956730769 0.5994152043269231 0.5822961971153846 0.6053193870192307 0.5970410360576923 0.6067251466346154 0.6120357884615385 0.6067251466346154 0.6220322884615384 0.6093960865384616 0.6377767788461538 0.6063034182692307 0.6427750288461538 0.6054599639423077 0.6412755528846154 0.6030701754807692 0.6377767788461538 0.6008209615384615 0.6300294903846153 0.5963225360576924 0.6172839495192307 0.5959008100961538 0.6075373629807692 0.5961819615384616 0.5987904230769231 0.5936515961538462 0.5917928725961539 0.5944950528846153
8 0.5955415600961539 0.6070062980769231 0.5930424350961538 0.608974358173077 0.5872944471153846 0.6099583894230769 0.5875443581730769 0.61276990625 0.5915429591346154 0.6136133605769231 0.5985405096153846 0.6169871802884616 0.6045384110576923 0.6181117860576923 0.6125356129807693 0.618252360576923 0.6190333389423077 0.6203609975961538 0.6287799278846153 0.6216261802884616 0.6367771274038462 0.6171277548076923 0.6342780024038461 0.6106612692307692 0.6275303653846154 0.6110829951923077 0.6217823774038462 0.6103801177884616 0.6132853509615385 0.6082714807692308 0.6060378870192308 0.6063034182692307 0.5955415600961539 0.6070062980769231
2 0.6022891995192308 0.6687190721153846 0.6037886730769231 0.6772941971153846 0.6122856995192307 0.6784188028846153 0.6135352620192308 0.6709682860576923 0.6160343870192307 0.66365834375 0.61928325 0.6595816466346154 0.6190333389423077 0.6493196129807692 0.6190333389423077 0.6386358533653845 0.619783076923077 0.6365272163461538 0.6085370120192308 0.6342780024038461 0.5972909471153847 0.6355431850961538 0.5957914735576924 0.6393387307692309 0.5980406850961538 0.6497413413461538 0.5980406850961538 0.661830858173077 0.6022891995192308 0.6687190721153846
2 0.5900434855769231 0.6643612235576923 0.593792173076923 0.6642206490384616 0.5980406850961538 0.6616902836538461 0.5970410360576923 0.6560672524038461 0.5965412115384615 0.6474921274038461 0.5955415600961539 0.6399010336538461 0.5947918221153846 0.6377923966346154 0.5895436586538462 0.635402608173077 0.5837956706730769 0.6349808822115384 0.5802968966346154 0.6446806129807693 0.5795471586538462 0.6574730096153847 0.5820462836538461 0.6626743149038461 0.5900434855769231 0.6643612235576923
2 0.5468086177884616 0.6840418365384615 0.5443094903846154 0.6867127764423077 0.5568051177884615 0.691070625 0.56205328125 0.6906488990384615 0.57080021875 0.6816520456730769 0.5648023197115385 0.6815114711538462 0.5740490817307692 0.6742015288461538 0.5762982956730769 0.6697031033653846 0.5770480336538462 0.6639394951923077 0.5785475096153846 0.6591599182692308 0.5785475096153846 0.6549426442307692 0.5750487331730769 0.6526934326923077 0.5713000456730769 0.65705128125 0.56580196875 0.6647829519230769 0.5590543317307692 0.6670321634615385 0.5515569543269231 0.6764507427884615 0.5468086177884616 0.6840418365384615
2 0.48558004807692307 0.6557861009615386 0.4760833701923077 0.659862798076923 0.48008197115384615 0.6661887091346154 0.49057829807692305 0.6681567692307693 0.4953266346153846 0.6633771923076923 0.5115709495192308 0.6573324326923077 0.5153196370192308 0.6505847956730769 0.5158194639423077 0.6441183076923077 0.5110711250000001 0.6451023389423077 0.5038236610576923 0.6460863701923076 0.4985754975961539 0.6490384615384616 0.48558004807692307 0.6557861009615386
2 0.44509421634615387 0.6713900144230769 0.44859299278846154 0.6889619879807692 0.45958914423076924 0.6913517764423076 0.4673364326923077 0.6895242908653846 0.46808617067307695 0.6816520456730769 0.46883590625000005 0.6701248317307692 0.46358774519230767 0.661830858173077 0.45808966826923075 0.6560672524038461 0.45559054326923076 0.6510065216346154 0.4505922932692308 0.6504442187499999 0.4493427307692308 0.656207826923077 0.44859299278846154 0.6639394951923077 0.44509421634615387 0.6713900144230769
8 0.40360873798076924 0.6025078725961538 0.4188534014423077 0.5944950528846153 0.4263507764423077 0.587185110576923 0.4226020889423077 0.5839518677884615 0.4166041875 0.58634165625 0.4041085625 0.5870445336538461 0.3756185336538461 0.6009615384615384 0.38386564663461537 0.6082714807692308 0.40360873798076924 0.6025078725961538
7 0.20442844951923078 0.6252811514423077 0.21467486298076924 0.6283738197115384 0.22292197836538463 0.6203609975961538 0.2181736394230769 0.6096772379807692 0.20967661298076923 0.6026484471153846 0.20892687499999998 0.6002586586538462 0.20367871153846154 0.5953385072115385 0.19118308653846153 0.5916835360576923 0.1719398221153846 0.5942138990384616 0.19218273557692309 0.6047570841346154 0.20217923798076923 0.6084120552884615 0.1959314230769231 0.6164248774038461 0.20442844951923078 0.6252811514423077
7 0.07497375961538462 0.6529745841346154 0.06722647115384615 0.6539586153846154 0.06972559615384616 0.6611279807692308 0.0804718341346154 0.6685784975961538 0.08871894951923077 0.6643612235576923 0.09746588701923077 0.6560672524038461 0.103213875 0.6529745841346154 0.10421352644230769 0.6493196129807692 0.10771230048076924 0.6460863701923076 0.105713 0.6451023389423077 0.09671614903846154 0.6448211875 0.08522017307692308 0.6436965817307693 0.07747288461538462 0.6465080961538461 0.07497375961538462 0.6529745841346154
7 0.38611486057692307 0.5745332884615384 0.39711101201923077 0.5756578942307692 0.4031089110576923 0.5724246514423077 0.4128555 0.5662393173076923 0.4138551514423077 0.5614597379807692 0.4138551514423077 0.5583670721153846 0.4066076875 0.5472615841346153 0.39911031009615383 0.5468398557692308 0.3888638966346154 0.5523223125000001 0.3826160841346154 0.5592105264423076 0.3778677451923077 0.5684885288461539 0.38611486057692307 0.5745332884615384
8 0.2634078076923077 0.5500730985576923 0.2714050072115385 0.5563990096153846 0.2761533461538461 0.5506354014423077 0.2629079831730769 0.5348909134615385 0.25765981971153845 0.5336257307692308 0.24966261778846155 0.5364372475961539 0.2634078076923077 0.5500730985576923
4 0.8244614375 0.6328722451923077 0.8069675625 0.6275303653846154 0.7897235961538461 0.6366677908653846 0.7799770072115385 0.6469298245192309 0.7739791081730769 0.6573324326923077 0.7824761322115384 0.6649235264423077 0.7859749086538461 0.6639394951923077 0.7967211466346154 0.667313314903846 0.8023833461538461 0.6616357307692307 0.8032188725961539 0.6619714350961539 0.8067176490384615 0.66365834375 0.8367071514423077 0.6401821850961539 0.8244614375 0.6328722451923077
7 0.42085270192307694 0.7651540721153847 0.4393462283653846 0.7456140360576923 0.4493427307692308 0.7271986057692307 0.4493427307692308 0.7267768774038461 0.44859299278846154 0.7248088173076923 0.3836157355769231 0.7013326586538462 0.3651222067307692 0.6934604134615385 0.34862798076923074 0.6951473245192308 0.35837456971153847 0.7257928485576923 0.4018593485576923 0.7568600985576922 0.42085270192307694 0.7651540721153847
4 0.7149997499999999 0.7027384158653847 0.7112510625 0.6948661706730769 0.6992552596153847 0.6973965360576924 0.6952566610576922 0.7054093557692307 0.6867596346153846 0.7021761129807692 0.6827610336538462 0.7040035985576923 0.6840105961538462 0.7208726947115385 0.7299945024038461 0.7152496634615384 0.7307442403846154 0.7120164182692308 0.7307442403846154 0.7063933870192307 0.7274953774038462 0.6990834447115385 0.7257459879807692 0.7002080528846153 0.7149997499999999 0.7027384158653847
7 0.4965761971153846 0.8343173629807693 0.49057829807692305 0.83741003125 0.49032838461538464 0.8452822764423077 0.49032838461538464 0.8511864591346154 0.4978257620192308 0.8518893389423077 0.506072875 0.8566689158653846 0.5275653533653846 0.8577935216346154 0.5258159639423077 0.8552631586538462 0.5188184134615385 0.8486560961538461 0.5155695504807692 0.8395186682692307 0.508572 0.8351608197115384 0.4965761971153846 0.8343173629807693
7 0.5443094903846154 0.8804262259615385 0.5518068677884616 0.8745220432692308 0.5638026682692308 0.8704453437499999 0.5698005697115385 0.8635571298076923 0.5580546802884615 0.8596210072115384 0.5508072163461539 0.8538573990384616 0.5405608028846154 0.8494995504807693 0.5330634278846154 0.8544197019230769 0.5255660528846154 0.8599021586538461 0.5205678004807692 0.8644005841346154 0.5230669254807693 0.8781770120192308 0.5270655264423076 0.8857681057692308 0.5355625528846154 0.8871738653846154 0.5390613293269231 0.8829565913461538 0.5443094903846154 0.8804262259615385
8 0.5025740985576923 0.8732568605769231 0.5058229615384615 0.8807073774038462 0.5200679759615384 0.8899853798076923 0.5273154399038462 0.8944838052884615 0.5308142139423077 0.8906882596153847 0.5305643028846154 0.8885796225961538 0.5248163149038462 0.8846434999999999 0.5205678004807692 0.8811291057692308 0.5153196370192308 0.8776147091346154 0.5038236610576923 0.8717105264423076 0.5025740985576923 0.8732568605769231
8 0.545309141826923 0.8849246514423077 0.5525566057692308 0.8832377427884615 0.5603038942307692 0.881831983173077 0.5683010937499999 0.8784581634615385 0.5752986466346154 0.8753654975961538 0.5770480336538462 0.8697424639423077 0.5747988197115385 0.8669309495192308 0.5675513581730769 0.8649628870192309 0.5638026682692308 0.8707264951923077 0.5538061682692308 0.8735380120192308 0.5485580048076923 0.8777552860576924 0.5428100168269231 0.8828160144230769 0.545309141826923 0.8849246514423077
6 0.4138551514423077 0.878879891826923 0.4226020889423077 0.8738191634615385 0.43359824038461536 0.8704453437499999 0.44359474278846156 0.8615890697115384 0.4390963173076923 0.8559660360576923 0.4273504278846154 0.8494995504807693 0.4136052379807692 0.8568094927884615 0.402859 0.8670715240384615 0.4138551514423077 0.878879891826923
8 0.6527715288461539 0.9093848413461539 0.6572699543269231 0.910228295673077 0.6610186442307693 0.9023560504807692 0.6607687307692308 0.8954678365384615 0.66776628125 0.8968735937500001 0.6670165432692308 0.8774741346153847 0.6622682067307692 0.8710076466346154 0.653521266826923 0.8703047692307693 0.6512720552884615 0.8764901033653847 0.6502724038461539 0.8888607740384615 0.6527715288461539 0.9093848413461539
2 0.6322787019230769 0.8462663076923077 0.6237816754807692 0.8458445793269231 0.6140350865384615 0.8433142139423077 0.601289548076923 0.8728351322115385 0.6185335144230769 0.8766306802884615 0.6322787019230769 0.8462663076923077
10 0.7824761322115384 0.9141644182692308 0.7944719350961538 0.9085413846153846 0.7969710600961538 0.9013720192307692 0.7899735096153846 0.8977170480769231 0.7817263966346153 0.8992633822115385 0.7782276201923076 0.8984199278846153 0.7729794567307693 0.9001068365384615 0.76848103125 0.9099471442307692 0.7824761322115384 0.9141644182692308