10 0.5815464591346153 0.23548454567307694 0.5852594447115385 0.2430555552884615 0.5945419110576923 0.2430555552884615 0.6052167451923076 0.23913951442307693 0.6080014855769231 0.2360066826923077 0.6047526225961538 0.23235171153846151 0.5931495408653846 0.23052422596153846 0.5843311995192308 0.2307852956730769 0.5815464591346153 0.23548454567307694
8 0.5499860769230769 0.24879908173076923 0.5407036105769231 0.25036549759615384 0.5332776394230769 0.25167084375 0.5328135144230769 0.2548036754807692 0.5337417620192307 0.2584586466346154 0.5430242259615384 0.2584586466346154 0.5569479254807692 0.2566311610576923 0.5708716225961539 0.25532581490384615 0.5810823365384615 0.2524540528846154 0.5852594447115385 0.2501044278846154 0.5908289254807693 0.24958228846153846 0.5885083076923077 0.24697159615384615 0.5810823365384615 0.24566625 0.5731922403846154 0.24644945673076923 0.5643738966346153 0.24644945673076923 0.5499860769230769 0.24879908173076923
5 0.32686385817307695 0.1372997716346154 0.32799389663461537 0.14063691826923078 0.3313840144230769 0.14174930048076922 0.33618668269230767 0.14381515384615384 0.33816425000000006 0.14143147596153846 0.34155437019230767 0.14143147596153846 0.33985931009615383 0.1396834471153846 0.33759923076923076 0.1369819471153846 0.3356216634615385 0.13459827163461538 0.32968895673076926 0.13507500721153848 0.32686385817307695 0.1372997716346154
11 0.3472045649038461 0.15859394951923075 0.34833460576923075 0.1638380360576923 0.35426731009615386 0.16590388942307693 0.36359013461538464 0.1633613028846154 0.3666977427884615 0.15795830048076923 0.36217758653846155 0.15080727163461538 0.35709240865384617 0.14953597836538463 0.3505946826923077 0.15128400721153848 0.3472045649038461 0.15859394951923075
7 0.21470746153846154 0.18974065625 0.2214876971153846 0.18672133173076924 0.23165805048076923 0.17623315625000002 0.24154589423076922 0.1660628028846154 0.2483261298076923 0.1608187139423077 0.24465350240384615 0.15446224278846155 0.23815577644230768 0.15144291826923076 0.23448314903846154 0.1455631826923077 0.22968048076923075 0.14588100721153846 0.21696753846153843 0.15493897836538462 0.20368957932692308 0.166380625 0.1963443221153846 0.17496186057692306 0.2002994615384615 0.17893465625000002 0.21103483413461538 0.18767480288461538 0.21470746153846154 0.18974065625
8 0.5819702235576923 0.14111365384615385 0.5749074783653846 0.13888888942307692 0.5686922620192308 0.14159038942307692 0.5732124182692308 0.14667556490384615 0.5777325769230769 0.15462115384615385 0.6105037139423077 0.17305492067307693 0.6192615192307692 0.17448512500000002 0.6237816754807692 0.17019450721153848 0.6274543052884615 0.17019450721153848 0.6266067740384614 0.16542715384615383 0.6254767355769231 0.1633613028846154 0.6260417548076924 0.1601830673076923 0.6178489711538462 0.1562102716346154 0.6054185384615385 0.14731121394230767 0.5938356346153847 0.14174930048076922 0.5819702235576923 0.14111365384615385
9 0.4590060144230769 0.1693157403846154 0.4601167379807692 0.1641612932692308 0.455118485576923 0.1586944567307692 0.44456662259615387 0.1563515264423077 0.43540316346153846 0.1571325048076923 0.4284611490384615 0.16181836298076924 0.42679506730769234 0.16853476201923076 0.43345940144230766 0.1741577956730769 0.4440112620192308 0.17681311538461536 0.455118485576923 0.17493877163461538 0.4590060144230769 0.1693157403846154
8 0.38347689423076925 0.1708776923076923 0.38514297836538464 0.1730644278846154 0.38875282451923077 0.17681311538461536 0.40763510576923073 0.17228345192307692 0.42540666346153844 0.15744489423076924 0.41068959134615385 0.14807317548076923 0.40763510576923073 0.14869795673076924 0.3968055625 0.1576010889423077 0.38791978365384616 0.16666041826923078 0.38347689423076925 0.1708776923076923
8 0.5259270360576923 0.22335932451923077 0.5303699254807692 0.21976683173076922 0.539255704326923 0.2192982451923077 0.540644108173077 0.21648673076923078 0.5389780240384615 0.2118008701923077 0.5320360096153846 0.20914554807692307 0.5287038413461539 0.21008272115384616 0.5092662019230769 0.21414380048076923 0.5056563533653846 0.21711151201923076 0.5056563533653846 0.22039161298076923 0.5087108413461539 0.22460888701923076 0.5173189375 0.22460888701923076 0.5259270360576923 0.22335932451923077
8 0.47044808894230766 0.29848927884615384 0.47044808894230766 0.3017142524038462 0.4707666033653846 0.3047600625 0.46917402403846153 0.30798503605769234 0.46885550961538464 0.31085168028846155 0.4698110552884615 0.3128224975961539 0.4707666033653846 0.31515164663461537 0.47299621634615385 0.31676413221153843 0.47554434375 0.31640580288461534 0.47713692307692307 0.31658496634615385 0.4812776322115385 0.3174807932692308 0.48287021153846155 0.31174750721153843 0.4847813076923077 0.3083433677884615 0.48828498317307695 0.3017142524038462 0.48828498317307695 0.29848927884615384 0.49051459375 0.29669762740384614 0.4850998221153846 0.2936518173076923 0.4873294350961539 0.28773936538461536 0.476181375 0.2886351899038461 0.47363324759615383 0.29060600721153845 0.47299621634615385 0.29311432211538463 0.47172215144230767 0.29598096634615384 0.47044808894230766 0.29848927884615384
9 0.45229267788461536 0.2363189423076923 0.44910751923076925 0.24635219471153846 0.4631222211538461 0.24402304807692307 0.4682184759615385 0.23524395192307693 0.4663073798076923 0.22897316826923075 0.4570704182692307 0.22682318509615385 0.45229267788461536 0.2253898629807692 0.45229267788461536 0.2363189423076923
9 0.43127062259615384 0.23578144711538462 0.43509281490384616 0.24223139663461538 0.44878900240384617 0.2456355360576923 0.45070009855769233 0.23578144711538462 0.44942603365384615 0.22664401923076924 0.4357298485576923 0.2278981778846154 0.4335002355769231 0.23058565625 0.43127062259615384 0.23578144711538462
13 0.47681840865384617 0.2522646490384615 0.4752258269230769 0.2536979711538461 0.47458879567307694 0.2578187716346154 0.47745543990384615 0.25925209375 0.4678999615384616 0.27053950240384617 0.45866299759615387 0.2782436081730769 0.4513371298076923 0.28881435576923076 0.4542037740384615 0.2907851730769231 0.5108996177884616 0.2857685480769231 0.5163143870192308 0.2601479182692308 0.516951420673077 0.24778551682692307 0.5022996850961539 0.2434855528846154 0.49242568990384616 0.24169389903846156 0.47586286057692306 0.24169389903846156 0.4720406682692308 0.2452772043269231 0.47681840865384617 0.2474271875 0.4752258269230769 0.24957717067307691 0.47745543990384615 0.2499355 0.47681840865384617 0.2522646490384615
8 0.4013301225961538 0.28773936538461536 0.40196715384615384 0.29060600721153845 0.4048337980769231 0.2909643389423077 0.4124781826923077 0.2936518173076923 0.42394475721153846 0.29347265144230766 0.4309521081730769 0.29132266826923076 0.43700391105769226 0.2891726875 0.44560384134615383 0.2891726875 0.4503815817307692 0.2891726875 0.45324822596153846 0.28487272115384615 0.4557963533653846 0.2807519206730769 0.45770744951923076 0.2778852764423077 0.4573889326923077 0.2753769639423077 0.4526111947115385 0.2734061466346154 0.4360483629807692 0.2753769639423077 0.42394475721153846 0.27985609375 0.4143892764423077 0.2803935889423077 0.40865599038461536 0.2825435721153846 0.40387825 0.28666437259615385 0.4013301225961538 0.28773936538461536
8 0.4669444134615385 0.21643160096153846 0.47172215144230767 0.2176857596153846 0.47904801923076923 0.21643160096153846 0.48573685576923076 0.21446078365384616 0.4940182692307692 0.21141497596153844 0.4987960096153846 0.20854833173076923 0.49975155769230767 0.20711500961538462 0.49592936538461535 0.2004858966346154 0.4914701418269231 0.19923174038461539 0.48318872596153845 0.20299420913461536 0.47299621634615385 0.20675668028846153 0.46726292788461543 0.21248996634615386 0.46375925240384613 0.21517744471153846 0.4669444134615385 0.21643160096153846
13 0.705512875 0.34363891826923076 0.7077424855769231 0.3488347091346154 0.7201646081730769 0.35259718028846154 0.7380015024038461 0.35026803125 0.7411866634615384 0.34578890144230773 0.7351348605769231 0.3409514399038462 0.7258978966346153 0.33933895192307695 0.7147498365384616 0.33969728125 0.705512875 0.34363891826923076
9 0.3955968341346154 0.37212618990384616 0.4105670865384615 0.3746345024038461 0.41566334134615385 0.37069286778846156 0.4217151442307693 0.36478041586538457 0.4175744375 0.35886796153846157 0.4092930216346154 0.3561804831730769 0.40228567067307697 0.3549263269230769 0.3971894158653846 0.3560013197115385 0.3911376105769231 0.36155543990384614 0.3955968341346154 0.37212618990384616
5 0.30099759134615384 0.34543056971153846 0.29653836778846154 0.34722222115384616 0.29367172596153845 0.35420966586538466 0.3029086875 0.35868879807692305 0.31214565144230766 0.35833046634615384 0.3178789375 0.35868879807692305 0.32233816105769236 0.3561804831730769 0.32170112980769233 0.3545679975961538 0.3137382307692308 0.34775971875 0.30927900721153845 0.34632639663461534 0.30099759134615384 0.34543056971153846
0 0.3955968341346154 0.18525685096153846 0.3733007163461538 0.19206512980769233 0.3825376802884615 0.20729417548076923 0.40292270192307694 0.20191921875000002 0.3955968341346154 0.18525685096153846
0 0.39273019230769235 0.20998165384615383 0.3949598028846154 0.2038900360576923 0.40069309134615383 0.1895568173076923 0.40228567067307697 0.18274853846153846 0.3726636850961539 0.17683608653846153 0.36788594471153846 0.203173375 0.39273019230769235 0.20998165384615383
0 0.37202665384615385 0.20406920192307693 0.3885894831730769 0.21750659375 0.40961153846153847 0.19941090384615384 0.39050057932692306 0.17701525 0.3694785264423077 0.18669017307692307 0.36215265865384616 0.19045264423076924 0.36788594471153846 0.19779841826923078 0.37202665384615385 0.20406920192307693
0 0.36183414182692303 0.1917068004807692 0.37393774999999996 0.20693584375000001 0.38922651682692305 0.22485236778846154 0.4048337980769231 0.21571493990384616 0.41566334134615385 0.20980248798076923 0.4105670865384615 0.20012756490384614 0.39050057932692306 0.17576109374999999 0.38635987259615384 0.17773191105769232 0.37234516826923075 0.17576109374999999 0.3697970408653846 0.1854360168269231 0.36183414182692303 0.1917068004807692
7 0.4121596658653846 0.17952356490384616 0.4051523149038462 0.17988189423076922 0.4102485697115385 0.1902734783653846 0.4124781826923077 0.19761925240384615 0.4217151442307693 0.20281504326923078 0.43286320432692305 0.20854833173076923 0.4389150072115384 0.21069831490384613 0.44592235817307696 0.20872749759615386 0.4475149375 0.2062191826923077 0.4513371298076923 0.20478586057692308 0.4526111947115385 0.19672342548076924 0.4497445504807692 0.19206512980769233 0.44942603365384615 0.1879443293269231 0.4449668100961538 0.18597351201923076 0.44464829567307695 0.18203187740384616 0.4389150072115384 0.17665692067307692 0.43063359134615387 0.17450693750000001 0.4226706923076923 0.17665692067307692 0.4121596658653846 0.17952356490384616
4 0.6628317331730769 0.18812349519230767 0.7032832620192307 0.20335254086538462 0.7239868004807692 0.19206512980769233 0.7306756370192308 0.18633184375 0.7125202259615384 0.17844857211538462 0.67748346875 0.16608617067307693 0.662194701923077 0.17970272836538465 0.6606021225961538 0.18328603365384616 0.6628317331730769 0.18812349519230767
7 0.36693039903846153 0.2452772043269231 0.36183414182692303 0.24061890865384614 0.35355272596153847 0.24008141346153847 0.3506860841346154 0.23721476923076923 0.33858247596153845 0.23685643750000002 0.3306195769230769 0.23864809134615386 0.3204270673076923 0.24330638701923077 0.32201964663461535 0.2474271875 0.32584183653846155 0.2515479879807692 0.3255233221153846 0.2578187716346154 0.3232937091346154 0.2630145625 0.359923045673077 0.28702270432692306 0.38158213221153847 0.26982284134615386 0.3869969038461539 0.27089783173076926 0.3943227716346154 0.2612229110576923 0.40451528125 0.25602711778846154 0.40387825 0.2468896923076923 0.4048337980769231 0.2452772043269231 0.3869969038461539 0.23828975961538462 0.3831747115384615 0.24169389903846156 0.36693039903846153 0.2452772043269231
7 0.31915300240384614 0.24241056009615386 0.32838996634615386 0.23793143028846153 0.32106409855769236 0.23649810817307693 0.30927900721153845 0.24456054326923077 0.2825236658653846 0.23667727403846153 0.2790199903846154 0.23828975961538462 0.28284218269230765 0.2533396394230769 0.32201964663461535 0.26785202403846153 0.32456777403846154 0.26606037259615384 0.32201964663461535 0.26426871875 0.3242492572115384 0.25710211057692306 0.3252048052884616 0.25172715384615385 0.3226566778846154 0.2481438485576923 0.31915300240384614 0.24241056009615386
7 0.29972352884615383 0.3264390552884615 0.32106409855769236 0.3540305 0.3443157644230769 0.3491930408653846 0.35578233894230765 0.33611397836538465 0.3382639615384615 0.31228500240384616 0.29972352884615383 0.3264390552884615
7 0.17390971875 0.34345975240384613 0.17231713942307694 0.37015537259615383 0.19429474278846154 0.37499283413461537 0.20098357692307692 0.3595846225961538 0.18633184375 0.3594054591346154 0.21754640865384617 0.3540305 0.22296118028846154 0.34077227403846155 0.2172278918269231 0.32464740384615387 0.19716138461538463 0.33468065625 0.18792442307692306 0.3341431610576923 0.17390971875 0.34345975240384613
7 0.2627756754807692 0.28111025 0.2213685985576923 0.2854102163461538 0.19365770913461539 0.2900685120192308 0.19779841826923078 0.2911435048076923 0.21531679567307693 0.29329348798076926 0.2258278221153846 0.2956226346153846 0.22901298317307692 0.29598096634615384 0.24780542548076923 0.3056558870192308 0.24748690865384615 0.3067308798076923 0.27679037740384616 0.30225174759615386 0.2627756754807692 0.28111025
6 0.24143510576923077 0.31085168028846155 0.2328351754807692 0.29920593990384614 0.19302067788461535 0.291681 0.17327268750000002 0.2907851730769231 0.16530978846153846 0.3097766875 0.2404795576923077 0.3156891418269231 0.24143510576923077 0.31085168028846155
7 0.36087859375 0.30063926201923075 0.36724891346153843 0.29831011298076926 0.37202665384615385 0.29705595673076923 0.3707525889423077 0.3124641658653846 0.38285619711538466 0.32751404567307696 0.3879524519230769 0.34686389182692307 0.3924116754807692 0.34220559615384616 0.40387825 0.34811804807692304 0.40993005288461537 0.33754730048076925 0.39687089903846157 0.32249742067307696 0.3854043245192308 0.3103141850961538 0.39145612740384617 0.3056558870192308 0.3831747115384615 0.3061933846153846 0.38890800000000003 0.30099759134615384 0.40578934615384615 0.2820060769230769 0.3949598028846154 0.26928534615384614 0.3860413557692307 0.2812894158653846 0.3729822019230769 0.2843352259615385 0.3532342115384616 0.2922184951923077 0.36087859375 0.30063926201923075
4 0.7163424182692307 0.4522130480769231 0.7163424182692307 0.46833792067307695 0.7255793798076924 0.4703087379807692 0.7440533076923077 0.47120456490384616 0.7472384663461539 0.47371287740384616 0.751379173076923 0.46314212740384614 0.7491495625 0.45866299759615387 0.74978659375 0.45400470192307696 0.7395940841346154 0.4514963870192308 0.7163424182692307 0.4522130480769231
4 0.7036017788461538 0.45024223076923076 0.7144313221153846 0.4583046658653846 0.7166609326923077 0.4511380576923077 0.7405496322115385 0.4506005625 0.7440533076923077 0.4475547524038461 0.7214386730769231 0.43698400480769234 0.7036017788461538 0.45024223076923076
2 0.48159614663461536 0.3635262572115385 0.47427028125 0.3325306730769231 0.47172215144230767 0.31550997596153846 0.4666258966346154 0.31174750721153843 0.46726292788461543 0.3128224975961539 0.46471480048076924 0.31837662019230767 0.47395176442307696 0.35886796153846157 0.48191466346153844 0.3948801754807692 0.4879664663461538 0.3977468173076923 0.48159614663461536 0.3635262572115385
2 0.5236402548076924 0.45525885817307693 0.5879804807692308 0.3726636850961539 0.5812916466346154 0.37033453846153847 0.5166329038461538 0.4532880408653846 0.5236402548076924 0.45525885817307693
2 0.5287365096153847 0.43644650721153844 0.5752398413461539 0.37714281730769234 0.6010396370192308 0.3395181177884616 0.5956248653846153 0.3368306394230769 0.5268254158653846 0.4348340216346154 0.5287365096153847 0.43644650721153844
2 0.5605881081730769 0.43053405528846156 0.5306476057692308 0.4450464399038462 0.5347883149038462 0.44809224759615385 0.59021009375 0.4221132908653846 0.6437207764423077 0.3963134951923077 0.6405356153846153 0.39326768749999996 0.6077284711538462 0.40795923557692304 0.5605881081730769 0.43053405528846156
13 0.38827096875 0.4841044615384615 0.40451528125 0.48535861778846157 0.4131152139423077 0.4785503389423077 0.4178929543269231 0.46833792067307695 0.4108856009615385 0.45812550240384614 0.39687089903846157 0.4574088413461539 0.38349322836538463 0.46278379807692305 0.38030806971153847 0.47550452884615385 0.38827096875 0.4841044615384615
9 0.39750793028846154 0.44307562259615385 0.38062658413461536 0.44200062980769234 0.3758488461538461 0.44630059615384615 0.37775993990384615 0.4549005264423077 0.3854043245192308 0.46009631971153847 0.4026041875 0.4559755192307692 0.39750793028846154 0.44307562259615385
0 0.5373364423076923 0.41458835096153845 0.4659888653846154 0.39111770432692305 0.4401890721153846 0.42282994951923075 0.4277669495192308 0.4486297451923077 0.4602555769230769 0.4593796586538461 0.4682184759615385 0.4522130480769231 0.48860349759615385 0.43608817788461535 0.5147218076923077 0.44880890865384615 0.5373364423076923 0.41458835096153845
0 0.49051459375 0.499871 0.5064403918269231 0.4850002860576923 0.5182254831730769 0.4810586514423077 0.53415128125 0.4670837644230769 0.4889220144230769 0.43734233413461543 0.4516556466346154 0.4661879375 0.42394475721153846 0.4835669639423077 0.4669444134615385 0.5129500625 0.49051459375 0.499871
13 0.5280994783653846 0.5324790745192307 0.5516696610576923 0.5285374375 0.561225139423077 0.5165333677884616 0.5561288846153846 0.5041709663461538 0.5472104375 0.49897517548076925 0.5366994110576923 0.49682519230769234 0.5233217403846153 0.4975418533653846 0.5118551634615385 0.5025584783653846 0.5038922644230769 0.5113375769230769 0.5089885216346154 0.5251332980769231 0.5280994783653846 0.5324790745192307
13 0.4801097403846154 0.550953 0.4889338125 0.5371904567307693 0.48091192788461534 0.5218486033653846 0.46165940624999996 0.5175619086538462 0.4460167331730769 0.5270377596153846 0.45243424038461544 0.5453126129807692 0.4801097403846154 0.550953
10 0.9072750456730769 0.5292939134615385 0.9108848942307692 0.5428308413461539 0.9433735240384615 0.5387697644230769 0.9421702403846154 0.5313244519230769 0.9072750456730769 0.5292939134615385
8 0.8787973581730769 0.5349343004807692 0.8956433149038462 0.5380929182692308 0.9028630096153846 0.5367392235576923 0.9080772355769231 0.5367392235576923 0.906472858173077 0.5297451442307692 0.8800006418269231 0.5247816033653846 0.8491163894230769 0.5204949110576923 0.8471109182692308 0.5320013004807692 0.8787973581730769 0.5349343004807692
2 0.7849413197115385 0.4816890480769231 0.7785238125 0.4852988966346154 0.7861446033653846 0.49251859134615383 0.7881500745192308 0.49725651682692307 0.852325141826923 0.5162082163461539 0.8635557812500001 0.5008663629807693 0.8575393677884615 0.4940978990384615 0.8394901298076923 0.4889087427884615 0.8049960288461538 0.4767255072115385 0.7965730504807692 0.48146343269230774 0.7849413197115385 0.4816890480769231
2 0.9269286610576923 0.38828424038461534 0.92131334375 0.3997906298076923 0.9261264735576924 0.39911378124999997 0.9421702403846154 0.3932477788461538 0.9558074423076923 0.39302216346153845 0.9602194783653846 0.38535123798076926 0.9658347980769231 0.38219262259615383 0.9429724278846153 0.37361923317307694 0.9293352259615385 0.3709118485576923 0.9152969302884616 0.38129015865384613 0.9269286610576923 0.38828424038461534
7 0.7953697692307693 0.5026712884615384 0.7909577331730768 0.5094397524038462 0.7973752403846154 0.5207205264423077 0.7937653918269232 0.526135298076923 0.7901555432692308 0.5331293774038461 0.8013861826923077 0.5376416875 0.80579821875 0.5462150745192308 0.8302649639423076 0.5606544663461539 0.8390890336538461 0.5565933870192308 0.850319673076923 0.5617825432692307 0.8864181490384616 0.5563677716346154 0.8876214302884615 0.5376416875 0.8479131057692307 0.5333549927884615 0.8471109182692308 0.52207421875 0.8426988822115384 0.5162082163461539 0.8346769975961539 0.5130495985576923 0.7953697692307693 0.5026712884615384
7 0.6690251009615384 0.4970308990384616 0.7223706274038462 0.5015432091346154 0.7303925096153846 0.4920673605769231 0.7259804735576924 0.48056097115384616 0.705925764423077 0.47762796874999996 0.6802557379807692 0.47649989182692304 0.6718327596153847 0.4830427403846154 0.6690251009615384 0.4970308990384616
13 0.6509758629807691 0.6326258028846153 0.6654152524038461 0.6479676562500001 0.6862721514423077 0.6533824278846154 0.7023159182692308 0.6522543509615384 0.7083323317307693 0.640973576923077 0.6983049759615384 0.6274366466346154 0.6922885625 0.6211194134615384 0.6666185360576923 0.6136741033653846 0.6541846153846154 0.6152534110576923 0.6505747692307692 0.6222474903846155 0.6509758629807691 0.6326258028846153
8 0.6533824278846154 0.6039726370192308 0.6541846153846154 0.6089361778846154 0.6573933701923077 0.6125460264423077 0.6654152524038461 0.6134484879807692 0.6710305721153845 0.6096130240384615 0.6742393245192309 0.6030701754807692 0.6786513605769231 0.5958504807692308 0.6786513605769231 0.5929174783653847 0.6730360432692308 0.5881795528846154 0.66340978125 0.5881795528846154 0.6573933701923077 0.5904357091346154 0.6553878990384615 0.5976554038461539 0.6533824278846154 0.6039726370192308
4 0.8743853221153847 0.6051007139423077 0.9165002115384616 0.5852465528846154 0.9012586346153846 0.57983178125 0.8968465985576923 0.5809598581730769 0.8888247139423077 0.5782524735576924 0.8479131057692307 0.5949480192307692 0.8743853221153847 0.6051007139423077
7 0.75044721875 0.6321745721153846 0.7404198653846153 0.6416504230769231 0.7251782860576923 0.6463883485576923 0.7155520264423078 0.6470651947115384 0.7299914158653846 0.6549617355769232 0.7323979807692308 0.6648888173076923 0.7596723870192308 0.6660168942307692 0.7889522620192307 0.66127896875 0.7897544495192308 0.6560898125 0.8053971225961539 0.6542848894230769 0.822243079326923 0.6470651947115384 0.8342759038461539 0.6384918052884616 0.8426988822115384 0.6319489567307692 0.8390890336538461 0.6245036466346154 0.8178310432692307 0.6161558725961539 0.7917599206730769 0.6087105625 0.7933642980769231 0.6129972572115384 0.7680953653846154 0.6319489567307692 0.75044721875 0.6321745721153846
7 0.6228992692307693 0.5753194711538462 0.6160806682692308 0.57983178125 0.6152784783653846 0.5856977836538462 0.6192894206730769 0.5917894014423077 0.6245036466346154 0.5985578653846153 0.6405474134615384 0.6019420985576923 0.6517780504807693 0.6012652524038461 0.6545857091346154 0.592015016826923 0.6638108774038461 0.5870514759615385 0.6581955576923076 0.5818623197115385 0.6537835216346154 0.5755450865384616 0.6413496009615384 0.5741913942307693 0.631322247596154 0.5750938557692308 0.6228992692307693 0.5753194711538462
7 0.4632637836538462 0.5875027067307692 0.4656703485576923 0.6008140216346154 0.4700823846153846 0.59833225 0.4869283413461538 0.5899844783653846 0.48331849278846156 0.5775756274038462 0.46165940624999996 0.5635874663461539 0.45123095913461536 0.5671973149038462 0.45243424038461544 0.5744170096153847 0.4632637836538462 0.5875027067307692
13 0.4612583125 0.5877283221153846 0.4544397115384615 0.5782524735576924 0.4464178269230769 0.5791549350961538 0.43679156730769225 0.5811854735576923 0.4432090745192308 0.5938199399038462 0.45484080528846155 0.5929174783653847 0.46366487740384615 0.592015016826923 0.4612583125 0.5877283221153846
0 0.4620605 0.5640386971153846 0.48291739903846154 0.5778012427884616 0.48371958653846153 0.5917894014423077 0.47609879807692307 0.5958504807692308 0.47970864423076925 0.5987834807692308 0.48933490625 0.6091617932692308 0.49695569471153844 0.5750938557692308 0.4881316225961539 0.55907515625 0.47369223317307696 0.5511786153846153 0.4532364278846154 0.5473431514423077 0.4500276754807692 0.5665204687500001 0.4620605 0.5640386971153846
7 0.5972292403846153 0.494323514423077 0.5960259591346154 0.5094397524038462 0.5936193942307693 0.5216229879807692 0.6156795745192307 0.5243303725961538 0.6285145865384615 0.5107934447115384 0.6281134927884615 0.5006407475961538 0.6212948918269231 0.4920673605769231 0.6020423725961538 0.4895855889423077 0.5972292403846153 0.494323514423077
7 0.6606021225961538 0.5074092115384615 0.6565911802884615 0.5125983677884615 0.6614043100961537 0.5135008293269231 0.6826623028846155 0.5216229879807692 0.7055246706730769 0.5204949110576923 0.7123432716346154 0.5103422139423077 0.7051235769230769 0.50357375 0.6995082596153845 0.5008663629807693 0.6850688677884615 0.4999639014423077 0.6726349471153846 0.4990614399038461 0.6646130649038462 0.5019944399038462 0.6606021225961538 0.5074092115384615
7 0.6513769567307693 0.5148545240384615 0.6517780504807693 0.5164338317307693 0.6674207235576923 0.5286170673076923 0.6742393245192309 0.5301963749999999 0.6766458894230769 0.5430564591346154 0.6670196298076922 0.5495993076923077 0.6862721514423077 0.5516298461538461 0.704722483173077 0.5468919206730769 0.6950962235576923 0.5322269158653846 0.6934918461538462 0.5259096826923076 0.6838655865384615 0.5229766802884616 0.6694261947115384 0.5171106778846154 0.6646130649038462 0.5180131394230769 0.6513769567307693 0.5148545240384615
7 0.5515045048076923 0.5297451442307692 0.5378673028846154 0.5380929182692308 0.5418782427884615 0.549148076923077 0.5511034110576923 0.5653923894230769 0.5811854735576923 0.571709625 0.5775756274038462 0.5577214639423077 0.5956248653846153 0.5459894591346154 0.5868007932692307 0.5358367620192308 0.5884051682692307 0.5310988365384616 0.5807843798076923 0.5225254495192307 0.57557015625 0.5171106778846154 0.5635373293269231 0.5184643701923076 0.5515045048076923 0.5297451442307692
7 0.6008390889423076 0.45822503846153845 0.590009545673077 0.4631885793269231 0.5936193942307693 0.4677008870192308 0.5976303365384615 0.4719875817307692 0.5980314302884615 0.4755974302884616 0.6080587836538461 0.4780791995192307 0.6180861394230769 0.47514619951923076 0.6409485072115384 0.4706338894230769 0.6353331899038461 0.4667984254807692 0.6253058341346154 0.46657281009615387 0.6220970817307693 0.46273734855769233 0.6144762908653847 0.45980434615384613 0.6008390889423076 0.45822503846153845
0 0.4428079807692308 0.6863222884615384 0.48051083413461537 0.6989567548076923 0.49294475240384616 0.6897065192307692 0.5049775793269231 0.6712060504807693 0.4849228701923077 0.6533824278846154 0.4748955144230769 0.6533824278846154 0.47369223317307696 0.6569922740384615 0.4508298629807692 0.6700779735576923 0.4428079807692308 0.6863222884615384
11 0.4460167331730769 0.6901577499999999 0.4412036033653846 0.6833892860576923 0.42917077884615384 0.6822612091346154 0.42315436538461537 0.6851942091346154 0.42636311778846153 0.6948956754807691 0.43799485096153845 0.6982799086538461 0.4476211105769231 0.6976030600961539 0.4460167331730769 0.6901577499999999
0 0.6457616370192307 0.7104631442307692 0.6092620673076923 0.6897065192307692 0.5743668725961538 0.7230976105769231 0.5968281466346154 0.7377626153846154 0.6116686322115384 0.7377626153846154 0.6457616370192307 0.7104631442307692
8 0.877995170673077 0.710914375 0.8755886057692308 0.7122680673076923 0.8751875120192308 0.7152010697115384 0.8703743822115384 0.7206158389423076 0.876791889423077 0.7237744567307692 0.8888247139423077 0.7368601538461538 0.9060717644230769 0.7470128509615385 0.9189067788461538 0.7418236947115384 0.9152969302884616 0.7375369999999999 0.9048684807692309 0.7298660745192307 0.8976487860576923 0.7226463798076923 0.8872203365384616 0.7138473750000001 0.877995170673077 0.710914375
8 0.8703743822115384 0.7682207067307693 0.8535284254807693 0.7709280913461539 0.8531273317307692 0.7740867091346153 0.8587426490384615 0.7804039423076923 0.8667645336538462 0.7828857115384615 0.8763907932692308 0.7824344807692308 0.9012586346153846 0.7806295576923077 0.9189067788461538 0.7783734014423077 0.9257253798076923 0.7731842475961539 0.9321428846153845 0.7722817836538461 0.9277308509615385 0.7673182451923076 0.9193078725961539 0.7659645504807693 0.9016597283653845 0.7639340120192308 0.8800006418269231 0.76641578125 0.8703743822115384 0.7682207067307693
8 0.9425713341346154 0.7943921009615384 0.9265275673076924 0.7970994879807692 0.9193078725961539 0.7991300264423077 0.923318814903846 0.8049960288461538 0.9297363197115385 0.8056728750000001 0.9433735240384615 0.8070265697115384 0.9598183846153846 0.8034167211538462 0.9734555865384615 0.7998068725961538 0.9750599639423078 0.795745795673077 0.9702468341346153 0.7952945625 0.965433701923077 0.7914591009615385 0.9598183846153846 0.7907822548076923 0.9425713341346154 0.7943921009615384
8 0.9241210024038462 0.7661901658653847 0.9301374158653846 0.7673182451923076 0.9321428846153845 0.7707024759615385 0.9397636754807692 0.7740867091346153 0.9554063485576924 0.780178326923077 0.9754610576923077 0.786044329326923 0.97907090625 0.7792758653846155 0.9694446442307693 0.7729586322115385 0.9538019711538461 0.7675438605769231 0.9373571105769231 0.7632571658653846 0.9277308509615385 0.7612266274038462 0.9241210024038462 0.7661901658653847
8 0.878396264423077 0.7873980216346154 0.8771929831730769 0.788977329326923 0.8812039254807692 0.7898797908653846 0.8852148653846155 0.7919103317307693 0.8924345625 0.7932640240384615 0.9056706706730769 0.7930384086538461 0.92131334375 0.7925871778846154 0.9273297548076923 0.7939408701923077 0.9341483557692307 0.7878492524038462 0.9301374158653846 0.7813064038461538 0.9201100600961538 0.7799527115384616 0.9084783293269231 0.7804039423076923 0.8920334663461538 0.7817576346153847 0.8828083004807692 0.7828857115384615 0.8832093942307692 0.786044329326923 0.878396264423077 0.7873980216346154
2 0.9453789927884616 0.8523752788461538 0.9550052548076924 0.8604974375 0.9602194783653846 0.8652353629807692 0.9674391730769231 0.8636560528846153 0.9618238557692307 0.8510215865384616 0.9570107259615385 0.8458324302884616 0.9566096298076924 0.8399664278846154 0.9469833701923077 0.8259782692307692 0.9313406971153846 0.8119901081730769 0.9237199086538461 0.8119901081730769 0.9144947427884615 0.8144718798076924 0.9132914591346153 0.82124034375 0.9217144374999999 0.8302649639423076 0.9317417908653846 0.8442531225961538 0.9453789927884616 0.8523752788461538
2 0.7199640625 0.7217439182692308 0.7127443653846155 0.7282867668269231 0.7147498365384616 0.7325734615384616 0.7255793798076924 0.7346039999999999 0.7376122067307692 0.7352808461538461 0.7568647259615384 0.7377626153846154 0.7692986466346153 0.7377626153846154 0.7709030240384614 0.7348296153846154 0.7709030240384614 0.7316709975961538 0.7648866105769231 0.7300916899038461 0.7508483149038461 0.7271586899038461 0.7356067355769231 0.7228719951923076 0.7199640625 0.7217439182692308
2 0.7745128701923077 0.7643852427884615 0.7761172475961539 0.7578423942307692 0.7733095889423077 0.7526532379807692 0.7644855168269231 0.7447566971153846 0.7584691033653846 0.7467872355769232 0.7596723870192308 0.7488177740384615 0.762881139423077 0.7560374711538462 0.7640844230769231 0.7628059350961538 0.7648866105769231 0.7670926298076922 0.7701008341346154 0.7761172475961539 0.7813314735576923 0.7896541754807692 0.7885511682692308 0.793489639423077 0.7997818052884615 0.7892029447115385 0.8001828990384615 0.7846906370192308 0.7933642980769231 0.77386109375 0.7873478846153846 0.7670926298076922 0.7813314735576923 0.7623547043269231 0.7745128701923077 0.7643852427884615
3 0.6854699615384615 0.7503970841346154 0.7003104471153846 0.7549093918269231 0.7087334254807692 0.7422749254807692 0.7215684375 0.7388906947115385 0.72036515625 0.7355064615384616 0.7115410841346154 0.7321222283653845 0.7083323317307693 0.7339271538461538 0.6954973173076924 0.7404700024038462 0.6854699615384615 0.7503970841346154
2 0.9092805168269231 0.8176304951923077 0.9028630096153846 0.8196610360576924 0.9000553509615384 0.8225940360576923 0.9032641057692307 0.8291368846153847 0.9052695745192308 0.8363565817307692 0.9124892716346154 0.8451555841346153 0.9185056826923077 0.8523752788461538 0.9261264735576924 0.8523752788461538 0.9305385096153846 0.851924048076923 0.9329450745192307 0.8557595120192307 0.9337472620192308 0.8629792067307692 0.9413680528846153 0.8711013653846155 0.9465822764423077 0.8711013653846155 0.9469833701923077 0.8611742836538461 0.9417691466346153 0.8546314350961539 0.934950545673077 0.8487654326923076 0.9257253798076923 0.8354541177884616 0.9120881754807691 0.8214659591346154 0.9092805168269231 0.8176304951923077
2 0.9205111538461538 0.86568659375 0.9165002115384616 0.8591437451923076 0.9100827067307692 0.843125045673077 0.9044673870192308 0.8415457379807693 0.9036651995192307 0.8573388197115384 0.8976487860576923 0.8672659014423078 0.8996542572115385 0.8909555264423077 0.9197089663461538 0.8932116802884615 0.9205111538461538 0.86568659375
2 0.9971201442307692 0.9800736418269231 0.9979223317307693 0.9629268653846155 0.9886971658653846 0.9520973221153847 0.9718512091346153 0.9451032427884616 0.9610216658653846 0.9399140865384615 0.9509943125 0.9367554687499999 0.9425713341346154 0.9322431586538461 0.9361538269230769 0.9311150817307693 0.9329450745192307 0.9331456201923077 0.9481866538461539 0.9473593966346154 0.9590161971153847 0.95751209375 0.9778676225961539 0.9712746370192308 0.9903015432692308 0.9748844855769231 0.9971201442307692 0.9800736418269231
2 0.8009850865384615 0.8731319038461538 0.8130179134615385 0.8774185985576923 0.8254518317307693 0.8792235216346154 0.8370835649038462 0.8604974375 0.8346769975961539 0.8498935096153846 0.8302649639423076 0.8471861225961538 0.823045266826923 0.8492166634615385 0.8166277596153846 0.8514728173076923 0.8082047836538462 0.8636560528846153 0.8009850865384615 0.8731319038461538
2 0.7656887980769231 0.8699732860576923 0.7745128701923077 0.8853151394230768 0.7757161538461539 0.890504295673077 0.7985785216346154 0.9180293846153845 0.8182321370192308 0.9141939206730769 0.8106113485576922 0.9020106850961539 0.7945675793269231 0.8805772139423076 0.7829358485576924 0.8767417524038461 0.7688975528846154 0.8679427475961539 0.7656887980769231 0.8699732860576923
7 0.7636833293269232 0.9983484951923077 0.8374846586538461 0.997897264423077 0.8298638677884616 0.96044509375 0.7356067355769231 0.9473593966346154 0.7099367067307691 0.9421702403846154 0.6991071634615385 0.9462313197115384 0.7227717211538462 0.9827810264423077 0.7636833293269232 0.9983484951923077
8 0.5306476057692308 0.8122157235576922 0.5338563605769231 0.8149231105769231 0.546691375 0.8169536490384615 0.5523066923076922 0.8137950336538461 0.5527077860576923 0.8068009519230769 0.5462902788461539 0.8036423365384615 0.5366640192307692 0.8049960288461538 0.5314497956730769 0.8061241057692308 0.5306476057692308 0.8122157235576922
7 0.4724889495192308 0.8898274495192309 0.49454912980769233 0.8979496057692308 0.49535131730769233 0.8862176009615385 0.49294475240384616 0.8767417524038461 0.4861261514423077 0.8733575192307692 0.47369223317307696 0.8672659014423078 0.46687363221153844 0.8747112115384615 0.4724889495192308 0.8898274495192309
7 0.43117625 0.8647841322115385 0.43478609615384617 0.8650097475961539 0.4480222043269231 0.8681683629807692 0.4580495600961539 0.8735831346153845 0.46607144230769226 0.8735831346153845 0.47208785576923074 0.8681683629807692 0.4700823846153846 0.8629792067307692 0.4648681610576923 0.8600462067307693 0.4528353341346154 0.8577900504807693 0.4436101682692308 0.8580156658653847 0.4363904735576923 0.8600462067307693 0.43117625 0.8647841322115385
7 0.36539680288461535 0.9548047067307692 0.36740227403846154 0.9586401706730769 0.3621880480769231 0.9624756346153845 0.3838471346153846 0.9755613317307692 0.3926712067307693 0.9548047067307692 0.39387449038461536 0.9428470865384615 0.39146792548076925 0.9405909326923076 0.38063838221153845 0.9426214711538462 0.37381978125 0.9421702403846154 0.36780336778846157 0.9478106274038461 0.36539680288461535 0.9548047067307692
8 0.47690098557692306 0.7772453245192307 0.4724889495192308 0.78423940625 0.4913403774038461 0.7939408701923077 0.5053786730769231 0.8018374134615385 0.5069830504807692 0.7973251033653846 0.504576485576923 0.7921359471153846 0.5017688245192308 0.7887517139423077 0.48051083413461537 0.7790502499999999 0.47690098557692306 0.7772453245192307
8 0.6690251009615384 0.7824344807692308 0.6906841874999999 0.7849162524038462 0.7007115408653846 0.7792758653846155 0.7103378004807692 0.7776965552884616 0.7083323317307693 0.7702512451923076 0.6983049759615384 0.7698000144230769 0.6894809038461538 0.7668670120192308 0.6686240072115385 0.7702512451923076 0.6690251009615384 0.7824344807692308
13 0.35938038942307693 0.30661143509615385 0.35416616586538463 0.3095444375 0.3561716370192308 0.31450797836538463 0.344941 0.3174409783653846 0.3565727307692308 0.3282705216346154 0.3601825769230769 0.3352646009615385 0.3545672596153846 0.3418074495192308 0.3605836730769231 0.34722222115384616 0.36740227403846154 0.3483503004807692 0.3814405697115385 0.34090498798076924 0.38264385336538465 0.33391090865384615 0.38063838221153845 0.3273680600961538 0.37261649759615384 0.3140567475961538 0.36579789663461537 0.3070626658653846 0.35938038942307693 0.30661143509615385
7 0.22340946153846156 0.3332340625 0.2250138389423077 0.3449660673076923 0.2210028966346154 0.3528626081730769 0.23103025 0.35444191826923077 0.23985432211538463 0.34902714663461537 0.2530904302884615 0.3497039927884616 0.2663265384615384 0.3454172980769231 0.2739473293269231 0.33842321875000003 0.27835936538461536 0.31631290144230767 0.2679309158653846 0.31766659375 0.2506838653846154 0.32172767307692307 0.22621712019230772 0.32172767307692307 0.22340946153846156 0.3332340625
13 0.2502827716346154 0.47356688942307695 0.2554969951923077 0.4706338894230769 0.26271668990384617 0.4647678870192308 0.2522882427884615 0.46048119230769236 0.23143134375000002 0.46950581249999995 0.2434641706730769 0.4807865865384615 0.2546948076923077 0.48056097115384616 0.2538926177884615 0.4774023533653846 0.2502827716346154 0.47356688942307695
6 0.3052326754807692 0.46341419471153844 0.3156611225961538 0.4900368197115385 0.32488629086538456 0.49026243509615386 0.33932568028846155 0.4884575120192308 0.3397267740384615 0.48417081730769235 0.33852349278846156 0.4570969615384615 0.3305016081730769 0.4462674182692308 0.31766659375 0.44874918750000004 0.3052326754807692 0.45348711298076927 0.3052326754807692 0.46341419471153844
9 0.3333092668269231 0.4394989543269231 0.34895193990384615 0.4408526466346154 0.3573749182692308 0.43476102884615386 0.3597814831730769 0.42912064182692305 0.3529628822115385 0.4243827163461538 0.3421333389423077 0.4259620240384615 0.3317048918269231 0.43182802644230767 0.3333092668269231 0.4394989543269231
7 0.6690251009615384 0.4591275 0.6866732451923077 0.4683777355769231 0.703920295673077 0.4726644278846154 0.7147498365384616 0.4640910408653846 0.705925764423077 0.4541639591346154 0.6858710552884616 0.4471698798076923 0.6662174423076923 0.4410782620192307 0.6646130649038462 0.4550664206730769 0.6690251009615384 0.4591275
7 0.5932183004807693 0.3377463725961538 0.6164817620192308 0.3169897475961539 0.6132730096153846 0.3120262067307692 0.5884051682692307 0.29848927884615384 0.5743668725961538 0.3005198173076923 0.5527077860576923 0.3239838269230769 0.5932183004807693 0.3377463725961538
8 0.54789465625 0.9615731706730769 0.54789465625 0.9559327836538463 0.5218235336538461 0.9502923966346154 0.5174114975961538 0.9498411658653846 0.5154060264423077 0.9505180120192308 0.51781259375 0.9584145552884615 0.54789465625 0.9615731706730769
10 0.9991256153846154 0.8155999567307692 0.9971201442307692 0.8113132620192308 0.994312485576923 0.8086058774038462 0.9862906009615385 0.8083802620192307 0.9782687163461539 0.8095083389423077 0.979472 0.8128925697115386 0.9907026370192308 0.8271063461538462 0.9979223317307693 0.8280088076923077 0.9991256153846154 0.8155999567307692
8 0.6509758629807691 0.8243989615384616 0.6509758629807691 0.8289112692307692 0.6565911802884615 0.8309418100961538 0.6638108774038461 0.8311674254807693 0.6690251009615384 0.8255270384615384 0.6810579254807692 0.8140206490384615 0.6850688677884615 0.8049960288461538 0.6882776225961538 0.8007093341346153 0.6834644903846154 0.798678795673077 0.6794535504807692 0.7977763341346154 0.6754426081730769 0.8018374134615385 0.6690251009615384 0.8034167211538462 0.6654152524038461 0.8072521850961538 0.6509758629807691 0.8243989615384616
6 0.6413496009615384 0.9633780961538462 0.6381408485576923 0.9751101009615385 0.6602010288461538 0.9836834879807692 0.6670196298076922 0.9753357163461539 0.6413496009615384 0.9633780961538462
7 0.777721625 0.8095083389423077 0.8543306129807693 0.7966482572115384 0.8579404615384616 0.7952945625 0.8250507379807692 0.7578423942307692 0.8001828990384615 0.7643852427884615 0.7644855168269231 0.7727330168269231 0.777721625 0.8095083389423077
0 0.21378319951923078 0.5904357091346154 0.19773943269230768 0.5967529423076923 0.2165908605769231 0.6093874086538462 0.22421164903846155 0.6051007139423077 0.22060180288461537 0.6017164831730769 0.22260727163461538 0.5967529423076923 0.21378319951923078 0.5904357091346154
7 0.2911943774038461 0.2639701105769231 0.2964086033653846 0.26938488221153845 0.28999109615384616 0.2772814230769231 0.2980129783653846 0.2892390432692308 0.30322720432692307 0.30435528125 0.32488629086538456 0.3059345889423077 0.32769394951923075 0.29961735576923076 0.34534209374999997 0.2858548125 0.34534209374999997 0.27863511778846156 0.32448519471153847 0.2707385745192308 0.2976118846153846 0.2601346466346154 0.28918890625 0.26081149278846155 0.2911943774038461 0.2639701105769231
7 0.5146038389423077 0.6443578076923077 0.5117961802884615 0.6427784999999999 0.5093896153846154 0.6490957331730769 0.5069830504807692 0.6556385817307693 0.5105928966346154 0.6585715841346154 0.5154060264423077 0.6637607403846153 0.5262355697115384 0.6657912788461539 0.5294443245192307 0.6705292043269231 0.5290432307692308 0.6766208221153847 0.5314497956730769 0.6712060504807693 0.5370651129807692 0.6617301995192307 0.5474935624999999 0.6545105048076922 0.5410760552884615 0.6527055817307693 0.5386694903846154 0.6495469639423077 0.5302465120192308 0.6470651947115384 0.5222246298076922 0.6448090384615385 0.5146038389423077 0.6443578076923077
6 0.41874232932692307 0.5315500697115385 0.43197843750000003 0.533580608173077 0.43077515384615384 0.5281658365384615 0.40470403365384616 0.4866525889423077 0.38946245432692306 0.4868782043269231 0.41433029326923076 0.5297451442307692 0.41874232932692307 0.5315500697115385
7 0.2270193076923077 0.3594054591346154 0.21458538942307692 0.3756497716346154 0.23945322836538463 0.3950527043269231 0.2506838653846154 0.3830950841346154 0.2270193076923077 0.3594054591346154
4 0.287985625 0.4128763269230769 0.28878781249999996 0.41648617548076927 0.3008206394230769 0.41964479086538464 0.3088425216346154 0.42212656009615385 0.3357158317307692 0.4261876394230769 0.33090270192307697 0.41603494230769233 0.3200731586538461 0.41400440384615383 0.30844142788461537 0.4128763269230769 0.2948042259615385 0.41197386538461533 0.287985625 0.4128763269230769
4 0.5077852379807692 0.2100480120192308 0.5150049326923077 0.2114017043269231 0.5222246298076922 0.20937116346153847 0.5214224399038462 0.19741354326923075 0.5278399471153846 0.18974261778846155 0.5370651129807692 0.1795899206730769 0.5174114975961538 0.17259584134615386 0.5146038389423077 0.1768825360576923 0.5113950865384616 0.18590715384615386 0.506180860576923 0.19741354326923075 0.5077852379807692 0.2100480120192308
8 0.33804418509615386 0.41063596394230767 0.3399935024038462 0.41264619951923076 0.3412930480769231 0.4158442980769231 0.34243014903846153 0.41812865384615383 0.34486679567307693 0.41913377163461535 0.34795321634615384 0.4208698822115385 0.3499025336538461 0.42214912259615384 0.3547758293269231 0.4158442980769231 0.35201429567307696 0.4134685673076923 0.348927875 0.4119152043269231 0.34502924038461535 0.41063596394230767 0.34226770673076923 0.4092653509615385 0.34096816105769234 0.40862573076923075 0.33804418509615386 0.41063596394230767
8 0.34746588701923076 0.3471308485576923 0.34145549038461537 0.3896198822115385 0.35038986298076924 0.38998537980769227 0.3541260552884615 0.3691520456730769 0.35769980528846157 0.3502375721153846 0.35607537259615385 0.3422880120192308 0.3508771923076923 0.34210526201923075 0.34746588701923076 0.3471308485576923
4 0.27575225240384615 0.4244955240384615 0.2657248966346154 0.41603494230769233 0.25990903125 0.4163733677884615 0.25449425961538463 0.422464985576923 0.26953529326923076 0.4299102956730769 0.27575225240384615 0.4244955240384615
7 0.2434641706730769 0.36132318990384615 0.24326362259615383 0.3671891923076923 0.2548953533653846 0.36673796153846155 0.28557906009615386 0.3676404230769231 0.30503212740384616 0.3738448485576923 0.30483158173076924 0.36053353605769234 0.29520531971153846 0.3566980721153846 0.2540931658653846 0.35489314903846153 0.2478762067307692 0.3571493028846154 0.24767565865384616 0.3609847668269231 0.2434641706730769 0.36132318990384615
7 0.2699363870192308 0.34801187740384615 0.2639199735576923 0.3543291105769231 0.28999109615384616 0.3559084182692308 0.2911943774038461 0.3493655697115384 0.29781243269230767 0.34733502884615386 0.29841407451923074 0.33255721634615387 0.2940020384615385 0.33188037019230765 0.27555170432692305 0.34722222115384616 0.2699363870192308 0.34801187740384615
7 0.2931998485576923 0.31168778365384614 0.2962080552884615 0.3140567475961538 0.2940020384615385 0.3184562475961539 0.28878781249999996 0.32082521153846155 0.28858726682692304 0.32409663461538457 0.29420258413461536 0.33142913942307695 0.29781243269230767 0.3317675625 0.2992162620192308 0.33537740865384613 0.30342775 0.3352646009615385 0.30021899759615384 0.3261271754807692 0.3182682355769231 0.31800501682692306 0.30463103365384614 0.3060473966346154 0.29580696153846153 0.30762670673076925 0.2931998485576923 0.31168778365384614
8 0.7539602524038462 0.7278433149038462 0.7681506874999999 0.7297338173076924 0.7662835240384616 0.7198611947115385 0.7375292211538462 0.7007461177884615 0.7229653533653846 0.7074679038461539 0.7326745985576923 0.7162902475961539 0.7539602524038462 0.7278433149038462
10 0.8208046730769231 0.6952846682692309 0.8327545120192308 0.699065670673077 0.83611540625 0.70347684375 0.8461980841346153 0.700115951923077 0.8450777860576923 0.6938142764423076 0.837235701923077 0.6904533846153846 0.8252858629807692 0.6864623245192308 0.8241655649038461 0.6885628822115385 0.8204312403846153 0.6923438870192308 0.8208046730769231 0.6952846682692309
8 0.8211781057692308 0.6839416538461538 0.8271530240384616 0.6772198701923077 0.8092282644230769 0.6602053509615384 0.7961581274038461 0.6763796466346155 0.8211781057692308 0.6839416538461538
8 0.7969049903846154 0.6719684759615384 0.8096016971153847 0.6587349591346154 0.8058673725961539 0.6551640120192308 0.7924238004807692 0.6564243461538461 0.7868223125 0.6610455745192307 0.7969049903846154 0.6719684759615384
4 0.4530190144230769 0.8339823461538463 0.45726986298076927 0.8293709350961538 0.4636461346153846 0.8158782860576923 0.45818075721153845 0.8109252884615384 0.4515008533653846 0.8121208389423077 0.4439100528846154 0.8310788653846154 0.4530190144230769 0.8339823461538463
7 0.9397411826923077 0.584453735576923 0.9342758076923077 0.5888943533653846 0.9406520793269231 0.5957260745192308 0.9625135865384615 0.6044365192307692 0.9871077836538462 0.6064860360576924 0.9980385360576923 0.606656829326923 0.9986458004807692 0.5687407764423077 0.9801242451923078 0.5731813966346154 0.9497610408653846 0.5868448389423077 0.9397411826923077 0.584453735576923
7 0.9761770288461539 0.6327881610576923 0.9883223125 0.6213450288461538 0.9983421682692307 0.61912471875 0.9983421682692307 0.6128053774038462 0.990447735576923 0.612293 0.9810351418269231 0.6155380673076922 0.9722298125000001 0.6196370985576922 0.9679789639423078 0.624760889423077 0.9664608052884615 0.62681040625 0.9691934927884615 0.6315926105769231 0.9761770288461539 0.6327881610576923
7 0.29184700721153845 0.6106588870192308 0.29983150000000003 0.6033799182692308 0.2973535528846154 0.5917645456730769 0.28771709615384616 0.5899060865384615 0.2805585841346154 0.5917645456730769 0.2756026923076923 0.5906804447115385 0.2673428701923077 0.5964106947115385 0.27395072836538464 0.5985788990384615 0.2750520360576923 0.6055481225961539 0.29184700721153845 0.6106588870192308
7 0.30781599278846156 0.5157225697115385 0.29129635096153844 0.5194394879807692 0.28441316826923074 0.5296610168269231 0.3025847740384615 0.5381789567307692 0.31442385096153846 0.5321389639423078 0.3204810528846154 0.5216076923076923 0.30781599278846156 0.5157225697115385