11 0.5082543149038462 0.9340246802884615 0.5170647908653846 0.9377416009615385 0.5831433581730769 0.9219446923076924 0.5798394302884615 0.9176082860576924 0.5583638942307693 0.8946872836538462 0.48843074519230767 0.9123426514423076 0.5082543149038462 0.9340246802884615
9 0.43832116346153843 0.9265908413461539 0.44052378365384615 0.9318564783653845 0.44713163942307693 0.9396000600961538 0.4586953894230769 0.9420780048076923 0.4735630673076923 0.9396000600961538 0.4790696129807692 0.9330954495192307 0.4840255072115385 0.92937853125 0.48292419711538465 0.9213252067307691 0.47466437499999997 0.9169888004807691 0.4597966971153846 0.9142011105769231 0.44052378365384615 0.9188472596153846 0.43832116346153843 0.9265908413461539
8 0.3001011490384615 0.905422920673077 0.29306752884615384 0.9022201129807693 0.2870387115384615 0.90485771875 0.2505308701923077 0.9225673725961538 0.2428273822115385 0.9301033942307693 0.24818633173076923 0.9344366057692307 0.2642631778846154 0.9316105985576922 0.3014408870192308 0.9129589447115385 0.3001011490384615 0.905422920673077
9 0.21167849038461536 0.889974076923077 0.21603263701923078 0.8982636995192308 0.22909507451923078 0.9042925192307693 0.24617672596153847 0.9044809182692308 0.2545500817307692 0.8984521009615385 0.25655968990384614 0.8907276778846154 0.2589042283653846 0.8869596682692307 0.2572295576923077 0.8830032548076924 0.2391431033653846 0.8765976370192308 0.23512389182692306 0.8758440336538461 0.21469289903846153 0.8831916562500001 0.21167849038461536 0.889974076923077
10 0.24115270913461537 0.8762208365384615 0.25321034615384613 0.8820612524038461 0.2585692956730769 0.88111925 0.2625885072115385 0.8786700432692308 0.25187060817307694 0.8662356057692308 0.24617672596153847 0.8660472067307693 0.23478895673076924 0.8716992211538461 0.23344922115384614 0.8737716274038461 0.24115270913461537 0.8762208365384615
8 0.2585692956730769 0.8690616153846153 0.25655968990384614 0.8750904326923077 0.26459811298076924 0.8786700432692308 0.27397627403846153 0.88111925 0.28469417067307695 0.8816844519230769 0.2910579230769231 0.8805540480769231 0.2907229903846154 0.8779164399038462 0.28368936778846154 0.87075721875 0.2773256153846154 0.8634095985576924 0.26526798076923075 0.8647284014423077 0.2585692956730769 0.8690616153846153
7 0.22909507451923078 0.8110342427884615 0.22541079807692307 0.8195122692307693 0.21201342548076924 0.8266714903846153 0.19694137980769233 0.8389175264423077 0.19526670913461538 0.8513519615384616 0.20163046153846154 0.8571923798076924 0.21469289903846153 0.8639748004807692 0.23378415384615386 0.8677428100961537 0.2605789014423077 0.8675544110576923 0.26526798076923075 0.8624675961538462 0.26526798076923075 0.858887985576923 0.26727758653846156 0.856815579326923 0.2682823894230769 0.8472071490384615 0.27163173317307693 0.8402363293269232 0.2726365360576923 0.8304395 0.26392824278846155 0.8274250913461538 0.26627278365384616 0.8229034783653847 0.26459811298076924 0.8166862596153847 0.2602439663461538 0.8048170264423077 0.24818633173076923 0.8025562187499999 0.23177454807692308 0.8029330192307692 0.22909507451923078 0.8110342427884615
2 0.5151289831730769 0.8613371923076923 0.5020665456730768 0.8732064278846153 0.49302331730769233 0.8760324350961538 0.4980473341346154 0.8805540480769231 0.5054158870192308 0.8775396394230769 0.5305359615384615 0.8692500144230769 0.5576656418269231 0.8549315721153847 0.5566608389423077 0.8513519615384616 0.5502970865384615 0.84494634375 0.5429285312500001 0.8472071490384615 0.5151289831730769 0.8613371923076923
8 0.5000569399038461 0.8820612524038461 0.5178084567307693 0.8782932427884614 0.5117796394230769 0.8581343822115385 0.5087652307692307 0.8498447572115384 0.5047460192307692 0.8436275384615384 0.5054158870192308 0.8411783317307692 0.5007268076923077 0.8391059254807692 0.49905213461538456 0.837787122596154 0.48933904086538466 0.8391059254807692 0.48967397596153844 0.84080153125 0.48598969711538464 0.8443811418269231 0.49000890865384616 0.8468303485576923 0.4879993028846154 0.8505983605769232 0.4943630552884616 0.8801772475961538 0.5000569399038461 0.8820612524038461
4 0.0013397379807692307 0.8733948269230769 0.007703490384615384 0.8741484302884615 0.01708165144230769 0.8741484302884615 0.021100862980769228 0.8538011706730769 0.0023445408653846155 0.8511635625 0.0013397379807692307 0.8733948269230769
7 0.13598333413461539 0.9112633389423077 0.14737110096153846 0.9110749375 0.1523951153846154 0.8954376923076922 0.1550745889423077 0.8814960504807693 0.13899774278846155 0.8628443966346153 0.12995451682692308 0.8432507379807692 0.10918858894230768 0.8400479302884616 0.09713095192307691 0.8430623389423076 0.08775279086538462 0.8332655096153846 0.052249754807692304 0.8424971370192308 0.053589490384615385 0.8562503774038461 0.06464232451923077 0.87075721875 0.06464232451923077 0.8822496538461538 0.0723458125 0.8944956899038462 0.0723458125 0.9003361057692308 0.08741785817307691 0.905422920673077 0.10818378605769231 0.9022201129807693 0.12593530528846156 0.9009013076923077 0.13598333413461539 0.9112633389423077
7 0.20698940865384616 0.8664240072115384 0.2012955264423077 0.8639748004807692 0.19694137980769233 0.8607719903846154 0.19292216826923078 0.8656704038461539 0.1885680216346154 0.8715108221153846 0.17416584615384614 0.8733948269230769 0.1641178173076923 0.8722644230769231 0.16210821153846153 0.8577575817307692 0.15708419471153848 0.8585111826923076 0.14301695432692307 0.8658588052884616 0.15105537740384614 0.8782932427884614 0.16847196153846153 0.8794236442307692 0.18454881009615384 0.8814960504807693 0.19727631490384614 0.8779164399038462 0.20698940865384616 0.8664240072115384
7 0.20564967307692308 0.8607719903846154 0.20230032932692307 0.8581343822115385 0.1945968389423077 0.8522939639423076 0.19593657692307692 0.8398595288461539 0.20866408173076925 0.8287438966346153 0.20196539423076926 0.8259178870192307 0.18019466346153848 0.8409899326923077 0.16847196153846153 0.8515403629807692 0.16679729086538464 0.8554967740384616 0.1627780793269231 0.8581343822115385 0.1654575528846154 0.8713224206730769 0.17517064903846155 0.872829625 0.1892378894230769 0.87075721875 0.1925872331730769 0.8649168028846154 0.19627151201923076 0.8603951899038461 0.20564967307692308 0.8607719903846154
7 0.6434088269230769 0.8939304879807692 0.6313511923076922 0.8856408629807693 0.6012071033653846 0.886771266826923 0.5908241394230769 0.8967564951923077 0.5928337451923077 0.9182341586538462 0.6002023004807693 0.9353786105769231 0.6095804615384616 0.9461174423076923 0.6182887548076923 0.9446102379807692 0.6263271778846153 0.9329294014423077 0.6249874399038462 0.9236977764423078 0.6440786971153846 0.9212485673076922 0.6491027115384616 0.9171037572115384 0.6551315288461539 0.9061765240384615 0.6457533677884615 0.9042925192307693 0.6434088269230769 0.8939304879807692
7 0.6320210600961539 0.8603951899038461 0.6367101418269231 0.8617139927884616 0.64173415625 0.8564387764423077 0.6397245504807691 0.8421203341346154 0.6558013966346153 0.8453231442307693 0.6645096899038462 0.8404247307692307 0.6541267259615384 0.8285554951923076 0.640059485576923 0.8159326586538461 0.6062311177884616 0.8068894302884615 0.5760870288461539 0.8310047019230768 0.60221190625 0.8362799182692308 0.6018769711538462 0.8398595288461539 0.6196284903846153 0.8456999447115384 0.6320210600961539 0.8603951899038461
8 0.6956585817307693 0.8798004471153846 0.6959935144230769 0.884698860576923 0.6973332524038462 0.8909160793269231 0.7114004951923077 0.9090025312500001 0.7217834591346153 0.9191761610576923 0.7311616201923077 0.9189877620192307 0.7388651081730769 0.912582141826923 0.7144149038461538 0.8839452572115385 0.7057066105769232 0.8818728509615384 0.7033620697115384 0.8779164399038462 0.6956585817307693 0.8798004471153846
8 0.7177642475961539 0.9206833653846154 0.7194389182692308 0.9167269543269231 0.7154197067307693 0.9131473437500001 0.7120703629807692 0.9163501538461538 0.6953236466346154 0.9167269543269231 0.689629764423077 0.9257701802884615 0.6718782451923077 0.9399002235576923 0.653456858173077 0.9476246466346154 0.6628350192307693 0.9540302644230769 0.6685289014423077 0.9576098749999999 0.6779070625 0.9534650625 0.6889598942307693 0.9451754374999999 0.70101753125 0.9380162163461538 0.7134101009615385 0.9329294014423077 0.7160895745192307 0.9242629759615385 0.7177642475961539 0.9206833653846154
7 0.8051821033653846 0.9608126850961539 0.81288559375 0.9619430889423076 0.8135554615384616 0.9570446730769231 0.8081965120192307 0.9527114615384615 0.8041773004807692 0.951957858173077 0.8081965120192307 0.9480014471153846 0.8115458557692308 0.9427262307692307 0.8068567764423077 0.9340598052884614 0.7891052572115385 0.9238861754807692 0.7830764375 0.9238861754807692 0.7556118245192308 0.9331178028846154 0.7415445841346154 0.9444218365384616 0.7361856346153846 0.9472478437499999 0.7472384663461539 0.9589286802884616 0.7639851826923076 0.9640154951923077 0.7703489350961538 0.9625082884615386 0.7800620288461538 0.9628850913461539 0.7924545985576923 0.9577982764423076 0.7971436802884615 0.9572330745192308 0.8051821033653846 0.9608126850961539
7 0.6722131778846154 0.8677428100961537 0.6578110024038462 0.8696268173076922 0.6504424495192308 0.8750904326923077 0.6507773822115385 0.8820612524038461 0.6725481129807692 0.8907276778846154 0.6856105504807692 0.8909160793269231 0.6939839086538462 0.8850756610576924 0.6939839086538462 0.8743368293269231 0.6832660120192308 0.8681196105769231 0.6722131778846154 0.8677428100961537
7 0.821258951923077 0.884698860576923 0.821258951923077 0.8758440336538461 0.8195842788461539 0.86661240625 0.7827415048076923 0.8671776081730769 0.7592961009615385 0.8747136322115385 0.7462336634615384 0.8750904326923077 0.7375253701923078 0.8660472067307693 0.7100607572115384 0.8745252307692308 0.72077865625 0.8907276778846154 0.73384109375 0.9063649254807692 0.7398699110576923 0.9159733533653847 0.7495830072115385 0.9154081514423077 0.7576214302884616 0.928219389423077 0.7616406418269231 0.9269005841346154 0.7696790649038461 0.9274657860576923 0.7844161754807693 0.9225673725961538 0.7747030817307692 0.9120169399038461 0.7623105120192307 0.912582141826923 0.7669995913461538 0.9063649254807692 0.7696790649038461 0.9022201129807693 0.7810668317307693 0.9082489302884615 0.7820716346153845 0.9127705432692307 0.7904449927884615 0.9127705432692307 0.8088663822115384 0.9112633389423077 0.8232685576923077 0.9101329350961538 0.826282966346154 0.892988485576923 0.821258951923077 0.884698860576923
5 0.69431884375 0.8505983605769232 0.6832660120192308 0.8534243677884615 0.6872852235576924 0.8647284014423077 0.7057066105769232 0.8598299879807693 0.69431884375 0.8505983605769232
5 0.7100607572115384 0.8722644230769231 0.7043668725961538 0.8613371923076923 0.6869502884615385 0.8668008076923077 0.6882900264423076 0.8692500144230769 0.7000127283653845 0.8762208365384615 0.7100607572115384 0.8722644230769231
5 0.7378603052884615 0.8556851754807693 0.7522624807692307 0.8487143533653847 0.7586262331730769 0.8453231442307693 0.7572864951923077 0.8415551346153846 0.7522624807692307 0.8370335192307692 0.7428843197115385 0.8383523245192308 0.7284821442307692 0.8430623389423076 0.7294869471153846 0.8492795552884616 0.7378603052884615 0.8556851754807693
5 0.7234581298076923 0.8485259543269231 0.7211135889423077 0.8577575817307692 0.7351808317307692 0.8594531850961539 0.7375253701923078 0.8545547716346154 0.7311616201923077 0.8487143533653847 0.7234581298076923 0.8485259543269231
5 0.7221183918269231 0.8505983605769232 0.72077865625 0.8492795552884616 0.7180991802884615 0.84701875 0.7060415456730769 0.8468303485576923 0.7020223341346153 0.8528591658653847 0.7117354278846153 0.8585111826923076 0.7180991802884615 0.8558735745192307 0.7221183918269231 0.8505983605769232
8 0.6949887139423077 0.8513519615384616 0.6990079254807693 0.8526707668269231 0.7030271370192308 0.8507867596153846 0.7067114134615384 0.8460767475961538 0.7144149038461538 0.8423087355769231 0.7187690504807692 0.8359031177884616 0.7217834591346153 0.8281786947115385 0.7154197067307693 0.8266714903846153 0.7006825961538462 0.8321351057692308 0.6939839086538462 0.8406131298076923 0.6886249615384615 0.8466419495192308 0.6899646971153846 0.8500331586538461 0.6956585817307693 0.8479607524038462 0.6949887139423077 0.8513519615384616
4 0.18320907211538462 0.8355263149038462 0.17885492548076923 0.8330771081730769 0.1627780793269231 0.837598721153846 0.1460313629807692 0.8605835889423077 0.1617732764423077 0.8560619759615384 0.17081650240384613 0.8481491538461537 0.18086453365384614 0.8417435336538461 0.18320907211538462 0.8355263149038462
5 0.6578110024038462 0.8941188894230769 0.6688638365384616 0.8963796947115384 0.6742227860576923 0.8856408629807693 0.6718782451923077 0.8807424495192309 0.6618302139423077 0.8781048413461539 0.6454184326923078 0.8845104591346153 0.6460883028846154 0.88733646875 0.6578110024038462 0.8941188894230769
8 0.08702311298076923 0.7748276947115385 0.09785265625 0.7748276947115385 0.09746588701923077 0.7626444591346153 0.09089080769230769 0.7565528413461539 0.06884495192307692 0.74197646875 0.051827098557692304 0.7515490120192307 0.07503326201923077 0.7683009615384615 0.08702311298076923 0.7748276947115385
10 0.1663108389423077 0.7981063774038462 0.16282991346153847 0.7917972019230769 0.1550945264423077 0.7887513918269231 0.14619882932692307 0.7915796442307692 0.14078405769230767 0.8015873004807692 0.14929298557692308 0.8074613605769231 0.15664160336538463 0.8072438028846154 0.1663108389423077 0.7981063774038462
8 0.12802066826923075 0.7748276947115385 0.11757789423076924 0.7796139663461539 0.11873820432692309 0.7954956826923076 0.12492651442307692 0.7976712620192308 0.12956774759615383 0.8035453221153847 0.1411708293269231 0.8031102067307692 0.1454252908653846 0.7889689495192307 0.14619882932692307 0.7820071009615385 0.14001051923076924 0.7735223485576923 0.12802066826923075 0.7748276947115385
10 0.030941550480769228 0.7987590504807692 0.03674309134615385 0.8000643966346155 0.04447848076923077 0.7959307980769231 0.04834617307692308 0.7911445288461538 0.038290170673076926 0.7826597740384614 0.023206163461538462 0.7907094134615384 0.030941550480769228 0.7987590504807692
8 0.37207215625 0.8046331105769231 0.3767133894230769 0.7998468389423077 0.39179739423076926 0.7965834735576922 0.39489155048076924 0.7850529110576924 0.40417401442307693 0.7776559447115384 0.4165506346153846 0.7582933028846154 0.4126829423076923 0.7554650504807692 0.4010798605769231 0.7437169302884615 0.39295770192307694 0.7437169302884615 0.38367523798076925 0.7526368004807692 0.37516631009615387 0.7661253822115385 0.36820446153846154 0.7785261754807693 0.36317645913461544 0.7872284879807693 0.36627061538461536 0.7963659158653846 0.3627896899038462 0.8026750913461539 0.37207215625 0.8046331105769231
8 0.3086419759615385 0.7846177932692308 0.31250966826923077 0.7841826778846154 0.3113493605769231 0.7791788509615384 0.31328320673076926 0.7713467692307692 0.3121228990384616 0.762862016826923 0.30980228365384616 0.7552474927884615 0.30941551442307696 0.7508963389423078 0.2993595096153846 0.7530719158653846 0.3001330480769231 0.7563352836538461 0.29510504567307694 0.7659078245192308 0.29587858653846155 0.7783086177884615 0.29394473798076926 0.7822246586538462 0.2954918173076923 0.78527046875 0.3020668966346154 0.7863582572115385 0.3086419759615385 0.7846177932692308
5 0.2954918173076923 0.7915796442307692 0.2981992019230769 0.7854880264423076 0.29394473798076926 0.7828773317307692 0.2842755024038462 0.7802666394230768 0.27886073076923074 0.7785261754807693 0.27112534375 0.7891865072115384 0.27847396153846155 0.7904918557692308 0.2954918173076923 0.7915796442307692
8 0.27731365384615386 0.7804841971153846 0.2835019639423077 0.7759154831730769 0.2877564278846154 0.772217 0.2893035048076923 0.7691711923076923 0.29317119951923076 0.7652551514423076 0.2854358125 0.7624269014423077 0.27963427163461535 0.7654727091346154 0.2726724206730769 0.7691711923076923 0.27112534375 0.772217 0.25913549278846154 0.7772208293269232 0.25256041346153846 0.7848353533653847 0.2514001057692308 0.7870109302884616 0.2541074903846154 0.7878811610576922 0.25449425961538463 0.7913620865384616 0.26106934134615384 0.7904918557692308 0.2668708798076923 0.7904918557692308 0.2715121129807692 0.7867933725961538 0.27731365384615386 0.7804841971153846
2 0.24134410096153847 0.7508963389423078 0.2548810288461538 0.7600337644230769 0.25797518509615386 0.7606864375 0.2641634951923077 0.7582933028846154 0.26106934134615384 0.7550299350961538 0.2533339519230769 0.7474154134615384 0.2502397980769231 0.7428466995192308 0.251786875 0.7384955432692308 0.2405705625 0.7308810216346154 0.22896748076923076 0.7210909206730769 0.22161886298076924 0.7156519759615385 0.21581732211538462 0.7160870937499999 0.20730839423076922 0.7200031322115384 0.2026671610576923 0.7254420769230769 0.21427024278846155 0.7319688100961539 0.23051455769230772 0.7469802980769231 0.24134410096153847 0.7508963389423078
2 0.1968656201923077 0.7659078245192308 0.20498777884615385 0.7611215528846155 0.20924224038461536 0.7539421466346153 0.21040255048076922 0.7467627403846154 0.21117608894230772 0.7395833341346154 0.20653485576923075 0.7374077548076923 0.19454500480769232 0.7354497355769231 0.18719638701923078 0.7406711225961539 0.18526253846153845 0.7617742259615384 0.1968656201923077 0.7659078245192308
2 0.4440112620192308 0.8377018942307692 0.4552275745192308 0.8266064471153847 0.4532937283653846 0.8237781947115385 0.4517466514423077 0.8192094831730768 0.44323772355769225 0.8157285576923077 0.43434202884615386 0.8170339038461538 0.4378229519230769 0.8257362163461538 0.4358891057692308 0.8359614302884615 0.4335684903846154 0.8442286274038462 0.4173241754807692 0.8457515312499999 0.4130697115384615 0.8483622259615384 0.40842847836538465 0.8566294206730769 0.4026269375 0.8662019639423076 0.40726817067307697 0.8690302139423077 0.4211918677884615 0.8581523245192308 0.43550233653846154 0.8490148990384616 0.4440112620192308 0.8377018942307692
4 0.5202048341346154 0.772217 0.5155636009615384 0.7756979254807692 0.4877162043269231 0.7804841971153846 0.4656703485576923 0.7950605673076924 0.48191466346153844 0.8139880961538462 0.5287137596153846 0.793102548076923 0.5287137596153846 0.7833124471153846 0.5202048341346154 0.7807017548076923 0.5225254495192307 0.7761330408653847 0.5202048341346154 0.772217
7 0.5542405384615384 0.7576406298076923 0.5666171610576923 0.7469802980769231 0.5666171610576923 0.7343619471153846 0.5507596153846154 0.7289230024038461 0.5364491466346154 0.736972639423077 0.5186577548076923 0.7445871634615385 0.5089885216346154 0.7500261057692307 0.5120826754807692 0.7532894735576924 0.5186577548076923 0.7535070312500001 0.5217519110576924 0.7524192427884615 0.5221386802884616 0.7567703990384615 0.5310343774038462 0.7617742259615384 0.5379962259615385 0.76220934375 0.5542405384615384 0.7576406298076923
5 0.6536402740384616 0.9047096899038463 0.6694978197115385 0.901228766826923 0.6652433557692308 0.8960073798076924 0.6571211971153846 0.8940493605769231 0.6493858100961538 0.8901333197115384 0.6462916538461538 0.8923088966346153 0.6482255024038461 0.9038394591346154 0.6536402740384616 0.9047096899038463
8 0.9193508461538461 0.8538011706730769 0.9286333125 0.8496675721153846 0.9301803894230769 0.8437935120192308 0.9317274663461539 0.838572125 0.9367554687499999 0.8326980649038462 0.9263126947115385 0.8294346971153845 0.9185773076923076 0.8296522548076923 0.9197376153846153 0.8333507379807692 0.9154831514423076 0.8361789903846154 0.9112286899038462 0.8455339735576923 0.9123889975961539 0.8529309375 0.9069742259615385 0.8557591899038461 0.9100683798076923 0.8583698822115384 0.9174169999999999 0.8596752307692307 0.9193508461538461 0.8538011706730769
7 0.13730313461538463 0.7550299350961538 0.15702837259615385 0.749155875 0.15470775721153848 0.7437169302884615 0.13652959615384616 0.7489383173076922 0.13227513221153847 0.7465451826923076 0.10017327163461538 0.7576406298076923 0.09514527163461538 0.7635146899038462 0.09746588701923077 0.7837475625000001 0.11796466586538462 0.7796139663461539 0.12802066826923075 0.7737399062500001 0.1411708293269231 0.7726521153846153 0.14349144471153846 0.7665604975961539 0.13730313461538463 0.7550299350961538
8 0.7255793798076924 0.7841826778846154 0.7228719951923076 0.7785261754807693 0.7228719951923076 0.7730872307692308 0.7112689134615385 0.7737399062500001 0.7077879879807691 0.7780910600961538 0.7043070649038461 0.7894040649038462 0.7000526009615384 0.8050682259615385 0.6996658317307692 0.8135529807692308 0.7093350649038462 0.8142056538461537 0.7205513774038461 0.8144232115384615 0.7244190721153847 0.7985414927884615 0.7255793798076924 0.7841826778846154
8 0.7777932475961538 0.768736076923077 0.7820477115384615 0.7650375937499999 0.7917169471153845 0.7578581875 0.801772951923077 0.7482856442307693 0.7839815576923077 0.74197646875 0.7704446298076923 0.7535070312500001 0.7561341634615384 0.76220934375 0.7545870841346154 0.7706940961538462 0.7503326225961539 0.7750452524038463 0.7600018557692307 0.7778735024038461 0.7638695504807692 0.7739574639423077 0.7719917067307692 0.772217 0.7777932475961538 0.768736076923077
8 0.8466381995192307 0.7635146899038462 0.8361954278846154 0.7641673629807693 0.8176304951923077 0.7635146899038462 0.7917169471153845 0.7678658461538461 0.7754726322115384 0.7704765384615384 0.7661901658653847 0.77656815625 0.7754726322115384 0.7859231418269231 0.7870757139423077 0.7861406995192308 0.7955846418269231 0.7837475625000001 0.8160834182692308 0.7813544278846154 0.8331012716346154 0.7763505985576923 0.8412234278846153 0.7709116538461539 0.8489588173076924 0.7702589807692307 0.8466381995192307 0.7635146899038462
11 0.7278999975961539 0.8274766778846154 0.7808874038461538 0.826388889423077 0.7847550985576923 0.8231255216346154 0.7847550985576923 0.8196445985576923 0.7665769375 0.7828773317307692 0.7290603052884616 0.7859231418269231 0.7190043004807692 0.8194270408653845 0.7278999975961539 0.8274766778846154
8 0.7375692307692308 0.8316102764423078 0.7406633870192307 0.8259537740384615 0.739503079326923 0.8224728485576923 0.7371824615384616 0.8144232115384615 0.7317676899038462 0.81115984375 0.7263529182692309 0.820514829326923 0.723258764423077 0.8276942355769231 0.7286735360576924 0.8381370096153845 0.7340883076923077 0.8387896826923077 0.7340883076923077 0.8368316634615385 0.7375692307692308 0.8316102764423078
8 0.8002258725961539 0.8498851298076923 0.7994523341346155 0.8437935120192308 0.7851418677884615 0.84292328125 0.7777932475961538 0.8466217620192308 0.7839815576923077 0.8581523245192308 0.8153098798076923 0.8551065168269231 0.8002258725961539 0.8498851298076923
6 0.8942108365384616 0.8518431490384616 0.8961446826923076 0.8259537740384615 0.8659766706730768 0.8261713317307693 0.8617222067307692 0.8479271105769232 0.8682972860576924 0.8496675721153846 0.8942108365384616 0.8518431490384616
7 0.9139360745192308 0.8366141057692308 0.9123889975961539 0.8335682956730769 0.9224450024038462 0.8294346971153845 0.9336613149038461 0.8216026177884616 0.9359819302884615 0.8165987884615385 0.9402363942307693 0.8078964783653846 0.9278597740384615 0.7970185889423077 0.9038800697115386 0.7854880264423076 0.8791268293269231 0.7880987187499999 0.8663634399038462 0.7963659158653846 0.8648163629807691 0.8070262451923077 0.8760326730769231 0.8113774014423077 0.8887960649038462 0.8148583269230769 0.8942108365384616 0.8237781947115385 0.9034933004807691 0.8279117932692308 0.9077477644230769 0.8333507379807692 0.9139360745192308 0.8366141057692308
8 0.3067081274038462 0.7247894038461538 0.29858597115384616 0.7384955432692308 0.30168012740384614 0.7439344879807692 0.3086419759615385 0.7443696033653846 0.3148302860576923 0.748503201923077 0.32101859615384615 0.7461100673076922 0.32643336778846155 0.7461100673076922 0.3341687548076923 0.7426291418269231 0.34151737259615383 0.7284878870192307 0.34461152884615387 0.7147817451923076 0.3511866081730769 0.7039038557692308 0.35041306971153846 0.6960717764423077 0.3430644519230769 0.6912855048076924 0.3449982980769231 0.6869343509615384 0.33919675721153847 0.6851938870192308 0.3345555240384615 0.6858465600961539 0.33378198557692307 0.6893274855769231 0.3256598293269231 0.6899801586538461 0.31637736298076924 0.7019458365384617 0.3067081274038462 0.7247894038461538
2 0.2568148774038461 0.7069496658653847 0.24714564182692306 0.7128237259615384 0.23902348557692307 0.7163046514423077 0.2320616346153846 0.71891534375 0.23554256009615385 0.7223962692307692 0.25565456971153844 0.7169573245192308 0.26803118990384617 0.7132588413461539 0.27886073076923074 0.7119534951923078 0.30477428125 0.7017282788461539 0.31444351682692306 0.6952015456730769 0.3067081274038462 0.6899801586538461 0.3005198173076923 0.6888923701923078 0.29858597115384616 0.6908503894230769 0.28582258173076924 0.6915030625 0.27383273076923076 0.6967244495192308 0.2734459615384615 0.700858048076923 0.2676444206730769 0.7056443197115385 0.25990903125 0.70455653125 0.2568148774038461 0.7069496658653847
2 0.1021071201923077 0.6745335552884615 0.12453974519230769 0.6686594951923077 0.1338222091346154 0.6664839182692308 0.1311148245192308 0.6579991634615384 0.09282465384615385 0.6653961298076924 0.06691110576923077 0.6743159975961538 0.07039202884615384 0.6786671538461538 0.08818342067307693 0.6740984399038462 0.1021071201923077 0.6745335552884615
2 0.3036139735576923 0.81115984375 0.3001330480769231 0.8142056538461537 0.33107460096153846 0.8189919254807693 0.3341687548076923 0.8085491514423077 0.3229524423076923 0.8057208990384616 0.32488629086538456 0.8022399759615385 0.31985828846153846 0.8018048581730769 0.3024536658653846 0.8011521850961538 0.3036139735576923 0.81115984375
7 0.6482255024038461 0.78527046875 0.6691110504807691 0.7826597740384614 0.6954113677884616 0.7804841971153846 0.7093350649038462 0.7752628100961538 0.7302206129807692 0.7683009615384615 0.7402766177884617 0.7619917860576924 0.7495590817307692 0.7526368004807692 0.7518796995192307 0.7363199663461538 0.7503326225961539 0.7291405600961538 0.7313809206730769 0.7241367307692308 0.7271264591346154 0.7247894038461538 0.7186175312499999 0.7219611538461539 0.6865156706730768 0.7217435961538462 0.6439710384615385 0.7302283485576923 0.6331414951923077 0.7487207596153845 0.6358488822115385 0.7585108605769231 0.6300473413461538 0.7672131706730769 0.622311951923077 0.7761330408653847 0.6242458004807693 0.7841826778846154 0.6482255024038461 0.78527046875
5 0.7788721322115385 0.7433505192307692 0.7728873846153845 0.7374192067307692 0.7680425889423077 0.7361367596153846 0.7509433100961539 0.7457551033653846 0.7597779374999999 0.7532894735576924 0.7751672884615384 0.7473581610576924 0.7785871442307692 0.7459154110576923 0.7788721322115385 0.7433505192307692
5 0.7814370240384616 0.7098466201923077 0.7677576009615384 0.7165794615384615 0.7714624447115385 0.7197855745192308 0.7802970721153847 0.7223504663461539 0.7865668076923077 0.7234726057692308 0.7925515552884614 0.7136939567307692 0.7814370240384616 0.7098466201923077
5 0.7951164471153847 0.6910908485576923 0.8019561586538462 0.689648096153846 0.7925515552884614 0.6809915865384616 0.7771622043269232 0.6874038173076923 0.7822919879807693 0.6928542115384615 0.7951164471153847 0.6910908485576923
5 0.7971113629807692 0.6934954350961539 0.7985363028846154 0.7021519447115385 0.814210639423077 0.7024725552884615 0.8150656033653847 0.6995870528846153 0.8090808557692307 0.6891671802884616 0.8036660865384615 0.6885259567307693 0.7988212908653847 0.6906099302884615 0.7971113629807692 0.6934954350961539
8 0.9484399759615385 0.7305260600961538 0.95898453125 0.7316481995192308 0.9652542668269231 0.7294039182692308 0.9686741225961538 0.7294039182692308 0.9700990625 0.7266787211538461 0.9678191586538462 0.7257168870192309 0.9624043870192308 0.7223504663461539 0.9504348918269231 0.7186634350961539 0.9455900961538461 0.7186634350961539 0.9410302884615385 0.7165794615384615 0.9267808894230769 0.7146557908653846 0.9162363341346154 0.7193046586538461 0.9176612740384615 0.7250756634615385 0.9279208413461538 0.7286023894230769 0.9484399759615385 0.7305260600961538
8 0.9373254447115384 0.7449535745192308 0.9361854927884615 0.7391825697115385 0.9253559495192308 0.7318085048076923 0.9116765264423077 0.7215489374999999 0.903411875 0.71786190625 0.89087240625 0.7201061875 0.8942922620192307 0.7276405552884615 0.9019869350961538 0.7345337019230769 0.91452640625 0.7423886826923076 0.9216511057692307 0.7473581610576924 0.9302007451923077 0.7478390793269232 0.9353305288461539 0.7512055 0.9404603125000001 0.7483199951923076 0.9373254447115384 0.7449535745192308
12 0.9390353725961538 0.7471978557692308 0.9455900961538461 0.7414268485576923 0.9475850120192307 0.7375795120192308 0.9279208413461538 0.7502436634615385 0.9182312499999999 0.7542513076923077 0.9182312499999999 0.7580986466346153 0.9264959014423078 0.7580986466346153 0.9324806490384615 0.7520070288461539 0.9390353725961538 0.7471978557692308
8 0.9814985817307692 0.7451138822115385 0.9826385336538461 0.7385413461538461 0.9860583894230769 0.7343733966346153 0.9874833293269231 0.7292436129807692 0.9820685576923077 0.7265184158653846 0.9700990625 0.7273199447115384 0.9666792067307692 0.7316481995192308 0.9612644350961539 0.7407856274038462 0.962689375 0.7486406081730769 0.9612644350961539 0.7536100841346154 0.9700990625 0.7553734471153846 0.972663954326923 0.7512055 0.9814985817307692 0.7451138822115385
5 0.9991678341346154 0.7358161490384615 0.9854884134615385 0.7337321730769231 0.9817835697115385 0.7383810408653846 0.9834934975961538 0.7412665432692307 0.9934680745192307 0.7449535745192308 0.9977428942307692 0.7465566322115385 0.9991678341346154 0.7422283774038461 0.9991678341346154 0.7358161490384615
10 0.9655392548076923 0.6981443004807691 0.9598394951923077 0.7055183653846153 0.9849184375 0.7169000721153846 0.9894782427884615 0.7042359182692307 0.9820685576923077 0.70006796875 0.9655392548076923 0.6981443004807691
11 0.9681041466346154 0.6926939062499999 0.9558496634615385 0.6906099302884615 0.9438801682692308 0.693816045673077 0.9313406971153846 0.7003885817307692 0.9333356129807692 0.7084038677884615 0.9635443389423077 0.7241138293269231 0.9749438581730769 0.7273199447115384 0.9914731586538461 0.7183428245192308 0.9968879302884616 0.701190110576923 0.9874833293269231 0.6995870528846153 0.9681041466346154 0.6926939062499999
11 0.998597858173077 0.6571060336538461 0.9735189182692309 0.6542205288461538 0.9689591105769231 0.6561441971153846 0.9635443389423077 0.6757014975961538 0.9743738822115385 0.6827549495192307 0.9817835697115385 0.6694495745192307 0.9988828461538461 0.6659228485576923 0.998597858173077 0.6571060336538461
9 0.9988828461538461 0.6912511538461538 0.9980278822115385 0.6664037644230769 0.9797886538461539 0.6707320192307692 0.9769387740384615 0.6849992307692307 0.9911881706730769 0.6920526826923077 0.9988828461538461 0.6912511538461538
5 0.9983128701923077 0.6720144663461538 0.9971729182692308 0.6676862115384616 0.9900482187499999 0.6675259062500001 0.9814985817307692 0.6734572187500001 0.9880533052884615 0.67714425 0.9977428942307692 0.6798694471153847 0.9983128701923077 0.6720144663461538
5 0.9903332067307692 0.6672052932692308 0.9946080264423076 0.6665640697115385 0.9934680745192307 0.6588693966346154 0.9814985817307692 0.6588693966346154 0.9797886538461539 0.6684877403846153 0.9903332067307692 0.6672052932692308
8 0.9096816105769231 0.6856404543269231 0.9185162379807692 0.6829152572115385 0.91452640625 0.6766633317307692 0.9122465024038462 0.6660831538461539 0.9011319735576924 0.6563045048076923 0.9005619975961537 0.652777778846154 0.8922973461538461 0.6543808341346153 0.8888774903846154 0.6622358173076923 0.8922973461538461 0.6691289615384615 0.899422045673077 0.6825946442307692 0.902271923076923 0.6841977019230769 0.9096816105769231 0.6856404543269231
8 0.8751980673076923 0.7090450913461539 0.8791878990384615 0.7072817283653846 0.8865975865384615 0.7098466201923077 0.9014169615384616 0.7050374471153845 0.9282058293269231 0.6981443004807691 0.9336206009615384 0.6950984927884616 0.92934578125 0.693816045673077 0.9205111538461538 0.6893274855769231 0.9076866947115385 0.6906099302884615 0.9113915384615384 0.6925336009615385 0.9062617548076923 0.6946175745192308 0.8985670817307692 0.6952587980769231 0.8977121177884615 0.6986252187499999 0.8826077548076923 0.70006796875 0.8743431033653846 0.7023122500000001 0.8694983076923077 0.70599928125 0.8751980673076923 0.7090450913461539
8 0.8940072740384615 0.6801900576923077 0.8737731274038462 0.6827549495192307 0.8763380192307693 0.6835564783653846 0.8817527908653846 0.689648096153846 0.8786179230769231 0.6942969639423077 0.8831777307692307 0.6962206322115385 0.89457725 0.6901290144230768 0.9093966225961538 0.6893274855769231 0.9125314903846153 0.6862816754807692 0.9014169615384616 0.683396173076923 0.8940072740384615 0.6801900576923077
10 0.8803278509615384 0.689006875 0.8771929831730769 0.6849992307692307 0.8720631995192308 0.6841977019230769 0.8660784519230769 0.6869228990384616 0.8672184038461539 0.6952587980769231 0.8783329350961538 0.69413665625 0.8803278509615384 0.689006875
11 0.8392895817307693 0.70006796875 0.8164905432692307 0.7002282764423077 0.7908416274038461 0.7040756129807693 0.7822919879807693 0.7092053966346155 0.7740273365384615 0.7306863653846154 0.788276735576923 0.7441520456730769 0.8105057956730769 0.7500833581730769 0.840144545673077 0.7491215240384614 0.8543939447115385 0.7451138822115385 0.869783295673077 0.7292436129807692 0.863798548076923 0.7112893701923078 0.8392895817307693 0.70006796875
7 0.8472692451923076 0.7063198942307692 0.8256101586538461 0.7010298052884616 0.8028111225961538 0.7090450913461539 0.7948314591346153 0.7196252692307692 0.7993912668269231 0.7321291177884616 0.8119307355769231 0.7447932692307693 0.8187704471153846 0.7510451923076923 0.8281750504807692 0.7576177283653845 0.8395745697115384 0.7601826201923078 0.8549639206730769 0.759701701923077 0.8663634399038462 0.7590604807692307 0.869783295673077 0.7531291682692308 0.8635135600961538 0.7484803028846153 0.8515440649038462 0.7484803028846153 0.8472692451923076 0.7449535745192308 0.8561038725961538 0.7423886826923076 0.8660784519230769 0.7303657548076923 0.8640835360576923 0.7143351802884615 0.8472692451923076 0.7063198942307692
7 0.8737731274038462 0.7585795625 0.8857426225961539 0.7637093461538461 0.8931523100961538 0.7673963774038461 0.8999920216346153 0.765633014423077 0.9039818509615384 0.76226659375 0.9139564302884615 0.7585795625 0.9222210817307693 0.7523276394230769 0.9216511057692307 0.7484803028846153 0.9119615144230769 0.7411062379807691 0.9142414182692308 0.735976454326923 0.8962871778846153 0.7318085048076923 0.889732454326923 0.7398237908653846 0.8857426225961539 0.7395031802884616 0.8868825745192308 0.7460757163461539 0.8834627187499999 0.7438314350961538 0.8808978269230768 0.735976454326923 0.8737731274038462 0.7314878942307692 0.8669334158653845 0.7332512572115385 0.8620886201923077 0.7391825697115385 0.8629435841346154 0.7483199951923076 0.8703532716346154 0.7512055 0.8737731274038462 0.7585795625
4 0.8595237283653846 0.7040756129807693 0.8689283317307692 0.6801900576923077 0.8184854591346155 0.6806709759615385 0.8127856995192307 0.6971824663461538 0.8150656033653847 0.6995870528846153 0.83900459375 0.6999076634615384 0.8541089567307693 0.7058389759615384 0.8595237283653846 0.7040756129807693
8 0.5041437259615384 0.7128924278846154 0.5138333173076923 0.7106481490384616 0.51468828125 0.7050374471153845 0.5152582572115384 0.6967015480769232 0.5132633413461538 0.6875641225961538 0.508418545673077 0.6801900576923077 0.5081335576923076 0.6720144663461538 0.5010088581730769 0.6668846826923077 0.5004388822115385 0.6627167331730769 0.49245921875 0.6636785673076923 0.49017931490384614 0.681632810096154 0.48989432692307694 0.6869228990384616 0.4921742307692308 0.7027931682692308 0.49445413461538457 0.711609983173077 0.5041437259615384 0.7128924278846154
8 0.46766526442307693 0.8005796658653845 0.46795025240384613 0.7983353846153847 0.46111054086538467 0.7936865192307692 0.45284588942307696 0.7869536778846153 0.4425863221153846 0.7837475625000001 0.4397364423076923 0.7805414495192308 0.43118680288461536 0.778938391826923 0.4274819615384615 0.7826254230769231 0.4343216706730769 0.789358264423077 0.4403064182692308 0.7960911057692308 0.4534158653846154 0.8060300600961539 0.46139552884615387 0.8073125072115384 0.4645303966346154 0.8041063918269231 0.46766526442307693 0.8005796658653845
4 0.27387344230769234 0.6716938533653847 0.2510744038461538 0.6755411923076923 0.25249934375 0.6885259567307693 0.2678886947115385 0.6902893197115384 0.28641291346153847 0.6894877908653847 0.30237224038461535 0.6885259567307693 0.29923737259615385 0.6885259567307693 0.30322720432692307 0.6744190528846155 0.2961025048076923 0.6729763004807693 0.28384802163461537 0.678587 0.27387344230769234 0.6716938533653847
2 0.46595533653846155 0.7043962235576923 0.45626574519230767 0.6978236899038461 0.4403064182692308 0.6817931153846154 0.4303318413461538 0.677464860576923 0.41180762259615383 0.689006875 0.4482860817307692 0.7109687596153846 0.45968560096153843 0.7088847860576923 0.48191466346153844 0.7226710793269231 0.4904643028846154 0.7172206826923078 0.47991974759615386 0.7098466201923077 0.46595533653846155 0.7043962235576923
7 0.649772579326923 0.8153277932692308 0.6654469182692307 0.8126025961538462 0.6785563653846154 0.8082743413461538 0.6825461971153846 0.8061903653846154 0.6899558846153847 0.8028239447115385 0.6896708966346154 0.7925643798076922 0.6845411129807691 0.7911216274038462 0.6611720985576923 0.7861521490384615 0.6383730600961539 0.7925643798076922 0.6392280240384616 0.8151674879807692 0.649772579326923 0.8153277932692308
8 0.016529302884615384 0.7621062884615385 0.018239230769230768 0.7582589519230769 0.013109447115384615 0.7566558942307692 0.0031348677884615386 0.7507245817307692 0.0019949158653846154 0.7646711802884615 0.008834627403846154 0.76226659375 0.016529302884615384 0.7621062884615385
12 0.9056917788461539 0.6293731394230769 0.9096816105769231 0.6320983389423076 0.9162363341346154 0.6328998677884615 0.9222210817307693 0.6328998677884615 0.933050625 0.6348235360576923 0.9421702403846154 0.6369075096153847 0.9464450600961538 0.6349838413461538 0.9256409375 0.6308158918269231 0.9153813701923077 0.6260067211538461 0.90711671875 0.6260067211538461 0.9056917788461539 0.6293731394230769
2 0.40069309134615383 0.6226403004807692 0.39157347596153846 0.6135028725961539 0.39356839182692305 0.6066097259615385 0.3838788004807692 0.5944264903846154 0.3707693533653846 0.5820829495192308 0.3616497379807692 0.5828844783653846 0.3493952548076923 0.58753334375 0.3539550625 0.5926631274038462 0.36848944951923074 0.6099761466346154 0.3810289206730769 0.6163883750000001 0.3969882475961538 0.6293731394230769 0.405822875 0.6274494711538462 0.40069309134615383 0.6226403004807692
2 0.47165509615384615 0.6322586442307692 0.4759299158653846 0.6309761971153847 0.48447955528846154 0.6271288605769231 0.4719400841346154 0.6144647067307693 0.44914104567307694 0.6051669735576923 0.43090181490384616 0.6048463629807692 0.4280519375 0.5989150504807692 0.4157974543269231 0.5953883245192307 0.4135175504807692 0.59939596875 0.42349212980769235 0.605647891826923 0.4314717908653846 0.6112585913461538 0.43403668269230766 0.6135028725961539 0.44657615384615384 0.6218387716346154 0.4571207091346154 0.624884579326923 0.46595533653846155 0.6293731394230769 0.47165509615384615 0.6322586442307692
2 0.4229221538461539 0.6284113052884616 0.42235217788461543 0.6118998149038462 0.42235217788461543 0.6062891153846154 0.4135175504807692 0.6003578028846154 0.41551246634615385 0.59490740625 0.4126625865384615 0.5907394591346153 0.4075328028846154 0.5832050889423077 0.3978432115384616 0.5835256995192307 0.3955633076923077 0.5787165288461538 0.3770390889423077 0.5832050889423077 0.3838788004807692 0.5931440432692308 0.3978432115384616 0.6136631778846154 0.4166524182692308 0.6280906947115384 0.4229221538461539 0.6284113052884616
10 0.263613875 0.6293731394230769 0.27729329807692304 0.6327395600961538 0.28213809375 0.6348235360576923 0.28926279326923077 0.6337013942307692 0.29524754086538463 0.6261670264423077 0.29211267307692307 0.6247242740384615 0.2841330096153846 0.6194341850961538 0.2730184783653846 0.6146250120192308 0.2581991033653846 0.6279303894230769 0.263613875 0.6293731394230769
8 0.27729329807692304 0.5838463125 0.28356303365384616 0.5750294951923076 0.2912577091346154 0.5639684014423076 0.2889778052884615 0.5591592283653847 0.29268264903846153 0.5561134206730769 0.28270806971153845 0.5538691394230769 0.27985818990384614 0.5586783100961539 0.27415843028846154 0.5602813677884615 0.26674874278846156 0.5710218533653847 0.2596240432692308 0.5804798918269231 0.2607639951923077 0.5835256995192307 0.26446883894230766 0.5836860072115384 0.2718785264423077 0.5849684519230769 0.27729329807692304 0.5838463125
8 0.3146267235576923 0.5917012932692308 0.33030106249999996 0.5883348725961539 0.3368557836538461 0.58160203125 0.3431255192307692 0.5777546947115385 0.3454054230769231 0.57567071875 0.3405606274038462 0.5734264399038461 0.29182768509615387 0.5838463125 0.2941075889423077 0.5913806802884616 0.3015172764423077 0.5907394591346153 0.3146267235576923 0.5917012932692308
8 0.36136474999999996 0.5525866923076923 0.35708993028846153 0.5532279158653846 0.3485402908653846 0.5533882211538461 0.34654537500000004 0.5513042475961538 0.33201099038461535 0.556754641826923 0.3194715192307692 0.5620447307692308 0.3086419759615385 0.5658920697115385 0.3169066274038462 0.5750294951923076 0.32346135096153844 0.5739073557692308 0.3368557836538461 0.5692584903846154 0.35281511057692305 0.563487483173077 0.3656395697115385 0.5569149471153846 0.36136474999999996 0.5525866923076923
8 0.32716619471153846 0.5415255985576923 0.3109218798076923 0.5468156875 0.29838240865384613 0.553067610576923 0.2904027451923077 0.5578767836538462 0.29353761298076925 0.5622050384615385 0.3015172764423077 0.5607622860576923 0.3211814471153846 0.5598004519230769 0.3325809663461538 0.5553118918269231 0.35139017067307693 0.5492202740384615 0.3667795216346154 0.5468156875 0.36934441346153846 0.5444111009615384 0.3622197139423077 0.5328690889423077 0.32716619471153846 0.5415255985576923
4 0.0763767764423077 0.5838463125 0.068112125 0.597472298076923 0.07210195673076923 0.6022814711538461 0.07979663221153846 0.6048463629807692 0.10117073076923076 0.5846478413461539 0.09091116346153846 0.5806401971153846 0.0763767764423077 0.5838463125
2 0.5657011274038461 0.5803195865384615 0.5608563317307692 0.5779150000000001 0.5414771490384616 0.5750294951923076 0.5226679423076923 0.5698997115384615 0.5092735096153846 0.5718233822115384 0.49302919471153844 0.5727852163461539 0.5012938461538462 0.5785562235576923 0.5126933653846154 0.5843272283653846 0.537202329326923 0.5884951778846154 0.5565815120192308 0.5905791514423077 0.5634212235576923 0.5867318149038462 0.5657011274038461 0.5803195865384615
8 0.5149732692307692 0.6827549495192307 0.5249478461538462 0.6667243774038462 0.5292226658653847 0.6553426706730769 0.5329275096153846 0.6401136249999999 0.5229529302884616 0.6349838413461538 0.51468828125 0.6381899567307693 0.5124083774038461 0.6439609615384616 0.506138641826923 0.6611136754807692 0.5067086177884615 0.6683274350961538 0.5087035336538461 0.6814725048076924 0.5149732692307692 0.6827549495192307
2 0.5283677019230769 0.5923425168269231 0.5104134615384616 0.5896173173076923 0.5021488100961539 0.5918615985576923 0.5021488100961539 0.6024417764423077 0.5124083774038461 0.6062891153846154 0.5505967644230769 0.6107776754807692 0.56798103125 0.6021211658653847 0.5654161394230769 0.6006784134615384 0.5483168605769231 0.5950677139423077 0.5283677019230769 0.5923425168269231
6 0.034483545673076925 0.6162280697115385 0.039328341346153844 0.6050066682692308 0.039328341346153844 0.5723042980769231 0.024223978365384615 0.5641287067307692 0.0008549639423076923 0.6510144134615385 0.038188389423076924 0.6553426706730769 0.034483545673076925 0.6162280697115385
2 0.6332432764423076 0.6096555360576923 0.6380880721153847 0.6074112548076923 0.6355231802884614 0.6014799423076923 0.6261185769230769 0.5878539543269231 0.6204188173076923 0.5791974447115384 0.6115841899038462 0.5771134711538461 0.6013246250000001 0.5626859543269231 0.5930599735576924 0.5636477884615385 0.5998996850961539 0.5857699807692307 0.6161439975961538 0.612380733173077 0.6229837091346154 0.61270134375 0.6332432764423076 0.6096555360576923
8 0.10801044230769231 0.5990753557692308 0.09746588701923077 0.5923425168269231 0.08948622355769231 0.5955486298076923 0.08150656009615384 0.6040448341346154 0.08435643990384614 0.6059685024038461 0.09746588701923077 0.6069303365384615 0.10573053846153847 0.6034036105769232 0.10801044230769231 0.5990753557692308
6 0.902271923076923 0.5989150504807692 0.9139564302884615 0.6037242235576923 0.923076045673077 0.6042051394230769 0.9353305288461539 0.591220375 0.9336206009615384 0.5865715096153846 0.915666358173077 0.5799989735576923 0.902271923076923 0.5989150504807692
7 0.7649077211538462 0.5939455721153846 0.6637369903846154 0.6502128870192307 0.7406837427884615 0.6933351298076923 0.8301699663461538 0.6290525288461539 0.7649077211538462 0.5939455721153846
8 0.2542092716346154 0.5206858509615384 0.2539242836538462 0.5112278125 0.24622960817307693 0.5073804759615385 0.23511507932692308 0.5080216995192308 0.2305552716346154 0.5160369855769231 0.23084025961538462 0.5291820552884615 0.23226519951923075 0.5407240697115385 0.23682500480769234 0.5418462091346153 0.24651459615384616 0.5424874326923077 0.25192936778846153 0.5402431514423077 0.2553492235576923 0.5314263365384615 0.2542092716346154 0.5206858509615384
7 0.010259567307692306 0.4940751009615385 0.011399519230769232 0.5008079399038462 0.005129783653846153 0.5028919158653846 0.001424939903846154 0.5022506923076923 0.00028498798076923075 0.5206858509615384 0.019664170673076922 0.5166782091346154 0.016814290865384614 0.5096247572115384 0.03277361778846154 0.5109072019230769 0.04787797836538461 0.5068995576923077 0.05300776201923077 0.49663999278846155 0.04274819471153846 0.49647968509615387 0.04132325721153846 0.49327357211538464 0.04844795432692307 0.49215143028846153 0.05215279807692308 0.49311326442307696 0.043603158653846154 0.48638042548076926 0.0222290625 0.4862201177884616 0.005984747596153846 0.48990715144230773 0.005129783653846153 0.4940751009615385 0.010259567307692306 0.4940751009615385
8 0.7136098846153847 0.5303041971153847 0.6936607283653846 0.5354339807692308 0.6959406322115385 0.5498614951923076 0.709050076923077 0.5545103629807693 0.7167447524038462 0.5562737259615385 0.7187396682692307 0.5464950745192307 0.7136098846153847 0.5303041971153847
2 0.4468611418269231 0.5171591249999999 0.4414463701923077 0.5040140552884615 0.4334667067307692 0.4929529591346154 0.42577203365384614 0.4887850096153846 0.41864733413461536 0.476120858173077 0.40981270673076925 0.4777239158653846 0.4135175504807692 0.4924720432692308 0.41294757451923075 0.5008079399038462 0.41807735817307695 0.5123499543269231 0.42691198557692306 0.5245331899038461 0.44059140625 0.5251744134615385 0.44743111778846156 0.5226095216346154 0.4468611418269231 0.5171591249999999
7 0.45056598557692307 0.5059377235576923 0.4428713100961538 0.49567815625 0.41522747836538465 0.5046552788461539 0.4103826826923077 0.5046552788461539 0.36364465384615385 0.5142736225961538 0.3838788004807692 0.5525866923076923 0.4414463701923077 0.5423271274038461 0.46424540865384617 0.5333500048076923 0.46225049278846153 0.5235713557692308 0.4599705889423077 0.5163575961538461 0.45056598557692307 0.5059377235576923
7 0.02251405048076923 0.4766017740384615 0.034483545673076925 0.4753193293269231 0.04075328125 0.47259413221153845 0.04303318269230769 0.46457884375 0.037618413461538464 0.4538383605769231 0.017954242788461538 0.45351775 0.01111453125 0.45720478125 0.0019949158653846154 0.45848722596153846 0.00028498798076923075 0.49038806730769235 0.008549639423076922 0.4873422596153846 0.013679423076923077 0.4817315576923077 0.02251405048076923 0.4766017740384615
7 0.9900482187499999 0.4629757884615385 0.9968879302884616 0.4604108966346154 0.9974579062500001 0.40382297115384613 0.9803586298076923 0.4097542836538462 0.9615494230769231 0.42514363461538457 0.9641143149038461 0.4392505384615385 0.9738039062499999 0.45640325240384616 0.9900482187499999 0.4629757884615385
8 0.7828619639423077 0.4227390480769231 0.79312153125 0.4188917115384615 0.8036660865384615 0.4148840673076923 0.7928365432692307 0.4067084735576923 0.7594929495192309 0.41424284375 0.75236825 0.41905201682692306 0.7540781778846154 0.4238611875 0.7654776971153846 0.42514363461538457 0.7828619639423077 0.4227390480769231
8 0.6640219783653846 0.4844567548076923 0.6551873509615385 0.48125064182692306 0.6417929158653847 0.4782048317307692 0.6098742620192308 0.4753193293269231 0.5842253461538461 0.4770826923076923 0.5805205024038462 0.4814109471153846 0.6047444807692307 0.48862470432692306 0.629823420673077 0.49183081971153847 0.6446427956730769 0.4951972403846154 0.6603171346153847 0.49279265384615384 0.6645919543269231 0.4902277620192308 0.6640219783653846 0.4844567548076923
7 0.5557265480769231 0.42594516346153843 0.5483168605769231 0.43444136778846154 0.5642761875 0.45976967307692307 0.6036045288461538 0.46105211778846156 0.6150040456730769 0.45800631009615383 0.6281134927884615 0.4437390985576923 0.6306783846153846 0.4256245504807692 0.5919200216346154 0.41776956971153845 0.5557265480769231 0.42594516346153843
3 0.4388814783653846 0.44389940384615384 0.4303318413461538 0.4482276586538462 0.4317567788461538 0.45480019471153843 0.4400214302884615 0.45512080528846155 0.4551257932692308 0.4560826418269231 0.47051514423076923 0.45720478125 0.47877979567307694 0.45431927884615386 0.47849480769230773 0.44726582451923075 0.45968560096153843 0.4443803221153846 0.4388814783653846 0.44389940384615384
8 0.3887235961538461 0.4756399399038462 0.3955633076923077 0.47259413221153845 0.40325798317307693 0.46938801682692305 0.40981270673076925 0.46377731730769234 0.41836234615384615 0.45720478125 0.4271969735576923 0.45175438701923076 0.4306168269230769 0.44790704807692305 0.4280519375 0.4435787932692307 0.4166524182692308 0.44117420673076924 0.40297299519230767 0.4509528581730769 0.39527831971153843 0.45720478125 0.3870136682692307 0.46425823317307696 0.38615870432692306 0.4695483221153846 0.38188388461538464 0.4721132139423077 0.3887235961538461 0.4756399399038462
8 0.3807439326923077 0.47451780048076925 0.3835938125 0.4663422067307692 0.3890085841346154 0.46281548076923074 0.3907185120192308 0.45447958413461537 0.3890085841346154 0.4437390985576923 0.3892935721153846 0.4350825889423077 0.38330882451923076 0.43396044951923074 0.3639296418269231 0.43524289423076923 0.3622197139423077 0.44534215625 0.36335966586538465 0.45768569711538465 0.3701993774038461 0.46906740625 0.3727642692307693 0.47692238701923073 0.37760906490384616 0.47740330288461535 0.3807439326923077 0.47451780048076925
8 0.2442346923076923 0.4621742596153846 0.2510744038461538 0.45848722596153846 0.25762912740384614 0.45640325240384616 0.2522143557692308 0.4515940793269231 0.2533543076923077 0.4491894951923077 0.2120310528846154 0.4395711490384615 0.2029114375 0.441655125 0.22001071634615382 0.4575253918269231 0.2334051514423077 0.4621742596153846 0.2442346923076923 0.4621742596153846
8 0.25021943990384615 0.4358841177884616 0.24280975240384617 0.4227390480769231 0.22257560817307692 0.4233802716346154 0.22457052403846156 0.4301131105769231 0.23112524759615385 0.4389299278846154 0.23483009134615385 0.4443803221153846 0.25050442788461535 0.44726582451923075 0.2553492235576923 0.44983071634615385 0.25449425961538463 0.45255591346153845 0.25876907932692306 0.4567238629807692 0.2607639951923077 0.4499910240384616 0.25477924759615383 0.4373268701923077 0.25021943990384615 0.4358841177884616
4 0 0.4225787427884615 0.0025648918269230766 0.44582307451923076 0.04075328125 0.44646429567307694 0.04702301442307692 0.43331922596153843 0.04417313461538462 0.4245024110576923 0 0.4225787427884615
7 0.001424939903846154 0.4051054158653846 0.019094194711538462 0.4094336730769231 0.038473377403846154 0.3930824879807692 0.062127377403846155 0.3871511754807692 0.05642761778846154 0.37929619471153847 0.05243778605769231 0.3658305120192308 0.03419855769230769 0.3560518629807692 0.028498798076923074 0.3481968822115385 0.023938990384615385 0.3475556586538462 0.017099278846153844 0.35909767067307696 0.009404603365384616 0.36278470192307694 0.008264651442307692 0.35717400240384617 0.01111453125 0.35332666346153846 0.0017099278846153846 0.3530060528846154 0.001424939903846154 0.4051054158653846
11 0.2422397764423077 0.3706396850961538 0.26104898317307695 0.3836244495192308 0.27529838221153846 0.38570842307692305 0.2946775649038461 0.3887542331730769 0.31548168750000005 0.38394506009615387 0.3274511826923077 0.3706396850961538 0.32887612259615384 0.36150225721153845 0.31890154326923076 0.34963963221153843 0.28612792548076926 0.3368151730769231 0.28099814182692306 0.3504411610576923 0.2710235625 0.35108238461538466 0.2681736826923077 0.3377770072115384 0.2570591514423077 0.33938006490384615 0.23767996875 0.35669308413461537 0.2422397764423077 0.3706396850961538
8 0.26560879086538464 0.33745639663461535 0.26703373076923076 0.33376936538461544 0.25762912740384614 0.33296783653846157 0.2647538269230769 0.32687621874999995 0.24964946394230772 0.32383040865384616 0.22115066826923077 0.31998307211538457 0.2120310528846154 0.33296783653846157 0.2499344519230769 0.34130373557692306 0.2536392956730769 0.34226556971153843 0.2536392956730769 0.34034189903846157 0.26560879086538464 0.33745639663461535
2 0.8087958677884616 0.38618934134615385 0.8122157235576922 0.37993741586538465 0.815635579326923 0.36406714903846155 0.8133556754807691 0.3530060528846154 0.7951164471153847 0.35284574759615384 0.7925515552884614 0.3592579759615384 0.7951164471153847 0.3651892884615385 0.7934065192307693 0.37448702163461534 0.7948314591346153 0.3815404735576923 0.7973963509615385 0.38634964663461535 0.8025261346153846 0.3911588173076923 0.8028111225961538 0.39292218028846154 0.8068009519230769 0.392761875 0.8087958677884616 0.38618934134615385
0 0.4582606610576923 0.3970901298076923 0.4961640625 0.3998153269230769 0.5503117764423077 0.40334205288461533 0.5608563317307692 0.37993741586538465 0.5608563317307692 0.36743356971153845 0.47165509615384615 0.36134195192307694 0.4582606610576923 0.3970901298076923
7 0.35281511057692305 0.39757104807692306 0.37133932932692304 0.37881527644230767 0.37960398076923074 0.3600595048076923 0.3627896899038462 0.3475556586538462 0.3334359278846154 0.34723504567307695 0.31918653125 0.35284574759615384 0.3163366514423077 0.36150225721153845 0.26589377884615384 0.36358623076923074 0.26133397115384616 0.4086321442307692 0.30721703605769235 0.4057466394230769 0.35281511057692305 0.39757104807692306
6 0.5746028100961539 0.4637584567307692 0.5414771490384616 0.4487085769230769 0.48573685576923076 0.42541709615384615 0.4105670865384615 0.3976464855769231 0.4000560576923077 0.40517142548076923 0.5589955288461538 0.4737917091346154 0.5746028100961539 0.4637584567307692
7 0.01879244230769231 0.30645138221153845 0.02165908653846154 0.2958806322115385 0.008599930288461538 0.2930139903846154 0.0012740649038461538 0.29605979807692306 0.0019110961538461536 0.3155888076923077 0.01146657451923077 0.3157679735576923 0.01879244230769231 0.30645138221153845
7 0.04841442788461539 0.28387656250000004 0.04777739663461538 0.2772474495192308 0.05382919951923077 0.26613920432692306 0.0630661610576923 0.26345172596153843 0.06752538461538461 0.25861426442307694 0.04554778365384615 0.25037266346153847 0.028984954326923076 0.2527018125 0.006688834134615384 0.26703503125 0.004459223557692308 0.2836973966346154 0.011785091346153846 0.29068484134615385 0.026755341346153847 0.29319315384615385 0.042999656250000004 0.28996818028846155 0.04841442788461539 0.28387656250000004
7 0.14078405769230767 0.22546869711538461 0.13823593028846154 0.2224228870192308 0.09682885576923078 0.2247520360576923 0.09810291826923077 0.23675610576923076 0.11625832932692307 0.24535603605769232 0.13823593028846154 0.2449977067307692 0.15225063461538463 0.24231022836538463 0.15702837259615385 0.22833533894230768 0.14078405769230767 0.22546869711538461
7 0.25990903125 0.32096376442307695 0.26213864423076927 0.32239708653846155 0.27010154326923075 0.3170221298076923 0.2707385745192308 0.31361799038461535 0.2745607668269231 0.3034055721153846 0.27679037740384616 0.29534313701923076 0.27679037740384616 0.2865640408653846 0.26787193028846157 0.2824432403846154 0.2535387115384615 0.2844140576923077 0.2398425264423077 0.28710153605769234 0.22455375961538462 0.29355148557692307 0.2207315673076923 0.30179308653846154 0.21818343990384617 0.3132596610576923 0.22805743509615384 0.31881378365384616 0.24175362259615385 0.32096376442307695 0.2493980048076923 0.32257625240384613 0.25990903125 0.32096376442307695
2 0.34813795432692307 0.33888028846153845 0.3487749879807692 0.3340428269230769 0.31564932692307696 0.3265178870192308 0.28093108653846155 0.31755962740384613 0.27137560576923075 0.31809712259615386 0.2605460625 0.32490540144230773 0.27997553846153844 0.3302803581730769 0.2923976610576923 0.33475948798076927 0.3099160384615385 0.33475948798076927 0.34813795432692307 0.33888028846153845
0 0.5379734735576923 0.24840184615384614 0.5300105745192307 0.28763903125 0.6239727860576922 0.29158066826923074 0.6363949086538461 0.25538929086538464 0.6277949783653847 0.2507309951923077 0.5379734735576923 0.24840184615384614
7 0.09491775961538461 0.27312664903846157 0.0961918221153846 0.2681100216346154 0.08154008894230769 0.2580767692307692 0.05319216586538462 0.2684683533653846 0.05000700721153846 0.28960985096153846 0.07803641346153846 0.296955625 0.07931047596153847 0.29337231971153843 0.07867344471153846 0.2890723533653846 0.08695486057692309 0.2806515889423077 0.09491775961538461 0.27312664903846157
7 0.10128807932692308 0.27187249278846154 0.08154008894230769 0.28280156971153847 0.0809030576923077 0.2937306490384616 0.11275465384615384 0.30806386778846157 0.11721387740384616 0.30860136538461536 0.11976200480769231 0.29319315384615385 0.11593981249999999 0.2797557620192308 0.11371020192307692 0.27384331009615387 0.10128807932692308 0.27187249278846154
7 0.29112359615384614 0.24893934134615386 0.2825236658653846 0.23084365384615382 0.2892125 0.21955624278846153 0.28379773076923076 0.21400212019230772 0.2595905168269231 0.20540218990384615 0.22901298317307692 0.20271471153846152 0.1866503581730769 0.20665634615384618 0.18028003846153845 0.2256478605769231 0.2102205408653846 0.24517687259615384 0.2608645793269231 0.24446021153846154 0.2637312235576923 0.24750601923076923 0.26118309615384616 0.25037266346153847 0.2532201971153846 0.2573601081730769 0.2522646490384615 0.27384331009615387 0.2637312235576923 0.27885993509615387 0.26978302644230767 0.2842348918269231 0.28284218269230765 0.2842348918269231 0.3124641658653846 0.2752766322115385 0.3099160384615385 0.2673933605769231 0.2959013365384615 0.26219756971153846 0.28793843750000003 0.26470588221153846 0.2857088245192308 0.2587934302884615 0.29112359615384614 0.24893934134615386
2 0.41725592067307693 0.26398922115384615 0.4220336610576923 0.26076424759615385 0.4166188894230769 0.2532393076923077 0.4048337980769231 0.24983516826923077 0.38763393509615385 0.25108932451923077 0.3742562644230769 0.24822268028846153 0.34527131250000004 0.2525226466346154 0.3379454447115385 0.2605850817307692 0.3255233221153846 0.26327256009615385 0.32711590144230773 0.26864751682692306 0.3408120889423077 0.26954334375 0.3503675673076923 0.2727683173076923 0.38062658413461536 0.2709766658653846 0.41725592067307693 0.26398922115384615
7 0.5188625168269231 0.27079749999999997 0.5019811682692308 0.26954334375 0.4873294350961539 0.26506421394230767 0.4720406682692308 0.27957659615384617 0.47586286057692306 0.29158066826923074 0.4682184759615385 0.29641812980769233 0.47044808894230766 0.30000143269230767 0.48414427403846155 0.29785144951923076 0.5038922644230769 0.30053893028846157 0.5217291586538462 0.30071809374999997 0.5287365096153847 0.29534313701923076 0.5296920576923078 0.28853485817307695 0.5207736105769231 0.2824432403846154 0.5182254831730769 0.27545579567307693 0.5188625168269231 0.27079749999999997
7 0.033762692307692306 0.22063123557692307 0.04395520432692308 0.22009374038461538 0.04936997596153846 0.2143604519230769 0.05956248557692308 0.2109563125 0.07453273798076923 0.2104188173076923 0.08440673317307691 0.20755217307692306 0.08154008894230769 0.1950106057692308 0.07771789663461538 0.18426069230769232 0.06593280528846154 0.18103571875 0.05510326201923077 0.18551484855769232 0.04650333173076923 0.1948314423076923 0.042999656250000004 0.20361053846153845 0.032807144230769233 0.20683551201923076 0.029303468750000002 0.21776459134615384 0.033762692307692306 0.22063123557692307
8 0.3443157644230769 0.25144765625 0.3573749182692308 0.25019349759615384 0.36756743028846156 0.24732685576923077 0.3691600096153846 0.2403394110576923 0.3471824086538462 0.2378310985576923 0.3306195769230769 0.23980191586538463 0.32870848076923076 0.24750601923076923 0.3290269975961539 0.2507309951923077 0.3443157644230769 0.25144765625
13 0.4478334543269231 0.17888573557692308 0.4561148701923077 0.18461902403846153 0.46375925240384613 0.18605234375 0.47140363701923077 0.1833648653846154 0.4822331778846154 0.17530243028846154 0.47745543990384615 0.1647316826923077 0.46375925240384613 0.16061088221153846 0.4471964230769231 0.16777749038461537 0.4421001658653846 0.17315244711538463 0.4478334543269231 0.17888573557692308
7 0.44273719951923074 0.17404827403846154 0.44337423076923077 0.16849415144230767 0.4335002355769231 0.16365668990384613 0.41821146875 0.15989422115384616 0.39591535096153846 0.1647316826923077 0.39527831971153843 0.17673575240384617 0.3987819951923077 0.19447311057692307 0.41980404807692306 0.20486469471153848 0.4376409423076923 0.2050438605769231 0.4554778365384615 0.1973397548076923 0.4538852572115385 0.18461902403846153 0.44273719951923074 0.17404827403846154
0 0.45101861298076923 0.21722709615384617 0.45452229086538465 0.2003855625 0.4258558533653846 0.2070146778846154 0.39687089903846157 0.19662309375 0.3924116754807692 0.18641067548076923 0.3936857403846154 0.16276086538461537 0.40451528125 0.16204420432692307 0.4010116057692308 0.16061088221153846 0.41534482451923077 0.15075679326923078 0.37202665384615385 0.13373609615384616 0.3691600096153846 0.13212361057692307 0.34144912019230766 0.20558135576923078 0.44815197115384614 0.22582702644230768 0.45101861298076923 0.21722709615384617
7 0.20225764182692307 0.1960855985576923 0.23824994471153846 0.19017314423076923 0.23856846153846153 0.18820232692307692 0.2404795576923077 0.1819315456730769 0.24239065384615385 0.1718982908653846 0.23761291346153846 0.15434009855769232 0.21754640865384617 0.14699432451923078 0.20799092788461537 0.13194444471153846 0.19588732211538462 0.13104861778846152 0.19174661298076925 0.1434110192307692 0.18537629567307692 0.14305268990384615 0.17613933173076923 0.14771098557692308 0.17486526682692308 0.17297328365384615 0.1770948798076923 0.18891898798076923 0.20225764182692307 0.1960855985576923
2 0.001592579326923077 0.15093595913461538 0.10861394471153847 0.12656948798076922 0.10638433413461537 0.12119453125 0.0012740649038461538 0.14520267067307693 0.001592579326923077 0.15093595913461538
2 0.0025481274038461543 0.1099071201923077 0 0.11528207692307692 0.13250264423076924 0.1217320264423077 0.1347322548076923 0.11796955528846155 0.11084355769230769 0.11456541586538461 0.0025481274038461543 0.1099071201923077
2 0.09778440384615385 0.11366959134615384 0.10319917548076923 0.11044461538461539 0.00031851682692307697 0.10363633653846153 0.001592579326923077 0.10847379807692309 0.050325524038461536 0.11205710336538462 0.09778440384615385 0.11366959134615384
13 0.24430174999999998 0.1378568966346154 0.2640497403846154 0.1362444110576923 0.2847532764423077 0.1281819735576923 0.29494578846153846 0.11008628605769231 0.28666437259615385 0.09521557211538462 0.2675534158653846 0.08822812740384614 0.24239065384615385 0.08894478846153847 0.22773891826923076 0.09593223317307692 0.21818343990384617 0.10506965865384615 0.21531679567307693 0.11653623557692307 0.2207315673076923 0.1281819735576923 0.23824994471153846 0.1366027403846154 0.24430174999999998 0.1378568966346154
0 0.18059855528846153 0.07747821394230768 0.12549529326923076 0.08106151923076924 0.13855444711538462 0.14251519230769233 0.1872873894230769 0.1410818701923077 0.23251665865384613 0.1394693846153846 0.28666437259615385 0.12907780048076922 0.28188663461538466 0.09216976201923077 0.2764718629807692 0.06672830048076923 0.22996853125 0.07228242067307691 0.18059855528846153 0.07747821394230768
6 0.3564193701923077 0.03197024519230769 0.3392195096153846 0.04684095913461538 0.38890800000000003 0.11384875480769231 0.4041967668269231 0.10739880769230768 0.4064263774038462 0.09736555528846155 0.3564193701923077 0.03197024519230769
6 0.13122857932692306 0.028207774038461537 0.05414771394230769 0.026774451923076925 0.046184814903846155 0.10506965865384615 0.12772490384615384 0.11384875480769231 0.1248582596153846 0.07944903125000001 0.20926499278846153 0.07281991826923076 0.21308718509615382 0.03985351442307693 0.1962058389423077 0.03591187980769231 0.13122857932692306 0.028207774038461537
2 0.05223662019230769 0.03770353125 0.0012740649038461538 0.010112086538461539 0.0025481274038461543 0.01799535576923077 0.05064403846153846 0.04522847115384616 0.05223662019230769 0.03770353125
13 0.32170112980769233 0.007424608173076923 0.3080049423076923 0.006707947115384616 0.28634585817307695 0.017457860576923077 0.27551631490384615 0.027670278846153844 0.27838295913461536 0.038241026442307695 0.29112359615384614 0.039495185096153844 0.29558281971153844 0.04719928846153846 0.3080049423076923 0.04988676682692307 0.33221215625 0.04594513221153846 0.35259718028846154 0.03429939182692308 0.35259718028846154 0.01477038221153846 0.32170112980769233 0.007424608173076923
9 0.26118309615384616 0.01387455528846154 0.2825236658653846 0.0183536875 0.2968568846153846 0.011187076923076923 0.3045012668269231 0.004737129807692308 0.30609384855769234 0.0006163293269230769 0.25990903125 0.0007954927884615385 0.25863496874999997 0.004199632211538461 0.26118309615384616 0.01387455528846154
11 0.6695205697115385 0.26542254326923076 0.6723872139423077 0.26828918749999997 0.6876759807692309 0.26685586538461536 0.6959573942307693 0.2620184038461538 0.7020091995192307 0.2559267860576923 0.6997795865384616 0.2449977067307692 0.6838537884615385 0.23836859375 0.662194701923077 0.24374355048076923 0.6548688341346154 0.25395596875000004 0.6695205697115385 0.26542254326923076