7 0.9341662235576924 0.13034954807692306 0.9459802716346153 0.12868819711538462 0.9666548533653846 0.10376794230769232 0.94893378125 0.09379984134615384 0.9312127115384615 0.09379984134615384 0.9075846177884616 0.10875199278846154 0.9075846177884616 0.1270268485576923 0.9341662235576924 0.13034954807692306
7 0.8732943461538463 0.0010964903846153846 0.8559670793269232 0.011452242788461539 0.8592159423076923 0.023635478365384616 0.8873727524038462 0.03277290384615385 0.9025341129807691 0.033382067307692304 0.914446610576923 0.022417153846153844 0.9166125192307693 0.009624757211538462 0.9057829759615385 0.0017056538461538461 0.9005847956730769 0 0.8732943461538463 0.0010964903846153846
7 0.9155295649038462 0.03886452163461539 0.9350227427884616 0.03947368509615385 0.9599306899038461 0.03947368509615385 0.9664284158653846 0.03277290384615385 0.9750920504807692 0.01998050721153846 0.9512670576923077 0.008406432692307692 0.942603423076923 0.012670564903846153 0.9166125192307693 0.026681286057692308 0.9090318389423077 0.03581871394230769 0.9155295649038462 0.03886452163461539
10 0.5614035096153847 0.06932261298076924 0.5689841899038461 0.08028752403846154 0.5798137307692308 0.08211500961538462 0.5917262283653846 0.06566764182692307 0.5743989615384616 0.06384015625 0.5614035096153847 0.06932261298076924
0 0.9512670576923077 0.04251949278846154 0.9393545600961539 0.041301170673076926 0.9068659302884616 0.043128653846153844 0.9079488846153846 0.05348440625 0.9241931995192308 0.06384015625 0.9469352403846153 0.06384015625 0.9512670576923077 0.04251949278846154
0 0.8288932211538461 0.04495613942307693 0.8483863990384616 0.05531189182692308 0.870045483173077 0.04191033173076923 0.8787091177884616 0.03460038942307692 0.8538011706730769 0.023026314903846153 0.8202295865384616 0.016325536057692307 0.8018193629807692 0.03216374278846154 0.8029023173076923 0.04617446394230769 0.8288932211538461 0.04495613942307693
6 0.7444227860576924 0.2782651081730769 0.7065193846153845 0.2855750480769231 0.6664500745192308 0.2959307980769231 0.668615985576923 0.30872319711538465 0.6826943894230768 0.32699805048076924 0.7065193846153845 0.32029727163461535 0.7346761971153846 0.3117690048076923 0.7888239110576923 0.2959307980769231 0.7920727740384615 0.28740253365384616 0.7758284591346154 0.27461013701923076 0.7444227860576924 0.2782651081730769
9 0.6859432524038461 0.3641569206730769 0.7000216586538461 0.35562865384615383 0.6924409783653847 0.34100877163461535 0.6761966634615385 0.33552631490384616 0.6556205336538461 0.3422270961538461 0.6512887163461538 0.3574561394230769 0.66753303125 0.3641569206730769 0.6859432524038461 0.3641569206730769
0 0.8375568557692308 0.33918128605769227 0.8516352620192307 0.34466374278846157 0.8657136658653847 0.3550194927884615 0.9220272908653846 0.34649122836538465 0.972926141826923 0.3422270961538461 0.9945852283653847 0.3397904471153846 0.9956681826923077 0.32151559375 0.9501841033653846 0.328216375 0.8830409350961539 0.3367446394230769 0.8375568557692308 0.33918128605769227
6 0.9599306899038461 0.28252924038461535 0.9339397884615385 0.2855750480769231 0.9393545600961539 0.3050682259615385 0.9642625072115384 0.31420565384615384 0.9783409134615385 0.30445906490384617 0.9826727307692308 0.29349415144230767 0.9599306899038461 0.28252924038461535
0 0.9068659302884616 0.4445662764423077 0.9047000216346154 0.47563352884615384 0.9512670576923077 0.47867933653846156 0.9956681826923077 0.4817251466346154 0.9956681826923077 0.38974171634615384 0.940437514423077 0.3873050673076923 0.9252761538461538 0.38669590625 0.912280701923077 0.4141081875 0.9068659302884616 0.4445662764423077
0 0.8029023173076923 0.5036549711538462 0.8852068437499999 0.5194931778846154 0.9209443365384615 0.5274122812500001 0.940437514423077 0.5042641322115384 0.9512670576923077 0.4798976610576923 0.9047000216346154 0.4768518509615385 0.9068659302884616 0.42933723076923075 0.8570500336538461 0.4183723197115385 0.8234784495192307 0.4695419110576923 0.8029023173076923 0.5036549711538462
9 0.6599523509615385 0.48050682211538465 0.668615985576923 0.4646686153846154 0.6567034879807692 0.4604044831730769 0.6382932644230769 0.45796783653846157 0.6144682692307692 0.46649610096153843 0.6177171322115385 0.4811159855769231 0.6447909903846154 0.4847709543269231 0.6599523509615385 0.48050682211538465
2 0.7877409567307693 0.5158382067307692 0.7552523293269231 0.5292397668269231 0.7000216586538461 0.5499512668269231 0.63937621875 0.5718810913461538 0.6307125841346154 0.577363548076923 0.6437080360576922 0.5816276802884615 0.6729478004807692 0.5688352836538462 0.7260125625 0.5487329447115384 0.7888239110576923 0.5255847956730769 0.8223954951923077 0.5134015600961539 0.8169807235576924 0.5067007788461538 0.7877409567307693 0.5158382067307692
2 0.9891704567307692 0.5603070168269231 0.9989170456730769 0.5791910336538462 1 0.5542153990384615 0.9913363653846154 0.5298489278846155 0.9783409134615385 0.49634502884615384 0.9664284158653846 0.49878167548076924 0.9783409134615385 0.5286306033653847 0.9891704567307692 0.5603070168269231
2 0.9512670576923077 0.47867933653846156 0.9458522860576923 0.49695418990384616 0.9371886514423077 0.5176656923076923 0.9274420625 0.5444688100961538 0.9133636562499999 0.5730994158653846 0.9101147932692307 0.5962475625 0.9187784278846153 0.5992933725961538 0.9252761538461538 0.5730994158653846 0.9393545600961539 0.5353313846153847 0.9620965985576924 0.4817251466346154 0.9512670576923077 0.47867933653846156
2 0.9285250168269231 0.5304580889423077 0.9350227427884616 0.5073099423076923 0.9155295649038462 0.5298489278846155 0.9068659302884616 0.5566520456730769 0.8982022956730769 0.5791910336538462 0.884123889423077 0.6078216370192308 0.8797920721153846 0.6346247572115384 0.8862897980769231 0.6370614038461538 0.8938704783653846 0.6200048725961539 0.9047000216346154 0.5858918125 0.9101147932692307 0.5730994158653846 0.9198613822115385 0.552997076923077 0.9285250168269231 0.5304580889423077
7 0.7411739230769231 0.6291423004807692 0.7422568774038462 0.6437621826923077 0.7585011923076923 0.651072125 0.7996534543269231 0.6498538004807692 0.8202295865384616 0.6449805072115384 0.8343079927884616 0.6273148149038461 0.8234784495192307 0.6169590649038461 0.7942386826923078 0.6053849903846154 0.753086420673077 0.6108674471153847 0.7411739230769231 0.6291423004807692
8 0.6610353052884614 0.6803118918269231 0.6491228076923077 0.6608187139423076 0.6263807668269231 0.651072125 0.6112194062499999 0.6553362572115385 0.6285466754807693 0.6742202740384615 0.6437080360576922 0.6839668605769231 0.6567034879807692 0.6876218317307692 0.6610353052884614 0.6803118918269231
7 0.7465886947115384 0.9367690048076922 0.7422568774038462 0.9288499014423077 0.7260125625 0.9349415216346154 0.7227636995192307 0.9452972716346154 0.7270955168269231 0.9574805072115384 0.7422568774038462 0.961744639423077 0.7563352836538461 0.9538255360576924 0.7725795961538461 0.9434697860576923 0.7682477812499999 0.9349415216346154 0.754169375 0.9294590649038461 0.7465886947115384 0.9367690048076922
10 0.6740307572115385 0.7028508774038461 0.6707818942307693 0.6924951274038461 0.6469568990384615 0.6931042884615385 0.6447909903846154 0.7028508774038461 0.6512887163461538 0.7083333341346154 0.6696989375 0.7065058485576923 0.6740307572115385 0.7028508774038461
8 0.5083387475961538 0.7607212475961538 0.48776261538461535 0.7655945408653846 0.4747671658653846 0.7686403509615385 0.47260125721153845 0.7729044831730769 0.49642624999999996 0.7802144254807692 0.5213341995192308 0.7826510721153846 0.5679012355769231 0.7808235865384615 0.5863114567307692 0.7789961009615385 0.5841455480769231 0.7613304086538462 0.5484080576923077 0.7588937620192309 0.5083387475961538 0.7607212475961538
4 0.6718648461538461 0.18506335336538463 0.6512887163461538 0.16617933653846156 0.6350444014423077 0.16435185096153845 0.6068875889423077 0.1875 0.6144682692307692 0.19968323557692308 0.6415421274038462 0.2051656923076923 0.6718648461538461 0.18506335336538463
11 0.841888673076923 0.34283625721153843 0.8061511802884616 0.3513645216346154 0.7877409567307693 0.359283625 0.7606670985576923 0.36476608173076924 0.7585011923076923 0.37816764182692303 0.7693307331730769 0.3873050673076923 0.7920727740384615 0.38791423076923076 0.8050682259615385 0.37694931730769227 0.8234784495192307 0.38425925961538465 0.8559670793269232 0.37877680288461535 0.8732943461538463 0.3623294350961539 0.8732943461538463 0.35441033173076925 0.841888673076923 0.34283625721153843
6 0.7899068653846153 0.9775828461538462 0.8288932211538461 0.99098440625 0.8353909471153845 0.9976851850961539 0.8754602548076923 0.9989035096153847 0.8982022956730769 0.9867202740384615 0.8689625288461538 0.9684454182692307 0.8494693533653846 0.9684454182692307 0.8223954951923077 0.961744639423077 0.7899068653846153 0.9775828461538462
7 0.6816114350961539 0.8855994158653846 0.7000216586538461 0.8795077980769231 0.7076023389423077 0.8910818701923078 0.7335932427884615 0.8971734903846154 0.7498375576923078 0.8831627692307692 0.7151830192307693 0.8697612091346154 0.7065193846153845 0.8594054591346154 0.6859432524038461 0.8721978557692308 0.6816114350961539 0.8855994158653846