7 0.10376794230769232 0.03334514663461539 0.09379984134615384 0.051066218749999996 0.09379984134615384 0.06878728846153846 0.10875199278846154 0.09241538221153847 0.1270268485576923 0.09241538221153847 0.13034954807692306 0.06583377644230769 0.12868819711538462 0.054019728365384614 0.10376794230769232 0.03334514663461539
7 0.023635478365384616 0.14078405769230767 0.03277290384615385 0.11262724759615385 0.033382067307692304 0.09746588701923077 0.022417153846153844 0.08555338942307691 0.009624757211538462 0.08338748076923076 0.0017056538461538461 0.09421702403846154 0 0.09941520432692307 0.0010964903846153846 0.12670565384615384 0.011452242788461539 0.14403292067307694 0.023635478365384616 0.14078405769230767
7 0.03947368509615385 0.040069310096153846 0.03277290384615385 0.03357158413461538 0.01998050721153846 0.024907949519230768 0.008406432692307692 0.04873294230769231 0.012670564903846153 0.05739657692307692 0.026681286057692308 0.08338748076923076 0.03581871394230769 0.0909681610576923 0.03886452163461539 0.08447043509615385 0.03947368509615385 0.06497725721153846 0.03947368509615385 0.040069310096153846
10 0.08211500961538462 0.4201862692307692 0.06566764182692307 0.4082737716346154 0.06384015625 0.4256010384615384 0.06932261298076924 0.4385964903846154 0.08028752403846154 0.43101581009615386 0.08211500961538462 0.4201862692307692
0 0.043128653846153844 0.09313406971153845 0.05348440625 0.09205111538461538 0.06384015625 0.07580680048076924 0.06384015625 0.05306475961538462 0.04251949278846154 0.04873294230769231 0.041301170673076926 0.06064543990384615 0.043128653846153844 0.09313406971153845
0 0.04191033173076923 0.12995451682692308 0.03460038942307692 0.12129088221153846 0.023026314903846153 0.14619882932692307 0.016325536057692307 0.17977041346153846 0.03216374278846154 0.19818063701923078 0.04617446394230769 0.1970976826923077 0.04495613942307693 0.17110677884615383 0.05531189182692308 0.15161360096153847 0.04191033173076923 0.12995451682692308
6 0.2959307980769231 0.3335499254807692 0.30872319711538465 0.3313840144230769 0.32699805048076924 0.3173056105769231 0.32029727163461535 0.2934806153846154 0.3117690048076923 0.2653238028846154 0.2959307980769231 0.21117608894230772 0.28740253365384616 0.20792722596153845 0.27461013701923076 0.2241715408653846 0.2782651081730769 0.2555772139423077 0.2855750480769231 0.2934806153846154 0.2959307980769231 0.3335499254807692
9 0.34100877163461535 0.3075590216346154 0.33552631490384616 0.32380333653846155 0.3422270961538461 0.3443794663461538 0.3574561394230769 0.3487112836538462 0.3641569206730769 0.33246696875000004 0.3641569206730769 0.3140567475961538 0.35562865384615383 0.2999783413461538 0.34100877163461535 0.3075590216346154
0 0.3550194927884615 0.13428633413461538 0.34649122836538465 0.07797270913461539 0.3422270961538461 0.027073858173076924 0.3397904471153846 0.005414771634615385 0.32151559375 0.004331817307692307 0.328216375 0.049815896634615386 0.3367446394230769 0.11695906490384617 0.33918128605769227 0.16244314423076922 0.34466374278846157 0.14836473798076924 0.3550194927884615 0.13428633413461538
6 0.3050682259615385 0.06064543990384615 0.31420565384615384 0.03573749278846154 0.30445906490384617 0.02165908653846154 0.29349415144230767 0.01732726923076923 0.28252924038461535 0.040069310096153846 0.2855750480769231 0.06606021153846155 0.3050682259615385 0.06064543990384615
0 0.47867933653846156 0.04873294230769231 0.4817251466346154 0.004331817307692307 0.38974171634615384 0.004331817307692307 0.3873050673076923 0.05956248557692308 0.38669590625 0.07472384615384615 0.4141081875 0.08771929807692308 0.4445662764423077 0.09313406971153845 0.47563352884615384 0.0952999783653846 0.47867933653846156 0.04873294230769231
0 0.5274122812500001 0.07905566346153846 0.5042641322115384 0.05956248557692308 0.4798976610576923 0.04873294230769231 0.4768518509615385 0.0952999783653846 0.42933723076923075 0.09313406971153845 0.4183723197115385 0.14294996634615384 0.4695419110576923 0.17652155048076923 0.5036549711538462 0.1970976826923077 0.5194931778846154 0.11479315625 0.5274122812500001 0.07905566346153846
9 0.4604044831730769 0.3432965120192308 0.45796783653846157 0.36170673557692307 0.46649610096153843 0.3855317307692308 0.4811159855769231 0.38228286778846154 0.4847709543269231 0.35520900961538465 0.48050682211538465 0.3400476490384615 0.4646686153846154 0.3313840144230769 0.4604044831730769 0.3432965120192308
2 0.5499512668269231 0.2999783413461538 0.5718810913461538 0.36062378125000005 0.577363548076923 0.36928741586538466 0.5816276802884615 0.35629196394230767 0.5688352836538462 0.3270521995192308 0.5487329447115384 0.2739874375 0.5255847956730769 0.21117608894230772 0.5134015600961539 0.17760450480769233 0.5067007788461538 0.1830192764423077 0.5158382067307692 0.21225904326923078 0.5292397668269231 0.24474767067307693 0.5499512668269231 0.2999783413461538
2 0.5542153990384615 0 0.5298489278846155 0.008663634615384615 0.49634502884615384 0.02165908653846154 0.49878167548076924 0.03357158413461538 0.5286306033653847 0.02165908653846154 0.5603070168269231 0.01082954326923077 0.5791910336538462 0.0010829543269230768 0.5542153990384615 0
2 0.5176656923076923 0.06281134855769231 0.5444688100961538 0.0725579375 0.5730994158653846 0.08663634375000001 0.5962475625 0.08988520673076923 0.5992933725961538 0.08122157211538461 0.5730994158653846 0.07472384615384615 0.5353313846153847 0.06064543990384615 0.4817251466346154 0.037903401442307694 0.47867933653846156 0.04873294230769231 0.49695418990384616 0.05414771394230769 0.5176656923076923 0.06281134855769231
2 0.5298489278846155 0.08447043509615385 0.5566520456730769 0.09313406971153845 0.5791910336538462 0.10179770432692307 0.6078216370192308 0.11587611057692307 0.6346247572115384 0.12020792788461539 0.6370614038461538 0.11371020192307692 0.6200048725961539 0.10612952163461539 0.5858918125 0.0952999783653846 0.5730994158653846 0.08988520673076923 0.552997076923077 0.08013861778846154 0.5304580889423077 0.07147498317307692 0.5073099423076923 0.06497725721153846 0.5298489278846155 0.08447043509615385
7 0.651072125 0.2414988076923077 0.6498538004807692 0.20034654567307691 0.6449805072115384 0.17977041346153846 0.6273148149038461 0.16569200721153846 0.6169590649038461 0.17652155048076923 0.6053849903846154 0.20576131730769232 0.6108674471153847 0.24691357932692307 0.6291423004807692 0.2588260769230769 0.6437621826923077 0.25774312259615384 0.651072125 0.2414988076923077
8 0.651072125 0.37361923317307694 0.6553362572115385 0.38878059375 0.6742202740384615 0.3714533245192308 0.6839668605769231 0.35629196394230767 0.6876218317307692 0.3432965120192308 0.6803118918269231 0.33896469471153845 0.6608187139423076 0.3508771923076923 0.651072125 0.37361923317307694
7 0.9349415216346154 0.2739874375 0.9452972716346154 0.27723630048076925 0.9574805072115384 0.2729044831730769 0.961744639423077 0.25774312259615384 0.9538255360576924 0.24366471634615383 0.9434697860576923 0.22742040384615383 0.9349415216346154 0.23175221875000002 0.9294590649038461 0.245830625 0.9367690048076922 0.25341130528846156 0.9288499014423077 0.25774312259615384 0.9349415216346154 0.2739874375
10 0.6931042884615385 0.35304310096153846 0.7028508774038461 0.35520900961538465 0.7083333341346154 0.3487112836538462 0.7065058485576923 0.33030106249999996 0.7028508774038461 0.32596924278846157 0.6924951274038461 0.3292181057692308 0.6931042884615385 0.35304310096153846
8 0.7686403509615385 0.5252328341346154 0.7729044831730769 0.5273987427884615 0.7802144254807692 0.50357375 0.7826510721153846 0.47866580048076923 0.7808235865384615 0.43209876442307693 0.7789961009615385 0.41368854326923077 0.7613304086538462 0.4158544519230769 0.7588937620192309 0.4515919423076923 0.7607212475961538 0.49166125240384617 0.7655945408653846 0.5122373846153846 0.7686403509615385 0.5252328341346154
4 0.16435185096153845 0.36495559855769233 0.1875 0.3931124110576923 0.19968323557692308 0.3855317307692308 0.2051656923076923 0.3584578725961538 0.18506335336538463 0.3281351538461538 0.16617933653846156 0.3487112836538462 0.16435185096153845 0.36495559855769233
11 0.359283625 0.21225904326923078 0.36476608173076924 0.2393329014423077 0.37816764182692303 0.2414988076923077 0.3873050673076923 0.23066926682692307 0.38791423076923076 0.20792722596153845 0.37694931730769227 0.19493177403846154 0.38425925961538465 0.17652155048076923 0.37877680288461535 0.14403292067307694 0.3623294350961539 0.12670565384615384 0.35441033173076925 0.12670565384615384 0.34283625721153843 0.15811132692307692 0.3513645216346154 0.19384881971153847 0.359283625 0.21225904326923078
6 0.9976851850961539 0.1646090528846154 0.9989035096153847 0.12453974519230769 0.9867202740384615 0.10179770432692307 0.9684454182692307 0.13103747115384617 0.9684454182692307 0.1505306466346154 0.961744639423077 0.17760450480769233 0.9775828461538462 0.2100931346153846 0.99098440625 0.17110677884615383 0.9976851850961539 0.1646090528846154
7 0.8910818701923078 0.2923976610576923 0.8971734903846154 0.26640675721153845 0.8831627692307692 0.2501624423076923 0.8697612091346154 0.2848169807692308 0.8594054591346154 0.2934806153846154 0.8721978557692308 0.3140567475961538 0.8855994158653846 0.31838856490384615 0.8795077980769231 0.2999783413461538 0.8910818701923078 0.2923976610576923