7 0.8410263942307693 0.8272509110576922 0.8514472764423077 0.8244924423076923 0.8710630528846154 0.8107000985576923 0.8876138629807693 0.8169066538461538 0.9053906610576923 0.8210443557692308 0.907229639423077 0.8155274182692308 0.8980347451923076 0.809665673076923 0.8802579471153845 0.8038039278846154 0.8857748846153846 0.7869083076923077 0.8618681586538461 0.7738055841346154 0.8348964663461539 0.7696678798076924 0.8146676971153847 0.7703574975961539 0.8030208293269231 0.7800121370192308 0.7968908990384616 0.8031143100961539 0.80731178125 0.8203547379807692 0.8410263942307693 0.8272509110576922
8 0.76348278125 0.7848135961538462 0.7622644567307693 0.7784173966346154 0.75901559375 0.7763614759615384 0.75901559375 0.7706505841346154 0.7488628990384616 0.7688230985576923 0.7476445745192308 0.7727065048076922 0.7318063677884615 0.7749908629807692 0.7119070817307692 0.8051443701923078 0.700129954326923 0.818622076923077 0.7179986995192308 0.8261604543269231 0.7330246923076923 0.8254751466346154 0.7419590649038461 0.8197642548076923 0.74277128125 0.8129111850961538 0.7500812211538462 0.8037737572115385 0.7577972716346154 0.7932657163461538 0.76348278125 0.7848135961538462
7 0.6859161802884616 0.7870979543269231 0.6822612091346154 0.7937225865384616 0.6891650432692308 0.8014894014423077 0.6903833653846154 0.8044590649038461 0.6786062379807691 0.8101699567307693 0.6826673173076923 0.8124543125 0.7005360625 0.8060581129807692 0.7135315144230769 0.8010325288461538 0.7167803774038461 0.7870979543269231 0.7106887596153846 0.7854989038461538 0.7110948677884615 0.7827576754807691 0.7058154639423078 0.7681377932692308 0.6895711490384616 0.7587719302884615 0.6810428846153846 0.7601425432692307 0.6761695913461538 0.7640259495192308 0.6660168942307692 0.7631122067307692 0.6652046778846153 0.7523757307692308 0.6554580889423077 0.7468932740384615 0.6343404807692308 0.7484923245192309 0.60794346875 0.7583150576923077 0.6095679014423078 0.7736202475961539 0.6367771274038462 0.7971491225961539 0.6578947379807693 0.8165661538461539 0.6680474326923077 0.798976608173077 0.6859161802884616 0.7870979543269231
11 0.6314977259615385 0.8040021923076923 0.6388076682692307 0.800347221153846 0.6351526971153846 0.7944078942307692 0.6014457427884615 0.7679093557692307 0.5912930480769231 0.7667671778846153 0.549870045673077 0.7918951033653846 0.5933235865384615 0.8222770456730769 0.6063190384615385 0.822048610576923 0.6314977259615385 0.8040021923076923
9 0.5677387908653846 0.8181652043269231 0.5632716057692307 0.8110836995192308 0.5555555552884616 0.8049159350961539 0.5389051322115385 0.8021747067307692 0.5352501634615384 0.8065149855769231 0.52428525 0.814281798076923 0.5255035745192308 0.8238760961538462 0.5356562692307693 0.8311860384615385 0.5502761538461539 0.8327850865384616 0.5555555552884616 0.8307291658653846 0.5632716057692307 0.8305007307692308 0.5685510072115385 0.8268457596153845 0.5677387908653846 0.8181652043269231
8 0.44062703125 0.8145102331730769 0.4349415216346154 0.8106268269230769 0.42113385336538467 0.8110836995192308 0.4138239110576923 0.8277595024038462 0.4105750480769231 0.8375822379807693 0.41504223557692305 0.8419225144230769 0.41138726442307694 0.8439784350961539 0.4219460697115384 0.8462627932692308 0.42235217788461543 0.8430646923076923 0.4304743341346154 0.8389528509615385 0.43412930528846155 0.8323282163461538 0.4365659519230769 0.8245614038461538 0.43981481490384616 0.8195358197115384 0.44062703125 0.8145102331730769
9 0.38295971394230766 0.8151955408653847 0.3931124110576923 0.8113121346153847 0.4032651081730769 0.8058296778846153 0.4052956466346154 0.7971491225961539 0.3955490576923077 0.7884685673076923 0.3728070168269231 0.7884685673076923 0.3654970769230769 0.7973775576923077 0.37118258653846153 0.8097130841346154 0.38295971394230766 0.8151955408653847
6 0.07797270913461539 0.7987481730769231 0.06985055288461538 0.8017178365384615 0.08162768028846154 0.8117690048076922 0.08203378846153846 0.8218201754807691 0.10233918028846153 0.8236476610576923 0.10883690625 0.8236476610576923 0.10721247596153846 0.8170230264423076 0.10924301442307692 0.8087993413461538 0.11127355528846154 0.7893823100961538 0.10761858413461539 0.7909813605769231 0.10558804326923078 0.795093201923077 0.10233918028846153 0.7925804086538462 0.10233918028846153 0.789153875 0.08690708173076923 0.7784173966346154 0.0755360625 0.789153875 0.08243989663461539 0.7898391802884616 0.07959714182692308 0.7937225865384616 0.07797270913461539 0.7987481730769231
6 0.00934048076923077 0.820221125 0.009746588942307692 0.8170230264423076 0.02030539423076923 0.8122258774038461 0.026397012019230767 0.8161092836538462 0.032082521634615384 0.81633771875 0.03492527644230769 0.8156524134615384 0.03492527644230769 0.8129111850961538 0.044671865384615386 0.8097130841346154 0.04142300240384615 0.8035453221153847 0.048326836538461544 0.8010325288461538 0.04954515865384616 0.7925804086538462 0.03127030528846154 0.7955500721153845 0.025990903846153844 0.7998903509615385 0.01421377403846154 0.8053728076923077 0.0012183245192307693 0.8124543125 0.00934048076923077 0.820221125
0 0.19980506730769232 0.7553453942307692 0.1835607548076923 0.709201389423077 0.1514782331730769 0.7117141802884616 0.12223846634615385 0.6900127932692308 0.09909031730769231 0.6964089903846153 0.1551332043269231 0.7715643269230769 0.19980506730769232 0.7553453942307692
8 0.21320662740384616 0.7185672524038461 0.22254710817307694 0.7185672524038461 0.22742040384615383 0.7174250721153845 0.22742040384615383 0.712627923076923 0.22295321634615384 0.7073739038461538 0.19533788221153847 0.7085160817307692 0.1876218317307692 0.7146838461538461 0.19371344951923078 0.720851608173077 0.2014295 0.7210800432692307 0.21320662740384616 0.7185672524038461
4 0.2761533461538461 0.7594572379807693 0.28955490625 0.7548885240384616 0.30336257211538464 0.7491776322115384 0.30701754326923075 0.7452942259615385 0.3127030528846154 0.7423245625000001 0.3049870048076923 0.7347861850961538 0.29564652403846153 0.7313596490384615 0.29199155288461537 0.7279331129807692 0.25747238461538463 0.7393548966346154 0.2761533461538461 0.7594572379807693
7 0.26962212740384617 0.7872957740384615 0.2873736466346154 0.7914405865384615 0.2960819375 0.7953969975961539 0.29742167548076925 0.8008606129807692 0.30110595432692305 0.8117878461538461 0.31014918028846156 0.8266714903846153 0.3181876033653846 0.8291206971153847 0.3295753701923077 0.8261062884615384 0.33459938461538463 0.8278018942307692 0.34029326923076925 0.8274250913461538 0.34364261057692314 0.8225266778846153 0.3449823485576923 0.8136718509615384 0.3359391225961538 0.8087734375 0.32488629086538456 0.7976578052884615 0.3141683918269231 0.7850349663461539 0.30311556009615387 0.7759917403846154 0.2923976610576923 0.774107735576923 0.2910579230769231 0.7652529086538462 0.28034002644230765 0.7652529086538462 0.2746461418269231 0.7678905168269231 0.26292343990384615 0.7837161634615384 0.26962212740384617 0.7872957740384615
7 0.36407360576923076 0.7893681802884616 0.3647434735576923 0.7842813653846155 0.36306880288461535 0.7822089591346154 0.3560351826923077 0.7844697644230769 0.3557002475961539 0.7776873461538462 0.3540255745192308 0.7739193341346154 0.33694392548076924 0.773165733173077 0.32522122355769234 0.7690209206730769 0.3185225384615385 0.763745704326923 0.3111539831730769 0.7686441177884615 0.3071347716346154 0.7801365528846154 0.31249371875 0.7863537716346154 0.31718280048076924 0.7937013918269231 0.32857056730769235 0.7978462043269231 0.34900156009615385 0.8002954110576923 0.3610591971153846 0.7950201971153846 0.36407360576923076 0.7893681802884616
7 0.32421642067307693 0.7145731586538461 0.3222068149038462 0.7228627836538462 0.32120201201923076 0.7305872067307693 0.3118238509615385 0.7407608365384615 0.3054600985576923 0.74773165625 0.30579503365384614 0.7588472908653846 0.3158430625 0.7631805024038462 0.3215369471153846 0.7688325192307693 0.3376137932692308 0.7733541322115385 0.35837972115384614 0.7709049254807692 0.3650784086538461 0.7726005312499999 0.37579630528846153 0.7748613365384615 0.3774709783653846 0.7697745216346153 0.37345176682692305 0.7620500985576922 0.3677578822115385 0.7663833124999999 0.37512643749999997 0.7586588894230769 0.37814084615384613 0.7501808653846154 0.37814084615384613 0.7396304326923077 0.36340373557692307 0.7354856201923077 0.3533557067307692 0.7315292091346154 0.3570399855769231 0.7245583894230769 0.34967143028846154 0.7181527692307692 0.32421642067307693 0.7145731586538461
2 0.41190128846153845 0.7821075120192307 0.42462410817307694 0.7846634350961538 0.4312127115384615 0.7807017548076923 0.4330302572115385 0.7721394110576922 0.4318942908653846 0.7720116129807693 0.42598726923076924 0.7698390793269231 0.4153091875 0.763960454326923 0.41190128846153845 0.7821075120192307
10 0.4698355576923077 0.7778902379807692 0.46006625 0.7766122764423078 0.459384670673077 0.7781458317307692 0.44870658894230775 0.7762288870192309 0.44484430528846153 0.7729061875000001 0.43848289423076925 0.7699668749999999 0.4355293822115385 0.7717560216346153 0.4325758701923077 0.7819797163461538 0.43530218990384617 0.7823631057692307 0.44552588461538456 0.7809573461538462 0.45325045432692307 0.7835132692307692 0.46188379567307697 0.784280048076923 0.4698355576923077 0.7778902379807692
8 0.4648373076923077 0.7446632307692307 0.4673364326923077 0.7570594615384615 0.47165310336538463 0.7583374230769231 0.4757425817307693 0.7542479447115386 0.47869609375 0.7459411923076923 0.4809680240384615 0.7384012187500001 0.48142241105769235 0.7311168365384616 0.48596627644230767 0.7268995625 0.48869259375 0.7168036634615385 0.48596627644230767 0.7055576009615384 0.4741522283653846 0.7009569375000001 0.4605206346153846 0.7054298052884616 0.45983905528846153 0.7331615745192307 0.4646101129807692 0.7399347740384615 0.4648373076923077 0.7446632307692307
5 0.6638585576923077 0.7491360985576924 0.6679480360576923 0.7605099591346154 0.6690840024038462 0.7634492692307693 0.6790805024038461 0.7637048629807693 0.6874866514423077 0.7611489399038462 0.6890770048076923 0.7561648870192308 0.6879410384615384 0.7497750793269231 0.6795348894230769 0.749902875 0.6659032980769232 0.7479859326923077 0.6638585576923077 0.7491360985576924
5 0.6595418870192307 0.7432574735576923 0.6647673317307692 0.7470913581730769 0.6822612091346154 0.7500306706730769 0.6947568341346154 0.7456856009615385 0.6890770048076923 0.7413405312500001 0.6831699807692307 0.7332893725961539 0.6718103221153846 0.7309890408653845 0.6631769783653846 0.7331615745192307 0.6595418870192307 0.7432574735576923
11 0.6590875024038462 0.7261327860576923 0.66272259375 0.7320114086538462 0.6965743798076923 0.7461967860576924 0.7036173701923077 0.7419795120192307 0.7052077235576923 0.7321392067307693 0.6972559615384615 0.72127653125 0.682034014423077 0.7142477403846154 0.6638585576923077 0.7161646826923077 0.6590875024038462 0.7261327860576923
8 0.7681402427884615 0.76140453125 0.7567805817307692 0.7501584663461538 0.7465568870192307 0.7441520456730769 0.7379235456730769 0.7364842764423076 0.7329252932692308 0.7308612427884615 0.7197480889423077 0.7280497283653846 0.7122507115384615 0.723576860576923 0.7040717572115385 0.7279219326923076 0.7104331658653845 0.7318836129807693 0.7131594855769231 0.7418517163461539 0.7299717836538462 0.7537367596153846 0.7483744326923076 0.7690723028846154 0.7581437403846153 0.7680499326923077 0.7638235697115385 0.7647272307692308 0.7681402427884615 0.76140453125
7 0.7768882836538461 0.7209092716346154 0.7721569302884616 0.7235706586538462 0.7626942211538462 0.7146993701923077 0.7690026947115385 0.7060055072115384 0.7630096466346153 0.7051183774038462 0.7393528774038463 0.7017472884615384 0.73588321875 0.7083120432692307 0.7456613485576923 0.7212641225961539 0.7393528774038463 0.7306676875 0.7469230432692308 0.73776471875 0.7667947283653846 0.7517813557692308 0.7759420120192307 0.765443139423077 0.7835121778846154 0.7668625456730769 0.7895052259615384 0.7640237331730769 0.7951828509615384 0.7642011586538462 0.8071689471153847 0.7553298701923077 0.8021221706730769 0.750539375 0.8043301346153846 0.746990858173077 0.81095403125 0.7436197692307692 0.8317719855769231 0.7422003629807693 0.8387113052884616 0.7496522451923078 0.8525899423076923 0.7422003629807693 0.8503819783653845 0.7264094711538461 0.8418655408653847 0.7175381826923076 0.8283023269230768 0.7049409519230768 0.8289331754807693 0.6976664951923077 0.8207321610576923 0.68861778125 0.7888743798076923 0.6941179807692308 0.7772037067307692 0.7060055072115384 0.7696335408653846 0.7150542211538462 0.7768882836538461 0.7209092716346154
3 0.9661424326923077 0.6304221322115384 0.9516329471153846 0.6284704471153847 0.9409085456730769 0.6362771826923077 0.9207214375 0.661471639423077 0.9055811057692308 0.685069266826923 0.9298687211538461 0.6905694663461539 0.9405931225961539 0.6749559975961539 0.958572266826923 0.6494066875000001 0.9680349735576923 0.6384062908653847 0.9661424326923077 0.6304221322115384
8 0.9304995673076923 0.6471001538461538 0.9336538028846154 0.6337932211538462 0.9282916033653846 0.6245670817307692 0.9232448245192307 0.6178249014423076 0.9260836370192307 0.6151635144230769 0.9219831322115385 0.6077116322115385 0.9134666947115384 0.6085987620192308 0.8967492451923077 0.6114375745192308 0.9011651754807691 0.6224379711538461 0.9049502572115385 0.6355674783653846 0.9181980480769231 0.6471001538461538 0.9210368605769231 0.6531326298076923 0.9298687211538461 0.6529552043269231 0.9304995673076923 0.6471001538461538
6 0.8825551826923077 0.6431967860576923 0.8677302740384616 0.6125021298076923 0.8554287548076923 0.61587321875 0.8267252091346153 0.6199540120192307 0.8415501177884616 0.6495841129807692 0.8522745192307692 0.6513583725961538 0.8812934879807692 0.6460355985576923 0.8825551826923077 0.6431967860576923
8 0.7749957427884616 0.665729858173077 0.7557549038461538 0.6655524326923078 0.7494464326923077 0.6678589687500001 0.7551240552884615 0.6783270889423078 0.770895235576923 0.6806336225961539 0.7951828509615384 0.6694558004807691 0.7749957427884616 0.665729858173077
5 0.6863617139423077 0.7146993701923077 0.7021328942307693 0.7201995697115385 0.7100184831730769 0.7201995697115385 0.7128572956730769 0.7186027355769231 0.7128572956730769 0.7146993701923077 0.7040254350961538 0.7035215456730769 0.6863617139423077 0.7146993701923077
5 0.695509 0.6969567932692308 0.6816303605769231 0.6925211490384615 0.6702751129807692 0.6951825360576923 0.6715368076923076 0.7070700624999999 0.6803686658653846 0.7076023389423077 0.6917239158653847 0.7058280817307693 0.6996095048076924 0.69997303125 0.695509 0.6969567932692308
2 0.5311733125 0.7287160048076923 0.5191872163461538 0.7461037307692308 0.5147712860576923 0.7521362067307693 0.5229723004807693 0.7542653149038461 0.5324350072115385 0.7453940264423077 0.5393743269230769 0.7386518485576924 0.5466290673076923 0.7338613533653846 0.5497833052884615 0.7278288774038462 0.5570380456730769 0.7207318461538462 0.5598768581730769 0.7155864975961539 0.5551455048076923 0.7122154086538461 0.5447365264423077 0.7122154086538461 0.5311733125 0.7287160048076923
8 0.5418977139423077 0.752668483173077 0.5289653485576923 0.7290708557692308 0.5299116177884615 0.720022141826923 0.5295961947115384 0.7159413509615384 0.5245494182692307 0.7134573894230769 0.5213951826923077 0.7109734278846154 0.5147712860576923 0.7123928341346153 0.5154021346153846 0.7141670913461537 0.5150867091346154 0.7186027355769231 0.5135095913461538 0.7207318461538462 0.5163484038461539 0.7241029350961538 0.5157175576923076 0.7301354110576923 0.5264419591346153 0.7571041274038461 0.5418977139423077 0.752668483173077
5 0.7229304278846154 0.6952438052884615 0.7283062427884615 0.6927458028846154 0.7287737067307692 0.6886701177884615 0.7215280408653846 0.6878812740384616 0.7096077524038461 0.6864350625 0.7093740216346155 0.6939290673076923 0.7124125264423077 0.6952438052884615 0.7229304278846154 0.6952438052884615
5 0.701894625 0.6844629567307692 0.68833821875 0.6845944302884616 0.6845985192307692 0.6907736971153846 0.6904417980769231 0.6932716995192307 0.7056343221153847 0.6982677019230769 0.7039982043269231 0.6899848533653846 0.701894625 0.6844629567307692
2 0.6198549927884615 0.7103632884615384 0.6060648557692307 0.7141760264423076 0.6046624687500001 0.7208811899038461 0.6460328822115385 0.7345544615384616 0.6553821274038462 0.7348174086538461 0.6574857067307692 0.7324508822115384 0.6595892884615384 0.7257457187499999 0.6535122788461538 0.7193035048076923 0.6198549927884615 0.7103632884615384
5 0.6299054326923077 0.6928772764423077 0.6259320024038462 0.6880127475961538 0.6154141009615385 0.6869609567307692 0.6100382860576923 0.6914310649038462 0.6121418653846153 0.6968214903846154 0.6219585745192308 0.6977418052884615 0.6282693149038461 0.6960326466346154 0.6299054326923077 0.6928772764423077
5 0.3552713389423077 0.6998453870192307 0.35854357451923075 0.7001083341346154 0.36649043269230763 0.6998453870192307 0.37373609855769235 0.6994509663461539 0.3767746033653846 0.6962955961538462 0.3756059471153846 0.693403173076923 0.37163251923076923 0.6920884350961539 0.36368565865384617 0.6916940120192308 0.35714118749999996 0.6901163269230769 0.35129790865384614 0.6956382259615383 0.3552713389423077 0.6998453870192307
8 0.36532177884615386 0.6681602091346155 0.3606471538461538 0.6627697836538461 0.35854357451923075 0.6644789423076923 0.3592447692307692 0.6668454711538462 0.35597253125 0.6751283173076923 0.35994596153846153 0.6843314831730769 0.3592447692307692 0.6905107500000001 0.3620495408653846 0.6920884350961539 0.37069759375 0.6916940120192308 0.37537221634615386 0.6899848533653846 0.37467102403846153 0.6839370600961538 0.3678928197115384 0.6748653701923076 0.36532177884615386 0.6681602091346155
8 0.35854357451923075 0.682753798076923 0.35550506971153845 0.6773633725961539 0.35410268269230766 0.6753912668269231 0.34942806009615385 0.6739450552884616 0.3466232860576923 0.67907253125 0.3440522427884615 0.6856462187500001 0.34311731971153847 0.702343389423077 0.3477919423076923 0.7037896009615385 0.3557388004807692 0.702343389423077 0.35971223076923076 0.7016860192307692 0.35947850000000003 0.7010286514423077 0.3510641778846154 0.69787328125 0.3503629855769231 0.6951123317307691 0.35667372596153846 0.6895904326923077 0.35807611298076925 0.6881442211538461 0.35667372596153846 0.6864350625 0.35854357451923075 0.682753798076923
8 0.30244810096153846 0.7275863509615385 0.29940959615384616 0.7194349783653846 0.29520243509615385 0.7120724471153845 0.28632065144230767 0.7045784423076923 0.2744003629807692 0.7054987596153846 0.27603648076923076 0.7171999254807692 0.2783737932692308 0.7274548774038462 0.28234722115384614 0.7312676177884616 0.28772303846153846 0.7303473004807692 0.29520243509615385 0.7285066682692308 0.30244810096153846 0.7275863509615385
7 0.2753352860576923 0.6886701177884615 0.28912542548076925 0.6815705336538461 0.2825809519230769 0.6788095841346155 0.27299797596153846 0.6819649543269232 0.26154514903846154 0.6840685336538462 0.2503260552884615 0.6905107500000001 0.24471650721153845 0.6977418052884615 0.24611889423076921 0.7141760264423076 0.2655185793269231 0.7095744447115385 0.2842170697115385 0.70444696875 0.28211349038461536 0.696690016826923 0.2753352860576923 0.6886701177884615
8 0.24331412019230766 0.7043154951923077 0.2454177019230769 0.6953752788461538 0.23676964903846154 0.6889330649038462 0.22882279086538462 0.6899848533653846 0.22461562980769229 0.6953752788461538 0.24237919471153846 0.7091800240384616 0.24331412019230766 0.7043154951923077
8 0.0984008125 0.7119409735576923 0.08577932932692309 0.713913079326923 0.07385904086538461 0.7051043365384615 0.07269038461538462 0.6994509663461539 0.06684710817307692 0.7037896009615385 0.08554559855769231 0.7198293990384615 0.09092141586538462 0.7203552956730769 0.09325872596153847 0.7233791923076923 0.09699842548076923 0.7236421394230769 0.09956946634615385 0.7210126634615384 0.09746588701923077 0.7181202403846154 0.0984008125 0.7119409735576923
7 0.07105426682692308 0.6849888509615384 0.05773159375 0.6918254879807691 0.059133978365384615 0.6994509663461539 0.07128799759615384 0.6989250697115386 0.07526142788461539 0.7058931802884616 0.08250709375000001 0.7137816057692308 0.09653096153846154 0.7108891826923076 0.09816707932692308 0.7058931802884616 0.09769961778846153 0.6989250697115386 0.08881783413461539 0.6905107500000001 0.07526142788461539 0.6924828557692309 0.07105426682692308 0.6849888509615384
8 0.6857671754807693 0.690905170673077 0.6885719495192307 0.6836741129807693 0.6911429927884616 0.6801243221153845 0.6934803028846154 0.6707896850961539 0.6904417980769231 0.6640845216346154 0.6822612091346154 0.6586940985576923 0.6782877788461538 0.6601403076923076 0.6743143485576923 0.6656622067307693 0.6726782307692307 0.6764430552884615 0.6726782307692307 0.6834111658653845 0.6703409206730769 0.6888015913461539 0.6747818124999999 0.6906422235576923 0.6796901658653846 0.6923513822115385 0.6857671754807693 0.690905170673077
8 0.6803913581730769 0.6593514663461538 0.689273141826923 0.6651363125 0.6909092620192308 0.6690805240384615 0.6988561201923077 0.672104420673077 0.7044656682692308 0.6717099999999999 0.7063355168269231 0.6664510504807691 0.7124125264423077 0.6639530480769231 0.7077379038461539 0.6626383100961538 0.7021283557692308 0.654881358173077 0.692779110576923 0.6473873533653846 0.6817937451923076 0.6409451394230768 0.6754830048076923 0.6360806081730769 0.6696397259615385 0.6387100841346154 0.6733794254807692 0.6435746129807692 0.6754830048076923 0.6498853557692308 0.6803913581730769 0.6593514663461538
8 0.6336451298076924 0.5962440576923077 0.6242958846153847 0.5966384783653846 0.6217248413461539 0.6028177451923077 0.6168164879807693 0.6124153317307692 0.6172839495192307 0.6391045048076923 0.6278018533653846 0.6417339807692308 0.6390209471153846 0.6404192427884615 0.6413582572115384 0.6249053389423077 0.6418257211538462 0.6067619591346154 0.6341125937500001 0.6007141658653846 0.6336451298076924 0.5962440576923077
7 0.5607210144230769 0.6586940985576923 0.5604872836538461 0.6567219903846154 0.5392177475961538 0.6544869375 0.5230903004807692 0.6625068365384615 0.5174807524038462 0.6710526322115384 0.518883139423077 0.6786781105769231 0.52332403125 0.6848573774038461 0.5310371586538462 0.6844629567307692 0.5364129759615385 0.6868294831730769 0.5455284903846154 0.6886701177884615 0.5516055 0.6903792764423078 0.5604872836538461 0.6889330649038462 0.5689016033653846 0.6915625384615385 0.5838603966346153 0.6919569615384616 0.5826917403846154 0.6972159110576922 0.5845615913461539 0.7008971778846154 0.5892362139423077 0.7006342283653846 0.5999878461538461 0.7077338125 0.6060648557692307 0.7131242379807692 0.6147129086538462 0.7116780264423077 0.6207899182692308 0.7086541298076923 0.6224260360576923 0.7061561274038461 0.6203224543269231 0.7047099158653847 0.6144791778846154 0.7039210745192308 0.6137779831730769 0.6976103317307693 0.6107394783653846 0.694192014423077 0.6072335120192307 0.6910366442307693 0.60699978125 0.6876183269230769 0.6072335120192307 0.6842000072115385 0.6072335120192307 0.6813075865384615 0.5983517283653846 0.6727617908653846 0.5927421802884616 0.6703952620192308 0.5873663653846154 0.6667139975961539 0.5780171177884615 0.6642159951923077 0.5745111514423077 0.6618494687500001 0.5691353341346154 0.6586940985576923 0.5607210144230769 0.6586940985576923
4 0.46676109375 0.6517259879807693 0.4525034951923077 0.6584311490384616 0.45320468750000004 0.6638215745192307 0.45787931009615385 0.6702637884615386 0.46068408413461537 0.6735506322115385 0.4567106538461539 0.6757856875 0.45484080528846155 0.6813075865384615 0.4779801899038461 0.6830167451923077 0.4817198870192308 0.6838055865384616 0.4948088317307692 0.6792040048076923 0.4950425625 0.6740765288461539 0.4983147980769231 0.6727617908653846 0.5011195721153846 0.668817576923077 0.5027556899038461 0.661060625 0.5071965817307692 0.6575108341346154 0.5097676250000001 0.6523833557692308 0.5076640432692308 0.6508056706730769 0.49971718509615387 0.6494909326923076 0.4894330144230769 0.6487020913461539 0.47657780288461543 0.6489650384615384 0.46676109375 0.6517259879807693
8 0.38168295673076924 0.6375268197115385 0.3800468389423077 0.643443139423077 0.38308534375000003 0.6569849375 0.3840202692307692 0.6660566274038462 0.38916235336538463 0.6736821057692308 0.38775996634615384 0.67907253125 0.3868250432692308 0.6840685336538462 0.3996802548076923 0.6912995913461538 0.4010826418269231 0.6965585432692307 0.40902950240384617 0.6969529639423077 0.4092632331730769 0.6952438052884615 0.41183427403846157 0.6888015913461539 0.4176775528846154 0.6817020072115384 0.4155739735576923 0.6778892668269231 0.4134703942307692 0.6703952620192308 0.41487278125 0.6646104158653846 0.41487278125 0.657379360576923 0.4132366610576923 0.6456781947115384 0.4020175673076923 0.6439690360576923 0.3943044399038461 0.6419969278846154 0.38472146153846154 0.6371323990384615 0.38168295673076924 0.6375268197115385
2 0.39594055769230774 0.7073393918269232 0.37537221634615386 0.7078652860576924 0.3795793774038462 0.7199608725961538 0.39056474038461536 0.7193035048076923 0.3940707091346154 0.7149648701923077 0.3985116009615384 0.7111521298076924 0.3999139879807692 0.70852265625 0.39594055769230774 0.7073393918269232
5 0.7175546105769232 0.6517259879807693 0.7138149134615385 0.6642159951923077 0.7198919230769231 0.6663195769230769 0.7306435552884616 0.6660566274038462 0.7364868341346154 0.6648733653846153 0.7327471346153847 0.6518574615384616 0.7175546105769232 0.6517259879807693
5 0.7138149134615385 0.6646104158653846 0.7079716346153847 0.6672398918269231 0.7023620865384615 0.6793354783653847 0.7072704399038462 0.6826223221153846 0.71545103125 0.672104420673077 0.7182558052884616 0.6668454711538462 0.7138149134615385 0.6646104158653846
5 0.611440670673077 0.6747338966346154 0.616115295673077 0.6709211586538462 0.6119081346153846 0.6663195769230769 0.6006890384615384 0.6602717836538462 0.5897036754807693 0.6665825240384616 0.6048961995192308 0.6748653701923076 0.611440670673077 0.6747338966346154
2 0.5417887908653847 0.7022119134615384 0.5438923701923077 0.6994509663461539 0.5443598341346154 0.69300875 0.5417887908653847 0.6903792764423078 0.5366467067307693 0.6855147451923076 0.5240252235576923 0.6855147451923076 0.5184156778846154 0.6818334807692307 0.5132735913461539 0.6857776947115385 0.5146759783653846 0.6918254879807691 0.540152673076923 0.7066820240384615 0.5443598341346154 0.7049728629807692 0.5417887908653847 0.7022119134615384
8 0.31343346394230764 0.6678972620192307 0.32067912980769225 0.6696064206730769 0.33002837500000004 0.6768374783653847 0.33633911538461536 0.6756542139423077 0.3393776201923077 0.6730247379807692 0.33610538461538464 0.6700008413461538 0.32909344951923075 0.6627697836538461 0.32745733173076924 0.6588255721153846 0.31740689423076923 0.6523833557692308 0.3146021201923077 0.6476503004807692 0.30829137740384616 0.6500168293269231 0.3033830240384615 0.6490965120192308 0.29824093990384615 0.6446264038461538 0.2945012403846154 0.64712440625 0.2935663173076923 0.652777778846154 0.31343346394230764 0.6678972620192307
2 0.3246525576923077 0.7123353942307692 0.3241850961538461 0.7108891826923076 0.32067912980769225 0.6976103317307693 0.32067912980769225 0.6922199086538462 0.31600450721153844 0.6818334807692307 0.30852511057692306 0.6786781105769231 0.3099274975961538 0.6740765288461539 0.31553704326923077 0.6700008413461538 0.31343346394230764 0.6675028389423077 0.30408421875 0.664741891826923 0.29520243509615385 0.6678972620192307 0.29216393028846155 0.6707896850961539 0.3127322692307692 0.7141760264423076 0.3246525576923077 0.7123353942307692
7 0.8885059879807693 0.5769045 0.8696509783653846 0.56972509375 0.8328111947115384 0.5591191514423077 0.8113454927884616 0.5597718245192308 0.7808874038461538 0.5703777668269231 0.7852385600961539 0.5837575721153846 0.8069943365384616 0.5973005432692308 0.826719576923077 0.6072538125 0.8426738149038461 0.6113330192307692 0.8600784374999999 0.6098645048076923 0.8713914423076923 0.6059484639423076 0.8858952932692308 0.5943635120192308 0.893727375 0.5870209375 0.8885059879807693 0.5769045
6 0.7826278653846154 0.6193282692307692 0.8075744927884615 0.6203072788461538 0.818017264423077 0.6173702475961539 0.8220783437500001 0.615901733173077 0.8165668798076923 0.60219559375 0.801772951923077 0.5953425240384616 0.7614522427884616 0.5946898485576922 0.7446277740384615 0.5946898485576922 0.7263529182692309 0.59207915625 0.7118490673076923 0.5973005432692308 0.6932841370192308 0.6147595552884615 0.6967650600961538 0.6207967836538462 0.7080780649038462 0.6216126249999999 0.7260628413461538 0.6219389615384615 0.7391163100961538 0.6185124278846155 0.75478046875 0.6186755961538462 0.7826278653846154 0.6193282692307692
12 0.6457115000000001 0.6145963870192308 0.6491924254807693 0.6129647043269231 0.6509328870192307 0.6088854951923077 0.6512229639423077 0.6057852956730769 0.6581848149038462 0.597790048076923 0.6596351995192309 0.5943635120192308 0.6555741201923078 0.5955056923076923 0.6480321177884616 0.6038272764423077 0.6422305769230768 0.6085591586538461 0.6422305769230768 0.6139437139423077 0.6457115000000001 0.6145963870192308
8 0.6813909783653845 0.5860419278846154 0.6944444447115384 0.5829417283653846 0.7101086057692307 0.5788625216346154 0.7246124567307692 0.5747833125 0.7376659230769231 0.5674407379807692 0.7463682355769231 0.5607508365384615 0.7542003149038461 0.5583033100961539 0.7486888509615385 0.5516134086538462 0.7428873100961538 0.5540609326923077 0.7391163100961538 0.5547136057692308 0.7115589903846153 0.5558557860576923 0.6729787427884616 0.5710304399038462 0.6619558149038463 0.5715199447115384 0.6477420408653847 0.5790256899038462 0.6523832740384615 0.5824522235576923 0.6567344278846154 0.5837575721153846 0.6544138125000001 0.5862050961538462 0.65876496875 0.5888157884615385 0.6619558149038463 0.5909369783653846 0.6723985889423076 0.5914264831730769 0.6813909783653845 0.5860419278846154
6 0.830490579326923 0.6351555985576923 0.8156966490384616 0.6198177740384616 0.7440476177884616 0.6194914375 0.7600018557692307 0.6628942139423077 0.8067042596153846 0.6700736225961539 0.8333913485576924 0.66632075 0.8377425048076923 0.6495144110576923 0.830490579326923 0.6351555985576923
11 0.6068411778846154 0.6253654975961538 0.6010396370192308 0.6225916346153846 0.5868258605769231 0.6185124278846155 0.5612990817307693 0.6203072788461538 0.5505662307692307 0.6274866850961539 0.5572380024038461 0.6408664903846154 0.5679708533653847 0.6529409471153845 0.5758029326923076 0.6562043125 0.5833449374999999 0.6491880745192307 0.5949480192307692 0.6418455 0.6068411778846154 0.6253654975961538
7 0.5560776947115385 0.6199809423076924 0.5787037043269231 0.6136173774038461 0.6184442596153846 0.5909369783653846 0.616123641826923 0.5780466802884615 0.6326580336538462 0.5692355889423077 0.6204747980769232 0.5534082596153846 0.5955281730769231 0.5343175649038462 0.5624593894230769 0.5357860793269231 0.5331616081730769 0.54524984375 0.5169172932692307 0.5623825192307692 0.51169590625 0.5785361850961539 0.5201081418269231 0.5904474735576923 0.5320013004807692 0.599911235576923 0.5169172932692307 0.6198177740384616 0.5282302980769231 0.6230811394230769 0.5560776947115385 0.6199809423076924
7 0.4620927307692308 0.6185124278846155 0.46760419471153847 0.6238969831730768 0.4774668149038461 0.6242233197115384 0.48790958894230774 0.6181860913461539 0.4916805913461539 0.6119856923076923 0.48790958894230774 0.6067643076923077 0.4942912836538461 0.6013797524038462 0.4989325168269231 0.5966478701923077 0.49313097596153843 0.5924054927884616 0.4754362764423077 0.5896316322115385 0.46731411778846155 0.5955056923076923 0.4681843509615385 0.5990953942307692 0.46093242307692306 0.6018692572115385 0.4565812692307692 0.6097013365384615 0.4499094951923077 0.6185124278846155 0.4620927307692308 0.6185124278846155
7 0.36636730769230774 0.6314027259615386 0.36085584374999996 0.6247128245192308 0.3594054591346154 0.6116593557692307 0.35331384134615385 0.60431678125 0.35157337740384614 0.6008902475961538 0.34200083413461535 0.5992585625 0.3388099879807692 0.59420034375 0.32981759855769227 0.5964847019230769 0.3318481394230769 0.6000744038461538 0.3245962139423077 0.6087223269230769 0.33010767788461537 0.6211231201923078 0.33590921634615384 0.6379294591346153 0.34403137500000003 0.6535936201923077 0.35505430288461537 0.6521251033653847 0.3594054591346154 0.6506565889423077 0.3686879230769231 0.6495144110576923 0.3710085408653846 0.6475563918269232 0.37129861778846157 0.6397243100961538 0.36636730769230774 0.6314027259615386
2 0.43714610576923074 0.5969742067307693 0.4368560288461539 0.5930581658653846 0.4243827163461538 0.5868577692307693 0.4249628701923077 0.58489975 0.41364986538461535 0.5790256899038462 0.3976956274038462 0.5796783629807692 0.38928339423076924 0.5692355889423077 0.37535969471153846 0.5783730168269231 0.3773902355769231 0.582615391826923 0.4098788629807692 0.5953425240384616 0.4182910985576923 0.5930581658653846 0.43134456490384615 0.5989322259615385 0.43714610576923074 0.5969742067307693
2 0.44207741586538457 0.5860419278846154 0.4501995721153846 0.5831048966346154 0.4525201899038462 0.5770676682692307 0.44526826201923075 0.5716831129807692 0.43424533653846153 0.55960865625 0.42409263942307696 0.5504712307692308 0.41858117548076923 0.5542241009615385 0.41510025 0.550960735576923 0.41132925 0.5450866754807693 0.4014666298076923 0.5400284567307693 0.39537501201923075 0.542965485576923 0.4066880168269231 0.55536628125 0.40958878605769233 0.5633615288461539 0.4235124855769231 0.5754359855769231 0.4336651826923077 0.586368264423077 0.44207741586538457 0.5860419278846154
2 0.3263366754807692 0.6364609447115386 0.3335886009615385 0.6307500528846154 0.3257565216346154 0.6132910408653847 0.32285575000000005 0.6105171778846153 0.31328320673076926 0.6309132211538462 0.31473359375 0.6358082716346154 0.31328320673076926 0.6434771826923077 0.3202450576923077 0.6439666875000001 0.3263366754807692 0.6364609447115386
11 0.07910275000000001 0.6417532740384615 0.08334039663461537 0.6416539543269231 0.08298725961538461 0.6385750384615385 0.08334039663461537 0.6281464519230769 0.05350029567307692 0.6304308100961538 0.051381473557692306 0.6400648365384616 0.061092747596153844 0.6445342283653847 0.07663078846153847 0.6453287884615384 0.07910275000000001 0.6417532740384615
8 0.2027007932692308 0.5693490985576923 0.19581461778846154 0.5660715408653846 0.1875158918269231 0.5688524975961539 0.18663304807692307 0.5769967259615385 0.18769245913461538 0.5830552379807693 0.1875158918269231 0.5861341538461539 0.19263638221153848 0.5879219110576923 0.19510834134615385 0.5874253125 0.1952849110576923 0.58365115625 0.1952849110576923 0.5797776826923077 0.1991694206730769 0.5767980865384615 0.20393677403846155 0.5749110096153847 0.2042899110576923 0.5730239326923077 0.2027007932692308 0.5693490985576923
5 0.7671907211538461 0.5678593004807693 0.7615405264423077 0.5756062475961539 0.7618936634615385 0.584247076923077 0.7661313100961539 0.5867300721153846 0.7716049375 0.5833531971153846 0.7737237620192308 0.5803736009615384 0.7760191538461538 0.5716334543269231 0.7735471923076923 0.5676606586538462 0.7671907211538461 0.5678593004807693
5 0.7571263100961538 0.5354810264423077 0.7541246442307692 0.5394538197115385 0.7624233701923077 0.54988240625 0.7753128798076923 0.5521667620192308 0.775666016826923 0.5470021298076924 0.7751363100961538 0.542532735576923 0.7744300360576923 0.5372687836538461 0.7675438605769231 0.5362755841346154 0.7571263100961538 0.5354810264423077
8 0.6059835576923077 0.5444198125 0.6114571850961539 0.54610825 0.6206387548076923 0.5463068894230769 0.6266420889423077 0.5446184519230769 0.6370596370192309 0.5445191322115385 0.6434161081730768 0.5449164134615384 0.6428864038461538 0.542930014423077 0.62681865625 0.5417381778846153 0.6151651274038461 0.5387585817307692 0.6051007139423077 0.5401490600961538 0.6059835576923077 0.5444198125
5 0.6492428725961539 0.5697463774038461 0.6520679711538461 0.56676678125 0.6490663052884614 0.5644824254807692 0.6360002259615385 0.5590198317307692 0.6307031658653847 0.5596157524038461 0.6298203245192308 0.56507834375 0.6345876778846153 0.5700443365384615 0.6435926778846154 0.5695477379807692 0.6492428725961539 0.5697463774038461
8 0.6474771874999999 0.5773940048076923 0.6517148341346153 0.582558639423077 0.6492428725961539 0.5880212307692307 0.658247875 0.5898089879807692 0.6684888557692308 0.5708388942307692 0.6653106201923078 0.56845521875 0.6729030697115385 0.5606089495192308 0.6792595408653846 0.5610062283653846 0.6794361105769231 0.55832459375 0.6817315024038462 0.5529613197115385 0.6875582668269231 0.5481939687499999 0.682084639423077 0.5460089302884615 0.6616026778846155 0.5444198125 0.6568353245192308 0.5529613197115385 0.6536570889423078 0.5613041899038461 0.6474771874999999 0.5725273317307692 0.6474771874999999 0.5773940048076923
5 0.6374127740384616 0.5592184711538462 0.6439458149038462 0.5620987475961539 0.6515382668269231 0.561900108173077 0.6616026778846155 0.5436252548076923 0.6428864038461538 0.5423340961538462 0.6374127740384616 0.5592184711538462
11 0.6165511250000001 0.5471133966346154 0.6382916346153846 0.5515103557692307 0.6529481586538461 0.5535714278846154 0.6815283822115384 0.5541210480769231 0.708642951923077 0.5450523245192308 0.7247651298076924 0.5329606923076923 0.7320933918269231 0.5248538004807692 0.7311162908653847 0.5056171129807692 0.7149941129807692 0.48899111778846155 0.6793299038461539 0.4823956826923077 0.6331618509615384 0.4880292836538462 0.6031159759615384 0.5013575600961538 0.5916350336538462 0.5215560841346154 0.6004289471153846 0.5395561274038462 0.6165511250000001 0.5471133966346154
7 0.7181696923076923 0.50122015625 0.6956963557692308 0.48569339903846154 0.6624749014423077 0.48418194711538465 0.64268859375 0.4992964879807692 0.6517267836538461 0.5159224807692308 0.6690703365384615 0.5317240480769231 0.6869024423076924 0.5329606923076923 0.7120628076923077 0.5249912067307693 0.7250094038461538 0.5219682980769231 0.7181696923076923 0.50122015625
12 0.8083073173076923 0.4878918798076923 0.8029332596153846 0.5056171129807692 0.7956049975961539 0.51070109375 0.7963378221153847 0.5166095072115385 0.8012233317307692 0.5193576033653846 0.8068416658653846 0.5164721009615385 0.8083073173076923 0.5113881201923077 0.8070859399038461 0.50754078125 0.8073302163461539 0.5036934447115384 0.8109943485576923 0.49517433894230767 0.8129485504807692 0.49009035817307695 0.8127042740384615 0.4877544735576923 0.8083073173076923 0.4878918798076923
8 0.8178340576923078 0.49957129567307695 0.8134371009615384 0.4933880745192308 0.7890095600961539 0.48624301923076924 0.7550552788461539 0.4779987259615384 0.7386888269230769 0.48844149759615385 0.7506583221153846 0.4940751009615385 0.7770400649038461 0.5016323701923077 0.7970706490384616 0.5060293269230769 0.8070859399038461 0.50438046875 0.8188111610576924 0.5057545168269231 0.82418521875 0.5065789471153846 0.8273608004807692 0.5036934447115384 0.8239409447115384 0.50108275 0.8178340576923078 0.49957129567307695
8 0.7684904278846154 0.4821208725961539 0.7892538365384615 0.4790979639423077 0.8112386225961538 0.47758650961538457 0.8290707283653845 0.47593765144230765 0.8342005120192308 0.4718155048076923 0.8310249302884615 0.4657696875 0.8041546370192307 0.4630215889423077 0.7860782572115385 0.46494525721153845 0.7577423100961538 0.46714373557692307 0.7604293389423076 0.48088422836538464 0.7684904278846154 0.4821208725961539
8 0.8723074735576923 0.5006705360576923 0.8774372572115384 0.49764762740384616 0.8720631995192308 0.49297586057692305 0.8735288509615384 0.48322011057692305 0.8662005889423077 0.4740139831730769 0.8556967475961539 0.46851778605769234 0.8561852980769231 0.4616475408653846 0.8498341370192308 0.45972387019230765 0.8320020336538462 0.4648078533653846 0.8329791346153846 0.4703040504807693 0.8395745697115384 0.4733269567307692 0.8432387019230769 0.4826704927884615 0.8486127596153845 0.4894033341346154 0.8605822548076923 0.494762125 0.8654677620192307 0.5017697764423077 0.8723074735576923 0.5006705360576923
5 0.8686433437500001 0.4799223942307692 0.8969792908653846 0.4790979639423077 0.9057732043269231 0.47607505528846156 0.9043075528846154 0.4679681658653846 0.8952693629807692 0.4637086129807692 0.8801242860576923 0.4664567115384616 0.8654677620192307 0.4704414543269231 0.8686433437500001 0.4799223942307692
8 0.8969792908653846 0.438426108173077 0.8757273293269231 0.4422734471153846 0.8762158798076923 0.4488688822115385 0.8964907403846154 0.4503803365384615 0.9060174807692308 0.45299103124999995 0.9280022668269231 0.45120476682692306 0.9480328509615384 0.45230400480769234 0.9548725625000001 0.44502154567307695 0.9487656754807693 0.4373268701923077 0.9289793677884616 0.43801389423076925 0.8969792908653846 0.438426108173077
5 0.6803070048076924 0.46274677884615384 0.7030246177884615 0.4674185456730769 0.7108414302884616 0.46384601923076924 0.7062001995192309 0.46123532451923077 0.7008261394230769 0.4553269134615385 0.6912993990384616 0.45092995673076924 0.6800627307692307 0.45573912740384614 0.6803070048076924 0.46274677884615384
5 0.7301391875000001 0.4933880745192308 0.7142612860576923 0.47978498798076924 0.7000933125 0.48349492067307687 0.7103528798076924 0.4881666875 0.7240323028846153 0.4977850336538462 0.7262307812500001 0.4992964879807692 0.7320933918269231 0.49792243750000004 0.7301391875000001 0.4933880745192308
5 0.6441542451923077 0.49599876923076924 0.6512382307692307 0.4925636466346154 0.6509939567307692 0.48926592788461537 0.6375588100961539 0.4792353701923077 0.6255893149038462 0.4821208725961539 0.626322141826923 0.48651782932692306 0.6331618509615384 0.4940751009615385 0.6360931562500001 0.4968231971153846 0.6441542451923077 0.49599876923076924
8 0.10357277163461538 0.4571131778846154 0.10064146634615384 0.4503803365384615 0.0925803798076923 0.44419711538461537 0.08622921875 0.44639559375000004 0.09355748076923076 0.4575253918269231 0.09868726442307693 0.4656322836538462 0.10577125 0.46893 0.1067483533653846 0.46975443028846153 0.11212241105769231 0.4696170240384615 0.11138958413461539 0.4672811418269231 0.11432088942307693 0.46260937500000004 0.10357277163461538 0.4571131778846154
2 0.06473298317307692 0.4208382788461539 0.07767957932692307 0.4469452139423077 0.08500784134615384 0.44708261778846153 0.09306893028846154 0.4437849014423077 0.09282465384615385 0.4395253485576923 0.0903819014423077 0.4370520600961539 0.09404603125 0.43512839182692303 0.09380175721153847 0.4312810528846154 0.09111472596153845 0.4208382788461539 0.08964907451923078 0.4157542980769231 0.08403074038461539 0.4149298677884615 0.0798780576923077 0.4112199350961539 0.07181696875 0.4101206971153846 0.06888566346153846 0.41685353846153844 0.06473298317307692 0.4208382788461539
5 0.9096816105769231 0.4376016802884616 0.9311778461538461 0.4377390841346154 0.9360633557692307 0.4205634711538462 0.9113915384615384 0.420700875 0.9096816105769231 0.4376016802884616
11 0.7684904278846154 0.4549146995192308 0.7745973125 0.45876203605769234 0.8305363798076922 0.4665941177884615 0.8456814543269231 0.44625818990384614 0.8422615985576923 0.4314184591346154 0.8112386225961538 0.4281207403846154 0.7792385456730769 0.4332047235576923 0.7709331802884616 0.4491436923076923 0.7684904278846154 0.4549146995192308
8 0.7149941129807692 0.4705788605769231 0.7074215745192307 0.47387657692307694 0.7142612860576923 0.47978498798076924 0.7228109254807692 0.4768994855769231 0.7428415096153846 0.47222771875 0.7702003557692307 0.4565635576923077 0.7723988341346154 0.44337268509615385 0.7631163677884616 0.4399375625 0.7428415096153846 0.44845666826923075 0.7211009975961539 0.46192235096153844 0.7149941129807692 0.4705788605769231
8 0.74845984375 0.4436474951923077 0.7345361466346154 0.43883832451923077 0.7098643293269231 0.4451589495192308 0.69618490625 0.45175438701923076 0.7083986778846154 0.4623345649038461 0.7132841850961539 0.4637086129807692 0.7396659278846154 0.4502429326923077 0.74845984375 0.4436474951923077
8 0.7181696923076923 0.4163039182692308 0.7147498365384616 0.41314360576923076 0.7032688942307692 0.41616651201923077 0.7054673725961538 0.420700875 0.7032688942307692 0.4259222620192308 0.7113299807692308 0.4418612331730769 0.7206124471153846 0.4421360408653846 0.7296506370192308 0.4385635144230769 0.7193910697115384 0.430456625 0.7257422307692308 0.4219375192307692 0.7181696923076923 0.4163039182692308
12 0.9431473413461539 0.3830519278846154 0.9314221225961539 0.3892351490384615 0.92873509375 0.3936321057692308 0.9331320504807692 0.39596799038461533 0.9407045889423077 0.3944565360576923 0.9451015456730769 0.39074660336538464 0.9487656754807693 0.38634964663461535 0.9487656754807693 0.3836015480769231 0.954139735576923 0.378792375 0.9622008245192308 0.37082288942307695 0.9673306081730769 0.36779998317307694 0.9639107524038462 0.3646396682692308 0.9431473413461539 0.3830519278846154
7 0.9490099519230769 0.3977542548076923 0.9497427788461539 0.4051741201923077 0.9429030673076924 0.41286879567307694 0.9548725625000001 0.41438025 0.9678191586538462 0.4169909423076923 0.9702619110576923 0.4224871394230769 0.9827199567307693 0.4238611875 0.992002423076923 0.4216627091346154 0.9983535841346154 0.42042606490384615 0.998597858173077 0.3819526899038461 0.9871169158653846 0.3822274975961539 0.9868726394230769 0.37824275721153844 0.954139735576923 0.37467022836538466 0.9556053870192307 0.38099085336538463 0.9514527067307692 0.3868992668269231 0.9485214014423077 0.3878611009615385 0.9490099519230769 0.3977542548076923
5 0.9275137163461539 0.3623037860576923 0.9184755264423077 0.37480763221153846 0.9267808894230769 0.3793419951923077 0.9319106730769231 0.37892978125000004 0.9387503846153845 0.3757694663461538 0.9468114735576924 0.37384579807692303 0.9504756033653846 0.37233434375 0.950231329326923 0.3661511225961539 0.9419259639423078 0.3595556875 0.9292236442307692 0.3581816394230769 0.9275137163461539 0.3623037860576923
5 0.8642463870192307 0.40929626682692305 0.8872082740384616 0.40957107692307687 0.8925823341346154 0.4046245 0.8889182019230769 0.3995405168269231 0.88427696875 0.3939069158653846 0.8740174014423077 0.39528096634615384 0.8652234879807692 0.40352525961538466 0.8642463870192307 0.40929626682692305
11 0.9216511057692307 0.35914347355769227 0.9050403798076924 0.3657389086538462 0.8955136370192308 0.3705480817307692 0.8845212451923078 0.37892978125000004 0.8808571129807692 0.3878611009615385 0.8874525504807692 0.39170843749999995 0.8984449423076923 0.3890977451923077 0.916277048076923 0.3764564927884615 0.9231167596153846 0.36807479326923076 0.9262923389423077 0.35996790144230767 0.9216511057692307 0.35914347355769227
11 0.8657120384615384 0.3646396682692308 0.7963378221153847 0.37989161538461536 0.8200325384615385 0.3838763581730769 0.8334676850961539 0.39610539423076924 0.8158798557692308 0.4124565793269231 0.8134371009615384 0.41451765384615386 0.8276050745192307 0.41369322355769234 0.8625364591346153 0.40902145673076923 0.8676662427884616 0.4010519711538461 0.8723074735576923 0.3939069158653846 0.8657120384615384 0.3646396682692308
9 0.830047829326923 0.40118937740384614 0.8285821778846153 0.3919832475961539 0.8210096394230769 0.38511300240384616 0.8041546370192307 0.37989161538461536 0.7916965913461538 0.38057863942307696 0.7726431081730769 0.3890977451923077 0.7694675288461539 0.40201380528846153 0.7767957908653845 0.4106703173076923 0.7968263750000001 0.4149298677884615 0.8092844206730769 0.4132810096153846 0.8249180456730769 0.40709778846153843 0.830047829326923 0.40118937740384614
10 0.7875439086538462 0.4002275432692307 0.8109943485576923 0.4010519711538461 0.815635579326923 0.3985786826923077 0.8166126826923077 0.3939069158653846 0.813681377403846 0.3911588173076923 0.7946278942307692 0.38799850480769227 0.7865668076923077 0.39088400721153843 0.7875439086538462 0.4002275432692307
12 0.7049788221153845 0.37851756490384614 0.6971620096153845 0.3803038293269231 0.6952078052884616 0.3838763581730769 0.6988719375 0.38648705048076926 0.7066887500000001 0.38593743028846156 0.7149941129807692 0.3826397139423077 0.7228109254807692 0.38099085336538463 0.7333147692307692 0.3794793990384615 0.7386888269230769 0.37824275721153844 0.7396659278846154 0.3765938966346154 0.7362460745192307 0.3768687067307692 0.7137727355769231 0.37989161538461536 0.7049788221153845 0.37851756490384614
7 0.6082457596153846 0.4447467355769231 0.6233908365384615 0.4106703173076923 0.5422914014423077 0.40201380528846153 0.5242150216346154 0.4039374759615385 0.5132226274038462 0.4852811850961538 0.57600140625 0.5032812283653846 0.5852838725961539 0.502869014423077 0.5855281466346154 0.5001209158653845 0.5931006850961539 0.47662467548076926 0.6082457596153846 0.4447467355769231
2 0.47804696874999997 0.45573912740384614 0.4726729110576923 0.4551895096153846 0.4653446490384615 0.4534032451923077 0.46363472115384613 0.44254825721153845 0.4538637043269231 0.4373268701923077 0.43896290384615383 0.43540320192307697 0.4338331201923077 0.4283955504807692 0.4262605841346154 0.4311436490384616 0.4338331201923077 0.44103680288461533 0.4350544975961539 0.4469452139423077 0.4553293557692308 0.46192235096153844 0.4668103004807692 0.46714373557692307 0.4756042139423077 0.4652200673076923 0.47755841826923073 0.4620597548076923 0.4756042139423077 0.45903684615384616 0.47804696874999997 0.45573912740384614
2 0.4240621057692308 0.45257881490384616 0.38937499759615385 0.4578002019230769 0.37960398076923074 0.4613727307692308 0.3769169519230769 0.46604449759615385 0.3818024591346154 0.4712658846153846 0.390596375 0.4720903125 0.3986574615384615 0.4709910745192308 0.4064742764423077 0.46879259615384616 0.4147796394230769 0.4665941177884615 0.41551246634615385 0.46260937500000004 0.42552775721153846 0.4551895096153846 0.4240621057692308 0.45257881490384616
2 0.3825352860576923 0.48624301923076924 0.40085593990384616 0.48830409375 0.42381782932692313 0.4843193509615385 0.4284590625 0.48322011057692305 0.43114609134615384 0.4755254375 0.42870333653846154 0.4679681658653846 0.40720710096153845 0.4734643629807692 0.3818024591346154 0.47731169951923075 0.3825352860576923 0.48624301923076924
2 0.34931382932692306 0.5085026153846154 0.34662680048076927 0.5094644495192308 0.35346651201923074 0.5127621682692308 0.3600619495192308 0.5150980528846154 0.37081006490384616 0.515785076923077 0.3747184735576923 0.5186705793269231 0.3842452139423077 0.5216934879807693 0.3891307211538461 0.5216934879807693 0.3923063028846154 0.5174339350961539 0.39303912740384617 0.5141362187499999 0.39768036057692313 0.5097392596153847 0.36397035576923076 0.5042430649038462 0.34931382932692306 0.5085026153846154
2 0.3366115096153846 0.5039682548076923 0.3366115096153846 0.5019071802884615 0.3339244807692308 0.4998461057692308 0.32855042067307694 0.4991590817307693 0.3180465793269231 0.50122015625 0.3202450576923077 0.5079529975961539 0.33783288701923075 0.5201820336538462 0.34003136538461537 0.5185331754807693 0.35346651201923074 0.5167469110576923 0.35322223798076924 0.5138614086538461 0.34516114903846157 0.5089148317307692 0.3366115096153846 0.5039682548076923
2 0.3173137524038462 0.5054797091346154 0.31169541826923075 0.5058919230769231 0.3036343293269231 0.5087774254807692 0.30143585096153847 0.5141362187499999 0.32708476923076923 0.5292507572115385 0.33587868269230764 0.5303499975961539 0.3507794831730769 0.5384568870192308 0.3556649903846154 0.5376324591346153 0.35468788942307694 0.5347469543269231 0.3405199158653846 0.5248538004807692 0.3366115096153846 0.5201820336538462 0.3173137524038462 0.5054797091346154
8 0.30851983653846154 0.5053423028846153 0.29899309615384617 0.5065789471153846 0.2789625144230769 0.5258156346153846 0.2860465 0.5310370216346154 0.2972831682692308 0.5282889230769231 0.30241295192307693 0.5227927283653846 0.3058328076923077 0.51729653125 0.30680990865384616 0.5083652115384616 0.31218396875 0.5049300889423077 0.30851983653846154 0.5053423028846153
8 0.2909320096153846 0.4873422596153846 0.2872678774038462 0.4899529519230769 0.28091671634615384 0.5006705360576923 0.27676403365384616 0.5052048990384616 0.2787182379807692 0.5094644495192308 0.2880007043269231 0.5100140697115385 0.2943518653846154 0.509327045673077 0.29752744471153847 0.5060293269230769 0.3048557067307692 0.49668579326923074 0.2972831682692308 0.4950369350961538 0.2909320096153846 0.4873422596153846
8 0.27505410576923073 0.5210064639423077 0.27529838221153846 0.5087774254807692 0.26992432451923076 0.5027316105769231 0.2647945408653846 0.5031438245192308 0.2608861346153846 0.5116629302884615 0.25722200240384613 0.5270522788461538 0.2701685985576923 0.5266400649038462 0.27505410576923073 0.5210064639423077
8 0.2923976610576923 0.47002924038461535 0.28384802163461537 0.47250252884615385 0.2787182379807692 0.48184606249999995 0.27456555528846155 0.49077738221153844 0.2687029471153846 0.494762125 0.27065714903846155 0.5019071802884615 0.27138997596153847 0.5061667331730769 0.27456555528846155 0.5074033774038461 0.2782296875 0.502869014423077 0.28409229807692304 0.49462471874999997 0.2897106322115385 0.4873422596153846 0.2972831682692308 0.4755254375 0.2923976610576923 0.47002924038461535
8 0.2110539495192308 0.49517433894230767 0.21056539903846155 0.5001209158653845 0.21813793750000002 0.5025942043269231 0.22522192548076925 0.5017697764423077 0.22888605528846154 0.4983346514423077 0.2269318533653846 0.47758650961538457 0.22155779326923078 0.4768994855769231 0.21471808173076923 0.4762124615384616 0.20958829807692309 0.4799223942307692 0.2110539495192308 0.49517433894230767
8 0.28751215384615386 0.40586114423076924 0.28946635576923074 0.39885349278846155 0.28702360096153845 0.3890977451923077 0.2801838894230769 0.38744888461538457 0.27090142548076923 0.3873114807692308 0.26943577163461535 0.39294508173076925 0.2718785264423077 0.40256342548076923 0.27138997596153847 0.41094512499999997 0.2755426586538462 0.4163039182692308 0.27627548317307693 0.41973904086538466 0.2816495432692308 0.4202886610576923 0.28531367307692307 0.4169909423076923 0.28751215384615386 0.40586114423076924
8 0.2276646778846154 0.43966275240384617 0.2237562716346154 0.43581541586538464 0.21862648798076922 0.43031921875 0.2061684423076923 0.42413599759615384 0.19151191826923078 0.41754056250000005 0.18320655528846153 0.4230367596153846 0.18296227884615385 0.42715890624999997 0.18833633894230767 0.4297695985576923 0.1944432235576923 0.4316932692307692 0.2003058317307692 0.43526579567307694 0.20885547115384615 0.4389757283653846 0.21276387740384614 0.44172382692307693 0.21813793750000002 0.44199863701923076 0.22424482211538463 0.4437849014423077 0.2276646778846154 0.43966275240384617
10 0.11309951201923077 0.4704414543269231 0.10064146634615384 0.4674185456730769 0.09917581490384617 0.47002924038461535 0.10186284375 0.48157125240384613 0.11309951201923077 0.48157125240384613 0.11505371634615386 0.47758650961538457 0.11505371634615386 0.4727773389423077 0.11309951201923077 0.4704414543269231
10 0.20543561538461536 0.4549146995192308 0.21447380528846155 0.45821241586538464 0.22351199759615387 0.45876203605769234 0.22815322836538462 0.4506551466346154 0.22961888221153848 0.44653299999999996 0.21691656009615384 0.4422734471153846 0.20543561538461536 0.4549146995192308
2 0.3080312860576923 0.4238611875 0.3026572283653846 0.41987644471153845 0.3033900528846154 0.41740315625 0.2916648341346154 0.41754056250000005 0.29288621153846156 0.4216627091346154 0.2916648341346154 0.4253726418269231 0.29142056009615386 0.4294947884615385 0.30045875 0.44529635576923077 0.3143824471153846 0.44570856971153844 0.31560382451923075 0.4362276298076923 0.31218396875 0.42921998076923074 0.3080312860576923 0.4238611875
5 0.9793001009615385 0.3388075456730769 0.9902924951923077 0.33702128124999997 0.9885825673076922 0.32286857451923073 0.9719718389423077 0.3212197163461538 0.9587809687500001 0.33592204086538463 0.9793001009615385 0.3388075456730769
7 0.8676662427884616 0.36807479326923076 0.8832998677884615 0.3704106754807693 0.9016205240384616 0.36725036298076924 0.9258037884615384 0.35749461298076923 0.9441244447115384 0.34718924519230765 0.9553611129807693 0.3393571658653846 0.9526740817307692 0.3346853966346154 0.9192083533653845 0.30225783653846156 0.9089487860576924 0.3043189110576923 0.8630250096153845 0.3579068293269231 0.8676662427884616 0.36807479326923076
5 0.6575893918269231 0.3344105889423077 0.6592993197115384 0.3476014591346154 0.6658947572115385 0.35667018509615384 0.6739558437500001 0.35749461298076923 0.6822612091346154 0.3539220865384615 0.6737115697115384 0.32973881971153846 0.6575893918269231 0.3344105889423077
7 0.3588405721153846 0.31544870913461537 0.32415346394230765 0.3203952860576923 0.3099854903846154 0.335235016826923 0.31022976442307687 0.34334190625 0.32000078125000003 0.3519984158653846 0.3251305649038461 0.3547465144230769 0.3302603485576923 0.35625796875 0.3473596274038462 0.35378468028846155 0.35713064423076923 0.35213582211538463 0.3683673125 0.3506243677884615 0.37496274759615383 0.3480136754807692 0.37935970432692306 0.34073121394230765 0.3786268798076923 0.3381205216346154 0.3588405721153846 0.31544870913461537
8 0.31853512980769233 0.38044123557692305 0.31535954807692307 0.36848700721153843 0.30094730048076923 0.3662885288461538 0.2911762836538462 0.3709602956730769 0.29215338461538465 0.3815404735576923 0.30387860576923076 0.38744888461538457 0.3065656346153846 0.3925328677884616 0.31316106971153845 0.393357295673077 0.31218396875 0.38648705048076926 0.31389389663461537 0.38497559615384613 0.31853512980769233 0.38044123557692305
13 0.19957300721153848 0.37535725240384615 0.20299286298076924 0.36299081009615386 0.18858061298076922 0.35213582211538463 0.1678172043269231 0.3513113918269231 0.15413778125000002 0.35763201923076926 0.14876372115384615 0.3632656201923077 0.1455881418269231 0.3661511225961539 0.1455881418269231 0.37343358413461536 0.14949654807692309 0.38126566346153845 0.16024466586538463 0.3866244567307692 0.17538974038461538 0.3868992668269231 0.1902905408653846 0.3826397139423077 0.19957300721153848 0.37535725240384615
8 0.12946596634615384 0.35914347355769227 0.1336186466346154 0.36876181730769225 0.14485531490384615 0.3671129567307692 0.15609198557692305 0.35405949038461537 0.14778662019230768 0.35378468028846155 0.12946596634615384 0.35914347355769227
7 0.15291640384615385 0.3528228461538462 0.15535915865384614 0.3477388653846154 0.15511488221153844 0.3422426682692308 0.15145075240384615 0.3375709014423077 0.15267212980769232 0.3334487524038462 0.15487060817307693 0.3252044591346154 0.15218357692307694 0.32218155048076924 0.14583241826923077 0.3258914831730769 0.13142016826923075 0.3349602067307692 0.12677893509615384 0.3423800721153846 0.12971024038461537 0.34883810336538457 0.13752705288461536 0.35089917788461544 0.14045835817307692 0.35570835096153847 0.14876372115384615 0.356395375 0.15291640384615385 0.3528228461538462
0 0.26674874278846156 0.34457855288461536 0.3007030240384615 0.3192960480769231 0.2960617908653846 0.29250208894230767 0.28751215384615386 0.29387613701923077 0.2618632355769231 0.3164105432692308 0.26674874278846156 0.34457855288461536
7 0.07792385336538461 0.39005957932692303 0.07938950721153847 0.38634964663461535 0.07963378125000001 0.37975420913461544 0.07328262259615384 0.37700611298076925 0.06888566346153846 0.37398320432692306 0.06766428846153846 0.3669755528846154 0.06619863461538461 0.36257859615384613 0.06864138942307693 0.3592808774038462 0.057160444711538465 0.35570835096153847 0.055206242788461535 0.36134195192307694 0.05471768990384615 0.3697236514423077 0.05422913942307693 0.3873114807692308 0.06571008413461538 0.3899221730769231 0.07792385336538461 0.39005957932692303
8 0.4560621826923077 0.24839511057692307 0.4616805168269231 0.24317372355769232 0.4643675456730769 0.23863936057692306 0.4567950096153846 0.23657828846153844 0.42088652403846155 0.26034933894230766 0.42723768509615384 0.2639218653846154 0.43114609134615384 0.26460889182692304 0.44629116586538464 0.25416611778846154 0.4560621826923077 0.24839511057692307
13 0.13117589182692307 0.24083784134615385 0.13068734134615384 0.22366222596153845 0.12067205048076923 0.2141812860576923 0.10161856971153846 0.20895989903846154 0.08940479807692309 0.21830343509615385 0.10113001682692307 0.2387767668269231 0.10625980048076923 0.24193707932692307 0.10748117788461539 0.2433111298076923 0.10723690384615384 0.25169282932692305 0.10992393269230769 0.2585630745192308 0.11285523798076923 0.2618607932692308 0.12116060096153847 0.25636459615384616 0.13117589182692307 0.24083784134615385
0 0.0642444326923077 0.23754012259615387 0.048366531250000004 0.2518302331730769 0.06742001201923077 0.28054786057692305 0.07596965144230769 0.27766235817307694 0.09697733653846154 0.25306687740384615 0.10259567067307693 0.23850195673076924 0.0781681298076923 0.2056621826923077 0.06961849038461539 0.2275095625 0.0642444326923077 0.23754012259615387
0 0.07157269471153846 0.22558589423076925 0.05911464903846154 0.208272875 0.024671817307692308 0.22778437259615383 0.013190872596153844 0.24454777403846156 0.03712986057692307 0.2845326033653846 0.06229022836538462 0.26708218028846153 0.07157269471153846 0.22558589423076925
2 0.02613746875 0.3028074567307692 0.047145153846153844 0.28631886778846155 0.0625345048076923 0.2767005240384615 0.0664429110576923 0.27463944951923075 0.06131312740384615 0.2707921129807692 0.04421384855769231 0.2808226706730769 0.0014656514423076923 0.3102273221153846 0.003419855769230769 0.31544870913461537 0.007572538461538462 0.31544870913461537 0.02613746875 0.3028074567307692
2 0.013190872596153844 0.34677703125 0.01832065625 0.3432045024038462 0.022717612980769228 0.33674647115384615 0.03371000480769231 0.3223189543269231 0.043725298076923075 0.30624257932692306 0.055206242788461535 0.2876929158653846 0.058870372596153846 0.2801356466346154 0.052763487980769234 0.2827463389423077 0.050809283653846155 0.28439519951923076 0.01465652403846154 0.3389449495192308 0.009282466346153847 0.34554038701923073 0.013190872596153844 0.34677703125
7 0.11969494951923076 0.3187464278846154 0.1287331394230769 0.31036472836538465 0.13484002403846154 0.31654794951923076 0.14436676442307692 0.32273117067307694 0.14974082451923076 0.3219067403846154 0.15218357692307694 0.3153113052884615 0.1536492307692308 0.3072044134615385 0.14314538701923077 0.3052807451923077 0.1436339375 0.30047157451923073 0.135817125 0.29497537740384616 0.1201835 0.2909906346153846 0.10308422115384615 0.2915402548076923 0.09526740865384616 0.2978608798076923 0.10113001682692307 0.31654794951923076 0.11969494951923076 0.3187464278846154
7 0.001954204326923077 0.36395264423076923 0.011969495192307692 0.38016642548076923 0.02662601923076923 0.37700611298076925 0.03810696394230769 0.37302137019230763 0.047145153846153844 0.3721969399038461 0.03371000480769231 0.35831904326923075 0.001954204326923077 0.36395264423076923
0 0.12311480528846154 0.25636459615384616 0.15316068028846155 0.24935694471153846 0.17880959615384617 0.24070043509615385 0.1858935841346154 0.2363034783653846 0.18540503365384617 0.22957063701923078 0.1807638004807692 0.2317691153846154 0.17074850961538462 0.23561645432692307 0.15951184134615384 0.2378149326923077 0.1516950264423077 0.2324561394230769 0.14021408173076924 0.2174790048076923 0.1382598798076923 0.21129578365384616 0.13117589182692307 0.20744844471153845 0.13093161778846155 0.24605922596153845 0.12311480528846154 0.25636459615384616
7 0.1680614783653846 0.2363034783653846 0.18174090144230767 0.2332805697115385 0.18613785817307693 0.22682253846153846 0.17661111778846153 0.21802862499999998 0.1792981466346154 0.21088356971153846 0.1717256105769231 0.20648661057692308 0.15487060817307693 0.20964692548076924 0.14192400961538462 0.21651717067307694 0.14338966346153847 0.2247614639423077 0.15291640384615385 0.2335553798076923 0.1582904639423077 0.23602866826923077 0.1680614783653846 0.2363034783653846
8 0.7721545576923077 0.18738732692307694 0.7594522379807693 0.1880743533653846 0.7494369447115384 0.20263927403846155 0.7467499158653846 0.21225761778846156 0.7411315817307693 0.22764696874999998 0.7565209326923077 0.22847139903846153 0.7645820216346154 0.21981488701923077 0.7728873846153845 0.20978432932692306 0.7853454302884615 0.19041023557692308 0.7721545576923077 0.18738732692307694
2 0.44018428125 0.22517368028846155 0.45142094951923073 0.23053247115384617 0.45655073317307693 0.23231873557692306 0.4597263149038462 0.23231873557692306 0.45948203846153846 0.22847139903846153 0.45190949999999996 0.21954007932692307 0.4458026153846154 0.20937211538461536 0.42968043990384613 0.2056621826923077 0.41013840625000003 0.19837972115384617 0.41551246634615385 0.19618124278846152 0.41575674038461535 0.1880743533653846 0.4006116658653846 0.19508200240384616 0.3998788389423077 0.19865453125000002 0.40867275480769233 0.2008530096153846 0.4164895673076923 0.21102097355769228 0.42455065625000005 0.21844083894230767 0.43261174278846154 0.21995229326923077 0.44018428125 0.22517368028846155
0 0.26528309134615385 0.23685309855769232 0.2733441778846154 0.22957063701923078 0.2774968605769231 0.21981488701923077 0.27432128125 0.21280723798076923 0.2557563509615385 0.1926087139423077 0.23426011538461539 0.19686826682692307 0.23767996875 0.22256298557692308 0.2156951826923077 0.2229752019230769 0.21618373317307693 0.24495998798076923 0.24280975240384617 0.24660884615384615 0.2564891754807692 0.2472958701923077 0.26528309134615385 0.23685309855769232
6 0.2877564278846154 0.3572198028846154 0.2679701201923077 0.35763201923076926 0.24916091346153849 0.3585938533653846 0.24598533413461537 0.3631282163461539 0.25087084134615384 0.36725036298076924 0.32928324759615385 0.3669755528846154 0.33074889903846155 0.35598315865384617 0.32415346394230765 0.35570835096153847 0.31487099759615383 0.35680758894230774 0.2877564278846154 0.3572198028846154
9 0.20812264663461538 0.2549905456730769 0.20909974759615385 0.2639218653846154 0.2276646778846154 0.26845622836538463 0.2418326514423077 0.26048674278846157 0.23767996875 0.2545783317307692 0.23401583894230768 0.24976915865384616 0.23059598317307695 0.2474332764423077 0.22326772115384616 0.2472958701923077 0.20812264663461538 0.2549905456730769
7 0.5694059711538462 0.11263905288461538 0.5488868365384616 0.11964670432692308 0.5437570528846154 0.1373719375 0.5501082139423077 0.14053225240384615 0.5457112572115385 0.16402849278846154 0.5510853149038462 0.1713109519230769 0.5444898798076923 0.17708195913461539 0.556459375 0.19027283173076923 0.5750243052884616 0.1953568125 0.5869938004807692 0.19865453125000002 0.5935892355769231 0.20195225 0.6006732235576924 0.19769269711538462 0.6104442379807693 0.19659345673076922 0.6167953990384615 0.1932957403846154 0.6150854711538462 0.19027283173076923 0.6043373533653846 0.185875875 0.6053144567307692 0.17900562740384615 0.6053144567307692 0.17392164663461537 0.6055587307692307 0.1641658966346154 0.6104442379807693 0.15372312259615384 0.6114213413461539 0.1434177548076923 0.6131312692307692 0.13270017067307693 0.6045816298076923 0.11731081971153846 0.5970090913461539 0.11085279086538462 0.5694059711538462 0.11263905288461538
11 0.30558853365384614 0.16828804567307692 0.2933747620192308 0.16347887259615385 0.27945106490384614 0.16718880528846156 0.27432128125 0.17708195913461539 0.2765197596153846 0.18326518028846153 0.2782296875 0.18477663461538463 0.28531367307692307 0.1796926514423077 0.28922208173076924 0.17996746153846152 0.2882449783653846 0.18463923076923078 0.2958175168269231 0.18505144471153848 0.3033900528846154 0.18450182451923075 0.3075427355769231 0.17763157932692308 0.30558853365384614 0.16828804567307692
13 0.10772545432692307 0.1655399471153846 0.10235139423076924 0.16196741826923075 0.09306893028846154 0.16292925240384618 0.0903819014423077 0.16952468990384617 0.08818342067307693 0.17886822355769233 0.08867197355769231 0.18560106490384615 0.09404603125 0.19082245192307695 0.09697733653846154 0.1877995432692308 0.10161856971153846 0.1842270144230769 0.10552697596153847 0.17612012500000002 0.10772545432692307 0.1655399471153846
9 0.07865668028846154 0.16196741826923075 0.06546580769230768 0.16897506971153844 0.06302305528846154 0.17543310096153847 0.06986276682692308 0.17914303365384615 0.07938950721153847 0.18216594230769229 0.08769487019230769 0.1807918918269231 0.08769487019230769 0.17680714903846154 0.09062617548076922 0.16595216105769228 0.08867197355769231 0.16114298798076923 0.07865668028846154 0.16196741826923075
8 0.05105356009615385 0.14547882932692308 0.05129783413461538 0.1410818701923077 0.04470239903846154 0.14066965625 0.019786307692307693 0.15303609855769232 0.02247333653846154 0.15729565144230767 0.03175580288461539 0.15550938701923078 0.043725298076923075 0.1493261658653846 0.05105356009615385 0.14547882932692308
13 0.018809206730769232 0.17570791105769232 0.02198478605769231 0.16801323557692308 0.02564891826923077 0.16430330288461537 0.011969495192307692 0.16073077403846153 0.0007328269230769231 0.1652651370192308 0.0017099278846153846 0.18024227163461537 0.005618334134615385 0.1831277764423077 0.01636645192307692 0.18010486778846155 0.018809206730769232 0.17570791105769232
6 0.0009771009615384615 0.16183001442307693 0.005862610576923077 0.16237963221153845 0.012458045673076922 0.15963153605769229 0.016855002403846155 0.15344831490384617 0.026870295673076923 0.15056281009615385 0.025404641826923077 0.1336620048076923 0.028335947115384615 0.13022688221153847 0.009282466346153847 0.12981466826923077 0.0012213774038461538 0.12967726442307692 0.0009771009615384615 0.16183001442307693
10 0.011480944711538462 0.111814625 0.00830536298076923 0.11676120192307692 0.011480944711538462 0.1256925216346154 0.03053442548076923 0.12830321394230768 0.03444283173076923 0.12431847115384616 0.03688558653846154 0.11717341586538461 0.031511526442307695 0.11415050721153847 0.019542033653846155 0.11099019471153845 0.011480944711538462 0.111814625
9 0.017343552884615386 0.18889878124999998 0.00732826201923077 0.19082245192307695 0.0041526826923076925 0.19783010096153844 0.005862610576923077 0.2047003485576923 0.015877901442307694 0.2067614206730769 0.024671817307692308 0.20442553846153844 0.02931304807692308 0.19879193509615384 0.031511526442307695 0.19466978846153846 0.02516036778846154 0.19137206971153847 0.017343552884615386 0.18889878124999998
9 0.07010704086538462 0.13036428846153847 0.0720612451923077 0.14575363942307692 0.07694675240384616 0.14795211778846154 0.08500784134615384 0.1430055408653846 0.08500784134615384 0.13627269951923077 0.08329791346153846 0.12871542788461537 0.07377117307692307 0.1261047355769231 0.07010704086538462 0.13036428846153847
6 0.1160308173076923 0.10494437740384616 0.10748117788461539 0.10274589903846154 0.08622921875 0.0994481826923077 0.08232081249999999 0.10233368509615384 0.07865668028846154 0.11208943509615385 0.08158798557692307 0.12033372836538461 0.08842769711538462 0.12321923317307691 0.11163386057692308 0.12335663701923077 0.11749647115384615 0.1218451826923077 0.12116060096153847 0.11401310336538462 0.1160308173076923 0.10494437740384616
10 0.8588723269230769 0.040776283653846154 0.8740174014423077 0.03308160817307692 0.8767044326923077 0.01205865625 0.8439715264423077 0.0150815625 0.8473913822115384 0.03500527644230769 0.8588723269230769 0.040776283653846154
7 0.13996980769230769 0.08859319471153845 0.14607669230769232 0.08859319471153845 0.15731336057692308 0.09244053125 0.16732865384615386 0.08735655048076924 0.17221416105769233 0.08515806971153846 0.17685539423076924 0.07622675 0.17905387259615385 0.06866948076923077 0.17709966826923076 0.06482214423076924 0.16659582692307692 0.06111221153846154 0.1563362596153846 0.05987556730769231 0.14436676442307692 0.06221144951923077 0.14290111298076924 0.0693565048076923 0.13996980769230769 0.07526491586538461 0.13630567548076925 0.07540232211538461 0.13142016826923075 0.07801301442307693 0.13239726923076922 0.08515806971153846 0.13996980769230769 0.08859319471153845
13 0.11578654326923078 0.03953963942307692 0.11798502163461538 0.03486787019230769 0.1199392235576923 0.03198236778846154 0.11945067307692307 0.025524336538461537 0.10113001682692307 0.021951810096153844 0.09600023557692308 0.023325858173076922 0.09477885817307692 0.036791540865384616 0.10577125 0.03857780528846154 0.11578654326923078 0.03953963942307692
6 0.02931304807692308 0.06660840625 0.03737413701923077 0.06386030769230769 0.042992471153846155 0.053554939903846153 0.02076340865384615 0.03899001923076923 0.017099278846153844 0.03899001923076923 0.0021984783653846156 0.05630303846153846 0.008549639423076922 0.0639977139423077 0.016610728365384617 0.06317328365384615 0.02931304807692308 0.06660840625