0 0.847757516826923 0.39011936298076927 0.8607630192307693 0.38831647115384615 0.8971140120192308 0.3752820360576923 0.8868699519230769 0.3449982980769231 0.8781676418269231 0.31250966826923077 0.8694653293269231 0.2707385745192308 0.8433583966346153 0.2769268846153846 0.8224728485576923 0.2862093509615385 0.8276942355769231 0.3295275216346154 0.8390072403846154 0.36356322836538457 0.847757516826923 0.39011936298076927
13 0.9445952836538462 0.11242097115384617 0.94575559375 0.10159142788461538 0.94575559375 0.11242097115384617 0.9448853605769231 0.12531328365384614 0.9556182115384615 0.12376620673076923 0.9556182115384615 0.11860928125 0.9556182115384615 0.10932681490384615 0.9550380576923078 0.09385603846153846 0.9483662860576924 0.09334034615384615 0.9376334350961538 0.09798157932692307 0.9350227427884616 0.1067483533653846 0.9385036658653847 0.11190527644230769 0.9445952836538462 0.11242097115384617
6 0.8938318028846154 0.19132192548076923 0.9005035745192308 0.1939003894230769 0.9144272716346153 0.19132192548076923 0.9199387355769232 0.20369854567307694 0.9280608918269231 0.21349670432692308 0.9318318942307692 0.21298101201923075 0.9364731274038461 0.2042142403846154 0.9385036658653847 0.1975102355769231 0.9338624326923076 0.1897748485576923 0.9448853605769231 0.19905731490384618 0.9451754374999999 0.18668069471153848 0.93705328125 0.1768825360576923 0.9251601225961538 0.17017853365384614 0.9057249615384616 0.16192745192307692 0.8990531875 0.1593489903846154 0.8915111850961538 0.18049238221153846 0.8938318028846154 0.19132192548076923
0 0.8735264086538461 0.06239879567307693 0.8894806466346155 0.06085171875 0.8912211081730769 0.03712986057692307 0.8804882572115384 0.03712986057692307 0.8651141754807692 0.038161247596153844 0.8639538653846154 0.0453809423076923 0.8694653293269231 0.056726177884615384 0.8735264086538461 0.06239879567307693
6 0.8691752524038462 0.05724187019230769 0.8625034807692308 0.05053786778846154 0.8555416322115386 0.043318170673076924 0.8523507836538461 0.06239879567307693 0.8633737115384614 0.06704002884615384 0.8656943293269231 0.06910279807692307 0.8691752524038462 0.05724187019230769
7 0.8680149447115385 0.13665851923076924 0.8775874879807692 0.12531328365384614 0.8697554062499999 0.09746588701923077 0.8555416322115386 0.10159142788461538 0.8509003990384615 0.11860928125 0.8552515552884615 0.12531328365384614 0.8680149447115385 0.13665851923076924
7 0.9126868100961538 0.07271264663461538 0.9115265024038461 0.07993234134615385 0.912396733173077 0.08560495913461538 0.9176181201923076 0.08766772836538461 0.9298013557692308 0.09798157932692307 0.9338624326923076 0.09695019471153846 0.9347326658653846 0.08869911298076924 0.924870045673077 0.07941664903846155 0.9208089663461538 0.07374403125000001 0.9208089663461538 0.06755572115384614 0.9126868100961538 0.07271264663461538
9 0.9533775384615384 0.26042066346153847 0.9588456057692307 0.262211375 0.9611479495192307 0.25146710576923076 0.9612918461538461 0.24123446634615384 0.9581261225961538 0.23304835336538463 0.9552481923076923 0.22767621875 0.9504996081730769 0.22588550721153847 0.94474375 0.23176927403846154 0.9410024399038461 0.24276936057692305 0.9418658197115384 0.25428107932692307 0.9454632307692308 0.26297882451923077 0.9533775384615384 0.26042066346153847
9 0.9066111802884615 0.26451371875 0.9054600072115384 0.2752579903846154 0.9064672836538462 0.27960686298076926 0.9103524879807693 0.280630125 0.9174034158653845 0.28600226201923074 0.9215764158653846 0.28395573317307693 0.9251738269230769 0.27551380528846153 0.9269005841346154 0.26988585576923074 0.9287712379807692 0.2670718798076923 0.9284834471153847 0.26451371875 0.9234470697115384 0.25965321634615385 0.9189862788461538 0.25683924038461536 0.9132304182692308 0.25504852884615387 0.9077623509615385 0.2555601610576923 0.9068989735576923 0.2581183197115385 0.9066111802884615 0.26451371875
6 0.9335198221153846 0.28190920673076925 0.9365416490384615 0.30109540384615385 0.9388439927884615 0.30902569951923076 0.9500679182692308 0.3054442764423077 0.9579822259615385 0.3005837716346154 0.9555359855769231 0.2908627644230769 0.9621552235576923 0.28344410096153844 0.9556798822115385 0.27295564663461536 0.9519385745192307 0.26246719230769233 0.9460388173076922 0.2637462716346154 0.9412902331730769 0.26528116826923076 0.9335198221153846 0.2665602475961538 0.9313613749999999 0.27065330288461537 0.9335198221153846 0.28190920673076925
0 0.883731639423077 0.4044450576923077 0.8900630841346153 0.41595677644230766 0.8950994615384615 0.43079410336538465 0.9011431129807692 0.44179418990384617 0.9080501442307691 0.4366778701923077 0.9224397932692308 0.4259336009615385 0.9287712379807692 0.4215847283653846 0.9548165024038462 0.40188689903846153 0.9464705072115385 0.3786076442307692 0.9385561995192307 0.362235423076923 0.9325125480769232 0.34739809615384615 0.9247421370192307 0.33563056009615383 0.9211447259615385 0.33460729807692313 0.9159644519230769 0.3251421057692308 0.9103524879807693 0.31465365144230767 0.9053161129807693 0.3069791706730769 0.9004236322115384 0.3110722259615385 0.8904947740384616 0.31951415384615384 0.8824365697115385 0.3269328173076923 0.8815731923076923 0.3271886346153846 0.8866095697115385 0.3484213605769231 0.8946677716346154 0.3686308221153846 0.8974018052884615 0.3765611177884616 0.8791269519230769 0.3821890697115385 0.8671835432692307 0.3873053870192308 0.8710687475961538 0.3962589471153847 0.8746661610576923 0.3957473149038462 0.8753856418269231 0.40495668990384615 0.8776879855769231 0.40521250721153845 0.8801342259615385 0.4016310817307692 0.883731639423077 0.4044450576923077
13 0.8175392548076924 0.2361181466346154 0.8100566370192308 0.22767621875 0.8025740192307692 0.22511806009615384 0.7946597139423077 0.22690877163461537 0.7886160600961538 0.23304835336538463 0.7837235817307693 0.2394437548076923 0.7824285120192307 0.24276936057692305 0.7758092740384614 0.2394437548076923 0.7710606899038462 0.24097864903846153 0.766456002403846 0.24532752163461538 0.7651609326923077 0.2578625048076923 0.7676071730769232 0.2693742235576923 0.7735069302884615 0.2821650216346154 0.7819968221153846 0.2906069495192308 0.7922134735576923 0.29214184375 0.7979693317307692 0.2862580769230769 0.8040129855769231 0.2862580769230769 0.8119272908653846 0.28114175721153845 0.8176831514423076 0.27014167067307693 0.8207049783653846 0.26195556009615384 0.8211366682692307 0.2486531298076923 0.8175392548076924 0.2361181466346154
2 0.705443891826923 0.3023744831730769 0.7078901322115385 0.3123513076923077 0.7145093701923078 0.3095373317307692 0.7224236778846154 0.30876988221153845 0.7241504350961538 0.3026303004807692 0.7218480913461539 0.28779297355769234 0.7173873004807692 0.27372309375000003 0.7124948197115385 0.25965321634615385 0.7068828557692307 0.2576066875 0.7011269975961538 0.262211375 0.7025659615384616 0.27397891105769234 0.7028537548076923 0.28344410096153844 0.705443891826923 0.3023744831730769
8 0.9620113269230769 0.25990903125 0.9575505360576924 0.26246719230769233 0.9548165024038462 0.27014167067307693 0.9574066394230769 0.27551380528846153 0.9615796370192308 0.2801184927884615 0.9680549807692308 0.27218819951923073 0.9722279783653847 0.27090911778846155 0.9784155264423077 0.26732769471153844 0.9815812500000001 0.2663044302884615 0.9821568365384615 0.262211375 0.980861766826923 0.2583741370192308 0.9768326658653846 0.25939739903846154 0.975105908653846 0.2583741370192308 0.9712207019230769 0.2563276081730769 0.9650331538461538 0.25914158413461535 0.9620113269230769 0.25990903125
2 0.9374050288461538 0.41595677644230766 0.9471899903846153 0.42184054567307694 0.96086015625 0.4310499206730769 0.9735230456730769 0.4394918461538462 0.9903589350961539 0.45074775 0.9997122067307692 0.45791059855769234 1 0.4489570384615385 0.990790625 0.44307327163461535 0.9761131826923077 0.43309644711538464 0.9625869134615385 0.4236312572115385 0.9477655745192308 0.41391025000000004 0.9438803701923076 0.4113520889423077 0.9374050288461538 0.41595677644230766
13 0.8991285625000001 0.6768890721153846 0.8997041490384615 0.6830286562500001 0.9031576634615385 0.6891682403846153 0.9076184567307692 0.6912147668269231 0.9087696274038461 0.6837961033653847 0.9130865216346155 0.679447233173077 0.9185545889423078 0.6740750985576922 0.9192740721153847 0.6661448028846154 0.9156766586538462 0.656679610576923 0.9096330072115385 0.6559121634615385 0.904452733173077 0.6597494014423078 0.9004236322115384 0.6687029615384615 0.8991285625000001 0.6768890721153846
4 0.8779757788461539 0.6789356009615385 0.8917898413461539 0.6781681538461538 0.8927971177884615 0.6674238822115384 0.8932288076923077 0.6597494014423078 0.8746661610576923 0.6548888990384616 0.8733710913461539 0.6697262259615384 0.8722199206730769 0.6758658100961538 0.8779757788461539 0.6789356009615385
7 0.8163880841346154 0.6651215384615384 0.8254535625 0.6781681538461538 0.8250218725961538 0.6858426322115385 0.8281875961538462 0.6891682403846153 0.8309216274038461 0.6855868173076923 0.8345190408653846 0.6820053918269231 0.8343751442307692 0.6766332572115386 0.8378286586538461 0.674842545673077 0.8399871057692307 0.6799588653846154 0.8407065889423078 0.6730518341346153 0.8358141081730769 0.6658889855769231 0.82588525 0.6505400264423076 0.8205610817307692 0.64619115625 0.812790670673077 0.6551447139423078 0.8163880841346154 0.6651215384615384
8 0.6732110793269231 0.6170281346153845 0.6716282163461538 0.6254700624999999 0.6752256298076923 0.6290514855769231 0.6798303173076923 0.6300747499999999 0.6845789014423077 0.6234235336538462 0.6910542427884615 0.6119118149038462 0.6972417932692309 0.6032140721153846 0.7002636177884616 0.5957954086538462 0.6958028269230769 0.5873534807692308 0.6936443798076923 0.5840278725961539 0.6893274855769231 0.5891441923076923 0.6832838341346155 0.5991210168269231 0.6760890096153845 0.6114001826923077 0.6732110793269231 0.6170281346153845
5 0.6608359807692307 0.640563204326923 0.6595409134615384 0.645167891826923 0.6602603942307692 0.65079584375 0.6644333942307692 0.6561679783653845 0.6686063918269232 0.6579586899038462 0.6726354927884616 0.6469586033653846 0.6763768004807692 0.6372375961538462 0.6778157668269231 0.6351910697115385 0.6747939399038461 0.6285398533653846 0.6710526322115384 0.624446798076923 0.6660162548076923 0.6216328221153845 0.6650089783653846 0.6254700624999999 0.6634261177884616 0.6316096442307693 0.6608359807692307 0.640563204326923
0 0.6287470649038462 0.6482376826923077 0.6368052668269232 0.6528423701923077 0.6457268509615385 0.66000521875 0.6486047788461539 0.6492609471153846 0.6494681586538462 0.6374934134615385 0.6412660576923077 0.6318654615384616 0.631337201923077 0.6264933269230769 0.627595891826923 0.624446798076923 0.6260130312500001 0.6382608605769231 0.6287470649038462 0.6482376826923077
13 0.5155005288461538 0.8963791802884615 0.512047014423077 0.9137746658653847 0.5110397379807693 0.9424260576923077 0.5130542884615384 0.9595657259615386 0.5176589759615384 0.9741472379807692 0.52053690625 0.9721007091346153 0.5222636634615385 0.9639145985576923 0.5221197668269231 0.9488214567307692 0.526292766826923 0.9309143365384615 0.5298901778846153 0.9078908990384615 0.5221464158653846 0.9036651995192307 0.5155005288461538 0.8963791802884615
6 0.4877285072115385 0.9524028798076922 0.49247709134615386 0.9715890769230769 0.49535502163461537 0.9697983653846154 0.51132753125 0.9503563509615385 0.5103202572115385 0.9424260576923077 0.5107519447115385 0.9250305697115385 0.507442326923077 0.9283561778846153 0.49808905528846154 0.9380771850961539 0.4877285072115385 0.9524028798076922
7 0.48110926923076924 0.8692626874999999 0.4763606850961538 0.8792395096153847 0.47290716826923074 0.8858907259615385 0.47002924038461535 0.8910070456730769 0.46470506971153847 0.8986815240384616 0.46484896634615386 0.9186351706730769 0.4695975504807692 0.9362864735576923 0.4756412019230769 0.95675175 0.4783752355769231 0.966984389423077 0.48053368269230773 0.9805426370192307 0.48427499278846153 0.9912869086538462 0.48816019711538466 0.9917985408653845 0.4913259206730769 0.9815659014423077 0.4942038485576923 0.9769612139423077 0.49506722836538464 0.9828449807692308 0.5018303629807692 0.9815659014423077 0.5048521899038462 0.9744030528846154 0.50672284375 0.9674960216346153 0.5117592211538462 0.9600773581730769 0.5117592211538462 0.9488214567307692 0.5110397379807693 0.9396120817307693 0.5114714278846153 0.9201700673076924 0.5129103918269231 0.9012396850961538 0.5061472572115384 0.8879372524038461 0.4990963293269231 0.8805185889423076 0.49535502163461537 0.8835883822115385 0.49017474759615387 0.8769371658653846 0.48686512980769237 0.8710533990384615 0.48110926923076924 0.8692626874999999
7 0.4464302163461538 0.9257980168269231 0.4454229399038461 0.9327050504807691 0.45089100721153846 0.9393562644230768 0.45376893749999997 0.947542375 0.45247386778846155 0.9580308317307692 0.45448841826923075 0.9641704134615385 0.4500276274038461 0.9744030528846154 0.45261776442307694 0.9836124278846154 0.45117880048076925 0.9920543557692307 0.45117880048076925 0.9996751129807693 0.4575102451923077 0.9994730192307693 0.46484896634615386 0.9994730192307693 0.47326115384615386 0.9996751129807693 0.4757850985576923 0.9987055721153847 0.476792375 0.9892403798076923 0.4743461346153846 0.9718448942307693 0.4757850985576923 0.9582866466346154 0.46815858653846154 0.9327050504807691 0.46484896634615386 0.9309143365384615 0.4626905192307692 0.9362864735576923 0.45995648557692304 0.9352632091346155 0.45779803846153844 0.9298910745192307 0.45405673076923075 0.9268212812500001 0.4464302163461538 0.9257980168269231
4 0.27692015384615387 0.910704875 0.27015701923076924 0.9058443725961538 0.27001312259615384 0.9265654663461539 0.2714520889423077 0.9403795288461538 0.27217156971153844 0.9470307427884616 0.27404222596153843 0.957775014423077 0.27922249759615386 0.9687751009615385 0.2881440817307692 0.9654494951923076 0.29188538942307696 0.9639145985576923 0.2936121466346154 0.9539377740384616 0.29735345673076924 0.9503563509615385 0.29908021394230766 0.9373097379807693 0.29289266346153847 0.9275887307692308 0.28684901201923074 0.9206816995192307 0.27692015384615387 0.910704875
1 0.36444119471153846 0.8575393677884615 0.36173381009615385 0.8467098245192308 0.3278914879807692 0.8880225264423077 0.3064580168269231 0.9100827067307692 0.30758609375 0.9257253798076923 0.30961663461538463 0.9698457379807692 0.30961663461538463 0.9991256153846154 0.33804418509615386 0.9987245216346154 0.37278896875 0.9991256153846154 0.3955761322115385 0.9983234254807692 0.4158815240384615 0.9983234254807692 0.42851599278846153 0.9975212379807693 0.4319002235576923 0.9878949783653846 0.42829037499999995 0.9710490216346154 0.42625983653846156 0.9509943125 0.42851599278846153 0.9373571105769231 0.4314489927884615 0.9108848942307692 0.41700960096153844 0.9024619158653846 0.39083820673076924 0.9132914591346153 0.3806855096153846 0.9116870817307692 0.37685004807692307 0.8880225264423077 0.3707584278846153 0.8739842283653847 0.36444119471153846 0.8575393677884615
7 0.20560789903846155 0.20335475240384618 0.2006443581730769 0.2061624110576923 0.19838820192307693 0.20295365865384613 0.1909428918269231 0.20816788221153845 0.18079019471153845 0.21137663461538464 0.17402173076923078 0.2169919543269231 0.17424734615384616 0.2302280625 0.17447296153846154 0.23824994471153846 0.18349758173076922 0.2358433798076923 0.17943650240384615 0.24506854807692308 0.17402173076923078 0.25188714903846154 0.17424734615384616 0.24025541586538463 0.17199119230769233 0.23744775721153846 0.16567395913461538 0.23624447596153847 0.16589957451923076 0.2430630769230769 0.16228972596153846 0.2514860528846154 0.1613872644230769 0.2558980889423077 0.16815572836538462 0.2506838653846154 0.17221680769230768 0.2554969951923077 0.18056457932692307 0.25710137259615384 0.19274781490384615 0.2647221610576923 0.19635766346153846 0.26231559615384614 0.20086997355769232 0.25910684375000004 0.20493105288461538 0.25910684375000004 0.20989459134615382 0.2558980889423077 0.21215074759615385 0.2482773004807692 0.20741282211538462 0.23824994471153846 0.2076384375 0.2270193076923077 0.21192513221153847 0.21939851923076922 0.20921774519230768 0.20816788221153845 0.20560789903846155 0.20335475240384618
8 0.17086311538461538 0.2679309158653846 0.1749241923076923 0.2699363870192308 0.18733304567307693 0.2739473293269231 0.1931990480769231 0.2779582692307692 0.2010955889423077 0.2707385745192308 0.19816258653846155 0.2679309158653846 0.19522958653846154 0.2631177860576923 0.18800989182692307 0.25870575 0.17695473317307692 0.25710137259615384 0.17221680769230768 0.2546948076923077 0.17086311538461538 0.2679309158653846
7 0.2834452379807692 0.26271668990384617 0.2879575480769231 0.2675298221153846 0.30239693990384614 0.2639199735576923 0.31074471153846156 0.2595079375 0.32270233173076923 0.25830465384615386 0.3265377956730769 0.24025541586538463 0.3292451802884615 0.21739304807692308 0.3276658725961538 0.19934381009615385 0.3208974086538462 0.18450332451923077 0.31074471153846156 0.18931645432692307 0.2978846298076923 0.20014599759615384 0.28931124038461536 0.21217882451923076 0.2818659302884615 0.2358433798076923 0.2834452379807692 0.26271668990384617
8 0.28231716105769233 0.20856897596153848 0.2863782403846154 0.2069645985576923 0.28840877884615385 0.20816788221153845 0.29450039663461536 0.20295365865384613 0.2992383221153846 0.19693724519230768 0.3071348629807692 0.18731098557692308 0.3019457091346154 0.1764814423076923 0.2956284735576923 0.1816956658653846 0.28931124038461536 0.18971755048076921 0.2836708533653846 0.19814052644230767 0.28051223798076924 0.20375584615384618 0.28231716105769233 0.20856897596153848
8 0.2550176875 0.23223353365384616 0.25434084134615387 0.24025541586538463 0.2622373846153846 0.23985432211538463 0.2687802331730769 0.23784885096153846 0.27780485096153845 0.23784885096153846 0.2820915456730769 0.2358433798076923 0.2836708533653846 0.22621712019230772 0.28028662259615383 0.2270193076923077 0.2764511586538462 0.22381055528846155 0.2687802331730769 0.22381055528846155 0.2579506899038461 0.2218050841346154 0.2550176875 0.22381055528846155 0.2550176875 0.23223353365384616
7 0.2660728461538462 0.23744775721153846 0.2640423076923077 0.23784885096153846 0.2640423076923077 0.24546964182692307 0.25930438221153845 0.2514860528846154 0.2586275360576923 0.26231559615384614 0.2570482283653846 0.2743484230769231 0.2617861514423077 0.2823703052884615 0.2642679230769231 0.2871834375 0.26765215625 0.28196921153846155 0.27442062019230773 0.27755717548076925 0.28028662259615383 0.2655243509615385 0.27780485096153845 0.25990903125 0.27870731249999997 0.25108495913461537 0.27870731249999997 0.24266198076923076 0.27351815865384616 0.24025541586538463 0.2703595408653846 0.2410576057692308 0.2660728461538462 0.23744775721153846
7 0.31435456009615387 0.34453990384615385 0.3175131754807692 0.3389245865384615 0.3215742548076923 0.33090270192307697 0.3258609495192308 0.32247972596153845 0.32901956490384615 0.3132545576923077 0.3161594831730769 0.30402939182692307 0.3093910192307692 0.3080403341346154 0.3060067860576923 0.3116501826923077 0.3032994014423077 0.32167753605769234 0.30893978846153847 0.3389245865384615 0.31435456009615387 0.34453990384615385
4 0.265396 0.36780336778846157 0.2649447692307692 0.37582525 0.26968269471153844 0.3790340048076923 0.2739693894230769 0.38785807692307694 0.2766767740384615 0.3950777716346154 0.2820915456730769 0.3862536995192307 0.2879575480769231 0.37261649759615384 0.2926954735576923 0.36299023798076924 0.286152625 0.3501552235576923 0.2818659302884615 0.3345125504807692 0.2764511586538462 0.34814975240384616 0.2737437740384615 0.3561716370192308 0.26765215625 0.3605836730769231 0.265396 0.36780336778846157
8 0.26742653846153847 0.40069309134615383 0.2694570793269231 0.4067095024038462 0.2784816971153846 0.41152263461538463 0.28389646875 0.4111215384615384 0.2915673966346154 0.41072044471153846 0.2931467043269231 0.40390184375 0.2886343942307692 0.40189637259615385 0.28570139423076923 0.39748433653846155 0.27960977644230767 0.3926712067307693 0.2694570793269231 0.3918690192307693 0.26742653846153847 0.40069309134615383
7 0.23584037259615384 0.5406749615384615 0.2297487548076923 0.5503012211538462 0.22230344471153846 0.5519055985576923 0.22410836778846152 0.5643395192307692 0.22568767548076923 0.5751690600961539 0.23200490865384615 0.5815865673076923 0.24260883653846152 0.5892073581730769 0.25163345673076926 0.5888062644230769 0.2581763052884615 0.5823887572115385 0.2656216153846154 0.57637234375 0.27013392548076925 0.5783778149038462 0.27284131009615387 0.5671471778846153 0.2784816971153846 0.5627351418269231 0.2836708533653846 0.5482957500000001 0.28321962259615385 0.5370651129807692 0.27081077163461537 0.5318508894230769 0.2581763052884615 0.5338563605769231 0.24734676201923078 0.5302465120192308 0.23584037259615384 0.5406749615384615
7 0.2981102451923077 0.5591252932692308 0.28660385576923075 0.5747679663461539 0.2764511586538462 0.592015016826923 0.2811890841346154 0.6016412764423077 0.2863782403846154 0.5940204879807692 0.3030737860576923 0.5799821923076923 0.30465309375 0.5727624951923077 0.3030737860576923 0.561932954326923 0.2981102451923077 0.5591252932692308
2 0.2965309375 0.5912128293269231 0.2967565528846154 0.5976303365384615 0.30510432451923075 0.5964270528846154 0.3105190961538461 0.5936193942307693 0.3170619447115385 0.5956248653846153 0.3258609495192308 0.589608451923077 0.3425564951923077 0.5835920384615385 0.34345895673076926 0.57557015625 0.3425564951923077 0.561130764423077 0.33736733894230764 0.5583231057692308 0.32608656490384613 0.5671471778846153 0.31593386778846155 0.5743668725961538 0.3039762475961539 0.5839931322115385 0.30172009134615385 0.5876029807692308 0.2965309375 0.5912128293269231
7 0.2263645216346154 0.6449594495192308 0.21891921153846153 0.6417506947115386 0.20831528365384616 0.6425528846153846 0.19793697115384615 0.6481682019230769 0.1931990480769231 0.6553878990384615 0.18597935096153848 0.6565911802884615 0.18101581009615383 0.6710305721153845 0.18101581009615383 0.6798546442307691 0.18846112259615386 0.6878765264423077 0.18981481490384616 0.6995082596153845 0.18936358413461538 0.7191618725961538 0.18733304567307693 0.7255793798076924 0.18936358413461538 0.7376122067307692 0.19658327884615384 0.7480406538461538 0.20921774519230768 0.7540570673076924 0.22704136778846154 0.7528537860576924 0.23741968028846155 0.7420242427884615 0.2430600673076923 0.734403451923077 0.2509566105769231 0.734403451923077 0.25343837980769235 0.7215684375 0.25682261298076925 0.703920295673077 0.24892606971153847 0.6954973173076924 0.25140784134615385 0.6750415144230769 0.2520846875 0.6585966514423076 0.2487004543269231 0.6477671081730769 0.23854775721153845 0.6449594495192308 0.2263645216346154 0.6449594495192308
6 0.18079019471153845 0.7003104471153846 0.17830842548076922 0.706727954326923 0.18710743028846155 0.705925764423077 0.18507688942307693 0.7155520264423078 0.18124142548076924 0.7219695336538462 0.17266803846153847 0.7211673437499999 0.16950942067307692 0.7311946995192307 0.16567395913461538 0.7360078293269231 0.16477149759615387 0.7456340889423078 0.16905818990384616 0.7464362788461538 0.17921088701923077 0.7440297139423078 0.1855281201923077 0.734002358173077 0.18936358413461538 0.7163542139423077 0.18936358413461538 0.7075301418269231 0.19026604567307695 0.6999093533653846 0.18417442788461538 0.6934918461538462 0.18079019471153845 0.7003104471153846
8 0.3319525673076923 0.7644855168269231 0.3348855673076923 0.7753150600961539 0.33736733894230764 0.7897544495192308 0.3409771850961538 0.8094080649038461 0.34503826442307695 0.8170288557692308 0.3509042668269231 0.8146222884615385 0.35609342307692304 0.8094080649038461 0.35609342307692304 0.8017872764423076 0.35203234375000003 0.7885511682692308 0.3488737283653846 0.7713041177884615 0.34661757211538463 0.7620789519230768 0.34413580288461537 0.7492439375 0.3398491081730769 0.7448319014423077 0.33781856971153845 0.7424253365384617 0.33781856971153845 0.7404198653846153 0.3371417235576923 0.7364089230769231 0.3312757211538461 0.7392165817307692 0.3326294134615385 0.7472384663461539 0.33240379807692305 0.750046125 0.33082449038461537 0.7588701971153846 0.3319525673076923 0.7644855168269231
10 0.29359793509615384 0.7283870408653846 0.29540285817307693 0.7384143942307693 0.3010432451923077 0.7436286177884616 0.3048787091346154 0.7364089230769231 0.3111959423076923 0.7255793798076924 0.3071348629807692 0.7211673437499999 0.3028481706730769 0.7223706274038462 0.30149447596153844 0.7199640625 0.2967565528846154 0.7219695336538462 0.29359793509615384 0.7283870408653846
4 0.21711428846153843 0.83588028125 0.22794383173076924 0.8306660576923076 0.23448668028846154 0.8270562091346154 0.24418814423076923 0.8198365144230769 0.24080391346153848 0.8070015 0.23945022115384618 0.7997818052884615 0.23877337259615386 0.7869467908653847 0.23606598798076922 0.7741117764423078 0.22523644471153847 0.7825347548076922 0.2141812860576923 0.7889522620192307 0.2155349783653846 0.7997818052884615 0.2166630576923077 0.8182321370192308 0.21711428846153843 0.83588028125
11 0.2421576057692308 0.201750375 0.24148075961538462 0.21498648317307692 0.24057829807692307 0.22982696875 0.24125514423076921 0.23263462740384616 0.24982853124999999 0.22782149759615383 0.25163345673076926 0.22340946153846156 0.2574994591346154 0.22260727163461538 0.2757743125 0.22340946153846156 0.27712800480769234 0.20335475240384618 0.27690238942307693 0.20094818750000001 0.2692314639423077 0.19773943269230768 0.25388961057692305 0.19693724519230768 0.2455418389423077 0.19533286778846154 0.2421576057692308 0.201750375
8 0.24779799278846154 0.229425875 0.23922460576923077 0.2342390048076923 0.2326817548076923 0.24065651201923074 0.23471229567307691 0.24546964182692307 0.24125514423076921 0.2434641706730769 0.24892606971153847 0.2410576057692308 0.24779799278846154 0.229425875
8 0.21576059374999998 0.15241579086538462 0.21282759375 0.15361907211538461 0.21305320913461537 0.1588332980769231 0.21440690144230767 0.16043767307692305 0.21711428846153843 0.15963548557692306 0.22049851923076924 0.15843220192307694 0.22275467548076922 0.15602563701923078 0.22771821634615386 0.15281688461538462 0.23200490865384615 0.1488059423076923 0.2351635264423077 0.1480037548076923 0.23674283413461536 0.14519609375 0.23538914182692305 0.14118515384615385 0.2324561394230769 0.13436655288461538 0.22929752403846154 0.13556983413461537 0.22749260096153845 0.1403829639423077 0.22230344471153846 0.1439928125 0.22004728846153845 0.14559718990384615 0.21733990384615384 0.15000922596153846 0.21576059374999998 0.15241579086538462
3 0.19658327884615384 0.1640475216346154 0.19635766346153846 0.17327268750000002 0.2010955889423077 0.17447597115384614 0.2062847451923077 0.16685518028846152 0.21147390144230768 0.15803110817307695 0.21463251682692308 0.15201469711538462 0.22049851923076924 0.14118515384615385 0.21914482692307694 0.13476764663461538 0.21621182692307692 0.1331632692307692 0.21192513221153847 0.1395807764423077 0.20651036057692307 0.1492070360576923 0.19996751201923077 0.15602563701923078 0.19658327884615384 0.1640475216346154
7 0.25434084134615387 0.12273481971153846 0.2509566105769231 0.12474029086538461 0.24531622355769228 0.12113044471153846 0.23741968028846155 0.12835013942307694 0.23764529567307693 0.1403829639423077 0.23809652644230767 0.15081141346153845 0.2455418389423077 0.15562454326923078 0.25163345673076926 0.15321797836538462 0.25411522596153846 0.14840484855769231 0.2633654615384616 0.15161360096153847 0.26787777163461535 0.1480037548076923 0.2703595408653846 0.14078405769230767 0.26742653846153847 0.13396545673076923 0.2626886153846154 0.1275479519230769 0.2597556129807692 0.12674576201923077 0.25434084134615387 0.12273481971153846
8 0.286152625 0.19212411538461538 0.2906649350961538 0.18049238221153846 0.29134178125 0.17166831009615385 0.28502454807692307 0.1632453341346154 0.27870731249999997 0.16685518028846152 0.2746462355769231 0.18370113701923077 0.27599992788461536 0.1937284903846154 0.2827683918269231 0.19814052644230767 0.286152625 0.19212411538461538
8 0.3030737860576923 0.11752059615384615 0.3060067860576923 0.1203282548076923 0.3078117115384615 0.1275479519230769 0.31277525 0.13075670432692307 0.31864125240384616 0.1295534206730769 0.3175131754807692 0.11752059615384615 0.3044274783653846 0.11150418269230769 0.2976590144230769 0.10909761778846153 0.29359793509615384 0.11431184375 0.29382355048076925 0.11752059615384615 0.2978846298076923 0.11752059615384615 0.3030737860576923 0.11752059615384615
7 0.28412208413461537 0.1399818701923077 0.2886343942307692 0.14559718990384615 0.29382355048076925 0.144795 0.30172009134615385 0.1492070360576923 0.30510432451923075 0.14599828365384615 0.31029348076923075 0.13717421153846154 0.30803732692307695 0.12915232692307693 0.3044274783653846 0.12153153846153845 0.29743339903846155 0.11752059615384615 0.29224424278846156 0.11992716105769231 0.2879575480769231 0.12594357451923077 0.2836708533653846 0.1331632692307692 0.28412208413461537 0.1399818701923077
8 0.31728756009615383 0.11431184375 0.32067179326923073 0.10869652403846154 0.31841563701923076 0.10067463942307693 0.31277525 0.09465822836538461 0.3071348629807692 0.09706479326923077 0.3062324014423077 0.10187792307692309 0.30690924759615384 0.10789433653846155 0.31277525 0.11270746634615383 0.31728756009615383 0.11431184375
8 0.28705508653846157 0.11150418269230769 0.2926954735576923 0.11030090144230768 0.2992383221153846 0.10669105288461538 0.3037506322115385 0.09947135817307692 0.30893978846153847 0.09225166346153846 0.3064580168269231 0.08422977884615385 0.2965309375 0.09024619230769232 0.29179301201923075 0.09666369951923078 0.2886343942307692 0.10107573557692308 0.28660385576923075 0.10869652403846154 0.28705508653846157 0.11150418269230769
8 0.32540971874999997 0.12634466826923077 0.32631218028846154 0.13436655288461538 0.3301476418269231 0.13516874038461538 0.33578802884615383 0.13155889182692307 0.3355624134615385 0.1203282548076923 0.3391722620192308 0.11270746634615383 0.333531875 0.10749324278846153 0.33037325721153843 0.11711950240384615 0.32540971874999997 0.12634466826923077
7 0.29901270673076924 0.17206940625 0.3044274783653846 0.17888800721153847 0.3111959423076923 0.18771207932692308 0.3145801754807692 0.18129457211538463 0.3231535625 0.17527815865384613 0.3312757211538461 0.1680584639423077 0.3326294134615385 0.15722892067307692 0.3333062596153846 0.14599828365384615 0.32947079567307697 0.14078405769230767 0.32383040865384616 0.12995451682692308 0.3105190961538461 0.13757530528846154 0.30352501682692307 0.15041031971153845 0.29720778365384615 0.16525080528846156 0.29901270673076924 0.17206940625
9 0.22704136778846154 0.22381055528846155 0.2195960576923077 0.23905213461538463 0.22546206009615383 0.24546964182692307 0.2311024471153846 0.2502827716346154 0.2326817548076923 0.23303572115384613 0.22704136778846154 0.22381055528846155
8 0.2243339831730769 0.26151340865384615 0.22388275240384617 0.26712872596153847 0.22681575240384613 0.27113966826923075 0.23042560096153847 0.26712872596153847 0.23403544951923075 0.2631177860576923 0.23764529567307693 0.25910684375000004 0.24373691346153845 0.2502827716346154 0.24418814423076923 0.2462718293269231 0.24125514423076921 0.24506854807692308 0.23606598798076922 0.2502827716346154 0.2324561394230769 0.2554969951923077 0.22704136778846154 0.25990903125 0.2243339831730769 0.26151340865384615
2 0.4176864495192308 0.23624447596153847 0.4161071394230769 0.24065651201923074 0.4167839855769231 0.25349152403846154 0.4294184543269231 0.25750246634615387 0.4397967644230769 0.2558980889423077 0.44566276923076925 0.25349152403846154 0.4494982307692308 0.25188714903846154 0.45536423317307695 0.2538926177884615 0.45604107932692306 0.24948058413461538 0.44476030528846155 0.24426635817307693 0.44002238221153844 0.23784885096153846 0.4328026850961538 0.23744775721153846 0.4224243725961539 0.23744775721153846 0.4176864495192308 0.23624447596153847
2 0.4528824639423077 0.30924361778846154 0.45694354086538463 0.3100458052884615 0.4576203894230769 0.30041954567307694 0.45265684855769234 0.28999109615384616 0.4485957692307692 0.27755717548076925 0.44453468990384615 0.2707385745192308 0.44092484375 0.2707385745192308 0.4355100721153846 0.2795626466346154 0.4420529206730769 0.2948042259615385 0.44476030528846155 0.30844142788461537 0.4528824639423077 0.30924361778846154
8 0.5325247283653846 0.25990903125 0.5325247283653846 0.2667276322115385 0.5300429567307693 0.2759527980769231 0.5368114206730769 0.2759527980769231 0.5361345745192307 0.2707385745192308 0.5379395 0.2647221610576923 0.5415493461538461 0.26432106730769234 0.5433542716346154 0.25870575 0.5453848100961538 0.2478762067307692 0.5456104254807692 0.2410576057692308 0.5401956538461539 0.2350411923076923 0.5352321129807692 0.2346400985576923 0.5329759591346154 0.23945322836538463 0.5291404951923077 0.2546948076923077 0.5325247283653846 0.25990903125
3 0.5566655841346153 0.31526002884615384 0.5636596634615384 0.30844142788461537 0.5620803557692308 0.3000184495192308 0.55937296875 0.28357358894230766 0.5571168149038461 0.2715407620192308 0.54899465625 0.2779582692307692 0.5512508125 0.28638124759615385 0.5553118918269231 0.29841407451923074 0.5546350432692309 0.30924361778846154 0.5566655841346153 0.31526002884615384
8 0.5458360408653846 0.3513585048076923 0.5492202740384615 0.3573749182692308 0.5521532740384616 0.3513585048076923 0.55643996875 0.34614428125 0.5614035096153847 0.3377213028846154 0.5695256658653846 0.32488629086538456 0.5699768966346154 0.3200731586538461 0.5665926658653846 0.3104468990384615 0.5614035096153847 0.3116501826923077 0.5584705072115385 0.31886987740384615 0.5530557355769231 0.3301005144230769 0.5474153485576922 0.34373771634615385 0.5458360408653846 0.3513585048076923
2 0.5126705649038461 0.3373202091346154 0.5237257235576923 0.33932568028846155 0.5271099567307692 0.3333092668269231 0.5309454182692307 0.3333092668269231 0.5318478822115384 0.3369191153846154 0.5392931923076923 0.33852349278846156 0.5417749615384616 0.3401278677884615 0.5433542716346154 0.3333092668269231 0.5293661105769231 0.3272928557692308 0.5255306466346154 0.3204742548076923 0.5040971778846154 0.3156611225961538 0.50161540625 0.32488629086538456 0.5020666370192308 0.3345125504807692 0.5126705649038461 0.3373202091346154
4 0.5029691009615385 0.3702099326923077 0.5216951850961539 0.37542415625 0.521243954326923 0.34253443509615383 0.507932639423077 0.3377213028846154 0.4995848677884615 0.3341114567307692 0.5013897908653846 0.32167753605769234 0.5027434831730769 0.3148589350961538 0.5144754903846154 0.31726550000000003 0.52237203125 0.31806768990384615 0.5230488774038462 0.3132545576923077 0.5025178677884615 0.3044304855769231 0.4928164038461539 0.2976118846153846 0.4867247860576923 0.3325070793269231 0.4858223221153847 0.3661989903846154 0.5029691009615385 0.3702099326923077
8 0.5462872716346154 0.12193263221153847 0.547189733173077 0.1107019951923077 0.5431286538461538 0.10388339423076923 0.5401956538461539 0.10187792307692309 0.5379395 0.11391074759615384 0.5374882668269231 0.12273481971153846 0.5420005769230769 0.1243391971153846 0.5462872716346154 0.12193263221153847
2 0.5864468269230769 0.2470740168269231 0.5724586682692308 0.24948058413461538 0.5713305889423077 0.25990903125 0.5729098990384616 0.2667276322115385 0.5832882091346154 0.2663265384615384 0.5857699807692307 0.26071122115384615 0.5864468269230769 0.2470740168269231
7 0.5343296514423077 0.20014599759615384 0.5309454182692307 0.21257991826923076 0.5329759591346154 0.21819523557692305 0.5435798870192308 0.23263462740384616 0.54899465625 0.23343681490384613 0.5562143533653846 0.22742040384615383 0.5632084326923077 0.22300836778846153 0.5620803557692308 0.21298101201923075 0.5521532740384616 0.20134928125 0.5395188076923076 0.19292630288461537 0.5343296514423077 0.20014599759615384
4 0.5334271899038462 0.28878781249999996 0.5365858052884616 0.2803648341346154 0.5304941875 0.2743484230769231 0.5320734975961539 0.2631177860576923 0.5295917259615385 0.2546948076923077 0.5313966490384615 0.24226088701923076 0.5147011033653845 0.23824994471153846 0.5128961802884615 0.25710137259615384 0.5124449495192308 0.2803648341346154 0.5131217956730769 0.28959000240384614 0.5293661105769231 0.29881516826923077 0.5334271899038462 0.28878781249999996
6 0.4341563798076923 0.6770469831730769 0.4325770697115384 0.6902830913461538 0.43618691826923073 0.6906841874999999 0.4391199182692308 0.6842666802884616 0.4413760745192308 0.7011126346153845 0.449047 0.7015137283653845 0.4673218533653846 0.6894809038461538 0.4878528629807692 0.6738382307692308 0.50161540625 0.66260759375 0.5126705649038461 0.6509758629807691 0.5160547980769231 0.647366014423077 0.5165060288461538 0.6329266225961538 0.5167316442307692 0.6233003629807693 0.5133474110576923 0.6136741033653846 0.5045484086538461 0.6188883269230769 0.48875532451923076 0.6293167764423077 0.4673218533653846 0.6429539783653847 0.4368637644230769 0.6610032163461538 0.4379918413461539 0.6766458894230769 0.4341563798076923 0.6770469831730769
2 0.4244549134615384 0.5944215817307692 0.4154302932692308 0.592416110576923 0.4127229086538462 0.6068555024038461 0.41114360096153846 0.6228992692307693 0.41114360096153846 0.6321244350961539 0.4086618293269231 0.6505747692307692 0.4122716778846154 0.6537835216346154 0.4154302932692308 0.647366014423077 0.41791206490384614 0.6389430360576923 0.4194913725961538 0.6305200576923077 0.42219875721153843 0.6180861394230769 0.4240036826923077 0.6044489375000001 0.4244549134615384 0.5944215817307692
8 0.3154826370192308 0.6401463197115385 0.31412894471153846 0.6481682019230769 0.3181900216346154 0.6505747692307692 0.31773879086538465 0.6549868052884615 0.32112302403846155 0.6618054062500001 0.33578802884615383 0.678250266826923 0.3436845721153846 0.6834644903846154 0.3488737283653846 0.6694261947115384 0.3389466466346154 0.6557889927884616 0.3285683341346154 0.6429539783653847 0.32292794711538464 0.6425528846153846 0.3188668677884615 0.6405474134615384 0.3154826370192308 0.6401463197115385
7 0.33691610817307693 0.6405474134615384 0.3389466466346154 0.6353331899038461 0.3362392596153846 0.6297178701923076 0.33939787740384614 0.6228992692307693 0.3389466466346154 0.6156795745192307 0.33601364423076924 0.6164817620192308 0.32292794711538464 0.6156795745192307 0.31480579086538457 0.620091610576923 0.31277525 0.6289156826923077 0.3105190961538461 0.6365364711538462 0.31300086538461536 0.6401463197115385 0.3296964110576923 0.6409485072115384 0.33240379807692305 0.6397452259615384 0.33691610817307693 0.6405474134615384
5 0.6965471802884615 0.7612767620192307 0.6967727956730769 0.7520515961538461 0.6913580240384616 0.7520515961538461 0.6877481778846154 0.7564636322115385 0.6893274855769231 0.7664909879807692 0.6951934879807692 0.7648866105769231 0.6965471802884615 0.7612767620192307
6 0.816349 0.7849413197115385 0.8102573822115384 0.7989796153846154 0.8199588485576924 0.8134190072115385 0.8222150024038462 0.8118146298076923 0.8258248509615385 0.8041938413461539 0.8307883918269231 0.7921610144230768 0.8357519302884615 0.7817325673076922 0.8341726225961538 0.7765183413461538 0.8233430793269231 0.7696997403846153 0.816349 0.7849413197115385
7 0.31164717307692313 0.01845033173076923 0.3057811706730769 0.020455802884615383 0.3030737860576923 0.014840485576923078 0.2965309375 0.01845033173076923 0.2906649350961538 0.02446674519230769 0.2967565528846154 0.036098475961538465 0.30081762980769233 0.047329112980769236 0.31074471153846156 0.043318170673076924 0.3215742548076923 0.034093004807692305 0.32676341105769235 0.01564267307692308 0.3224767163461539 0.005214223557692308 0.31728756009615383 0 0.3111959423076923 0.0012032836538461537 0.31300086538461536 0.014840485576923078 0.31164717307692313 0.01845033173076923
11 0.3375929543269231 0.05374662019230769 0.34075156971153847 0.04773020673076923 0.33872103125 0.03369191105769231 0.33082449038461537 0.02165908653846154 0.32563533413461543 0.025670028846153846 0.3249584879807692 0.03810394711538461 0.3276658725961538 0.043318170673076924 0.3330806442307692 0.051340055288461535 0.3375929543269231 0.05374662019230769
9 0.3366904927884615 0.07620789423076922 0.34300772596153845 0.08262540144230769 0.34752003365384615 0.08102102644230769 0.3515811129807692 0.07460351923076923 0.3518067283653846 0.0665816346153846 0.3518067283653846 0.058960846153846155 0.34909934374999996 0.051340055288461535 0.34210526201923075 0.050938961538461544 0.3362392596153846 0.05414771394230769 0.33285502884615387 0.06337288221153846 0.33398310576923074 0.06898819951923077 0.3366904927884615 0.07620789423076922
10 0.3249584879807692 0.07901555528846155 0.32292794711538464 0.07259804807692308 0.31976933173076927 0.07500461298076923 0.31638509855769226 0.0814221201923077 0.32337917788461534 0.09546041586538462 0.3278914879807692 0.09546041586538462 0.3292451802884615 0.08904290865384615 0.3281171033653846 0.0854330625 0.3249584879807692 0.07901555528846155
8 0.29630531971153845 0.056955374999999996 0.29404916586538465 0.058559749999999994 0.2956284735576923 0.06778491826923078 0.2978846298076923 0.06979038942307693 0.30081762980769233 0.07580680048076924 0.3055555552884615 0.07781227163461539 0.31142155769230767 0.08102102644230769 0.31300086538461536 0.07660899038461538 0.3109703269230769 0.07179585817307692 0.3084885576923077 0.06577944711538461 0.3028481706730769 0.05735646875 0.2992383221153846 0.05334552644230769 0.29630531971153845 0.056955374999999996
13 0.8770395649038462 0.2707385745192308 0.8844848750000001 0.2831724951923077 0.8968937259615385 0.28598015384615383 0.9027597283653847 0.28076593028846153 0.9061439615384616 0.2675298221153846 0.9065951923076923 0.2567002788461539 0.9016316514423077 0.24466745192307693 0.8887715697115385 0.23664556971153847 0.8779420264423077 0.23303572115384613 0.872978485576923 0.24426635817307693 0.8723016394230769 0.25349152403846154 0.8770395649038462 0.2707385745192308
6 0.8143184615384615 0.23143134375000002 0.8197332331730769 0.23945322836538463 0.8380080865384615 0.24025541586538463 0.8657587908653847 0.24988167788461538 0.8709479447115385 0.2522882427884615 0.8750090240384616 0.2358433798076923 0.8646307115384615 0.23303572115384613 0.8454533966346154 0.2270193076923077 0.8265016971153846 0.21899742548076923 0.8222150024038462 0.21899742548076923 0.8183795384615385 0.22541493269230767 0.8143184615384615 0.23143134375000002
7 0.8032633028846153 0.33130379567307694 0.8066475336538462 0.31606221875 0.7980741466346154 0.32087534855769234 0.7949155288461539 0.3365180216346154 0.7919825288461539 0.34975412980769227 0.7924337596153846 0.36740227403846154 0.7962692235576923 0.3778307211538462 0.8032633028846153 0.3782318173076923 0.81115984375 0.36860555528846156 0.8199588485576924 0.37462196875 0.8222150024038462 0.36579789663461537 0.8321420841346154 0.3601825769230769 0.8359775456730769 0.3649957091346154 0.8377824711538462 0.35577054086538457 0.8418435480769231 0.34052896394230764 0.8314652379807692 0.3377213028846154 0.8240199254807692 0.3373202091346154 0.8186051538461538 0.3301005144230769 0.8131903822115384 0.32568847836538467 0.8066475336538462 0.3337103629807692 0.8032633028846153 0.33130379567307694
7 0.7308407331730769 0.3008206394230769 0.7281333485576924 0.30402939182692307 0.7290358100961538 0.3128534639423077 0.7279077331730769 0.32247972596153845 0.7274565024038462 0.3292983269230769 0.7301638870192307 0.3345125504807692 0.7358042740384616 0.3361169278846154 0.741219045673077 0.3365180216346154 0.7437008149038462 0.3373202091346154 0.7439264302884615 0.3441388100961538 0.7484387403846154 0.3597814831730769 0.7540791274038461 0.3694077451923077 0.7617500552884615 0.36980883894230765 0.7691953653846154 0.38063838221153845 0.7710002884615386 0.3906657355769231 0.7743845216346154 0.38585260576923075 0.7757382139423077 0.3778307211538462 0.781152985576923 0.3790340048076923 0.7888239110576923 0.3714132163461539 0.7870189879807692 0.35577054086538457 0.7797992932692307 0.3377213028846154 0.7761894447115385 0.32608957211538464 0.7651342860576923 0.31726550000000003 0.7547559735576923 0.3108479927884616 0.7414446610576924 0.30362829807692304 0.7308407331730769 0.3008206394230769
7 0.7105353413461538 0.3317048918269231 0.7096328774038461 0.33812239903846153 0.7118890336538463 0.3469464711538462 0.7134683413461538 0.3501552235576923 0.7161757283653846 0.3561716370192308 0.7188831129807693 0.3589792956730769 0.7222673461538461 0.3649957091346154 0.7285845793269231 0.36299023798076924 0.7344505817307693 0.35777601201923076 0.7389628918269231 0.34895193990384615 0.741219045673077 0.3417322451923077 0.7339993509615385 0.3361169278846154 0.7283589639423076 0.3369191153846154 0.7202368052884616 0.3296994206730769 0.7139195721153846 0.3317048918269231 0.7105353413461538 0.3317048918269231
7 0.6870713317307692 0.36980883894230765 0.6909067932692309 0.37301759134615387 0.6942910264423077 0.3810394759615384 0.6949678725961538 0.38946245432692306 0.6981264879807692 0.3882591706730769 0.7024131826923077 0.3874569831730769 0.7066998774038461 0.3926712067307693 0.7103097259615385 0.3882591706730769 0.7130171105769231 0.3790340048076923 0.7150476490384615 0.37261649759615384 0.7173038052884616 0.3633913317307692 0.7096328774038461 0.35055631730769227 0.7012851057692308 0.34654537500000004 0.6936141802884616 0.3457431875 0.6886506394230769 0.3537650721153846 0.68526640625 0.3621880480769231 0.6870713317307692 0.36980883894230765
13 0.6354053870192308 0.3457431875 0.628636920673077 0.35496835336538457 0.6304418461538461 0.3694077451923077 0.63788715625 0.3794350985576923 0.6480398533653846 0.3810394759615384 0.6579669326923077 0.3810394759615384 0.6654122451923077 0.3750230625 0.6694733221153846 0.36860555528846156 0.6719550937500001 0.3605836730769231 0.6690220913461539 0.344941 0.6638329350961538 0.34052896394230764 0.6518753149038462 0.3365180216346154 0.64082015625 0.3397267740384615 0.6354053870192308 0.3457431875
7 0.6234477644230769 0.3553694471153846 0.6146487620192308 0.36258914423076927 0.6060753725961538 0.37221540384615387 0.6047216802884615 0.3958799615384615 0.6006606009615385 0.40991825721153846 0.6022399110576923 0.42034670673076924 0.6049472956730769 0.4279674951923077 0.6029167572115385 0.43759375480769236 0.6047216802884615 0.4536375240384615 0.6065266033653847 0.4777031730769231 0.611941375 0.49093928124999997 0.6216428413461539 0.48933490625 0.6299906153846154 0.4801097403846154 0.6414970048076923 0.4704834783653846 0.6354053870192308 0.4572473701923077 0.6311186923076922 0.44200579086538466 0.6288625360576923 0.43197843750000003 0.6311186923076922 0.4215499879807692 0.6306674615384615 0.40470403365384616 0.6277344591346155 0.39387449038461536 0.6284113052884616 0.37742962740384617 0.628636920673077 0.3666000841346154 0.6234477644230769 0.3553694471153846
4 0.6376615408653846 0.5791800024038462 0.6426250817307693 0.5711581201923077 0.6417226201923077 0.5474935624999999 0.64082015625 0.5254333822115385 0.6257039206730769 0.5354607379807692 0.6277344591346155 0.5462902788461539 0.6277344591346155 0.5695537427884616 0.6299906153846154 0.5880040745192308 0.6376615408653846 0.5791800024038462
7 0.5959226778846154 0.649772579326923 0.5993069086538462 0.6557889927884616 0.6022399110576923 0.6618054062500001 0.6135206850961539 0.6658163461538462 0.6225453028846153 0.6610032163461538 0.6234477644230769 0.6485692980769231 0.6250270745192308 0.6345310000000001 0.6225453028846153 0.6233003629807693 0.6189354567307692 0.6132730096153846 0.6225453028846153 0.6072565961538461 0.6166793004807692 0.5936193942307693 0.6072034519230769 0.5992347115384615 0.5984044471153847 0.6092620673076923 0.5927640600961538 0.6228992692307693 0.58825175 0.6373386586538461 0.5959226778846154 0.649772579326923
6 0.5810320552884616 0.5747679663461539 0.5715562043269231 0.5779767211538461 0.5605010456730769 0.5855975096153846 0.5674951274038461 0.5944215817307692 0.5790015168269231 0.5855975096153846 0.5925384447115385 0.5739657788461539 0.6072034519230769 0.5683504591346155 0.6150999927884615 0.5603285769230769 0.6266063822115384 0.5454880913461538 0.6252526899038462 0.534658548076923 0.6216428413461539 0.5378673028846154 0.609008375 0.5507023149038461 0.5943433677884615 0.5667460841346154 0.5810320552884616 0.5747679663461539
2 0.8795213341346154 0.40751169230769235 0.8763627163461538 0.4079127860576923 0.9043390360576923 0.4640659711538462 0.9338946634615385 0.5258344759615384 0.9519439038461539 0.5615318581730769 0.9632246778846153 0.5815865673076923 0.9659320625000001 0.5775756274038462 0.9262237379807693 0.49615350721153845 0.9086257307692308 0.4620605 0.8944119567307692 0.43598937980769226 0.8847104903846154 0.41553357451923073 0.8795213341346154 0.40751169230769235
2 0.8756858701923077 0.4163357644230769 0.9059183461538461 0.4801097403846154 0.9212601971153845 0.5129994615384615 0.9298335865384615 0.5294443245192307 0.9332178173076924 0.5282410408653846 0.9050158822115384 0.4656703485576923 0.8763627163461538 0.40991825721153846 0.86598440625 0.3862536995192307 0.8632770192307693 0.3898635480769231 0.8756858701923077 0.4163357644230769
2 0.8885459543269231 0.5511034110576923 0.8858385673076923 0.5314497956730769 0.8797469495192308 0.47730207932692303 0.8734297163461539 0.4259620240384615 0.8711735625 0.4063084086538461 0.8673380985576924 0.4067095024038462 0.8707223317307692 0.43759375480769236 0.8765883341346155 0.4905381875 0.883356798076923 0.5547132572115385 0.8885459543269231 0.5511034110576923
7 1 0.5916139230769231 0.9986463076923078 0.5559165408653846 0.9882679951923077 0.5515045048076923 0.9803714543269231 0.5583231057692308 0.9731517572115386 0.5607296706730769 0.9679626009615384 0.57557015625 0.9722492956730769 0.5916139230769231 0.972926141826923 0.60485003125 0.9749566826923076 0.620091610576923 0.9803714543269231 0.6241025504807692 0.9884936105769231 0.6269102115384615 0.9954876899038462 0.6212948918269231 1 0.6184872331730769 1 0.5916139230769231
4 0.8831311826923076 0.5791800024038462 0.86079525 0.5639384230769231 0.8461302427884616 0.6100642548076923 0.8664356370192308 0.6245036466346154 0.8831311826923076 0.5791800024038462
4 0.8014583774038461 0.5603285769230769 0.7924337596153846 0.5831909447115384 0.795592375 0.5884051682692307 0.810031766826923 0.5859986033653846 0.8138672307692307 0.5827898509615385 0.8136416153846154 0.5715592139423077 0.8086780745192308 0.5519055985576923 0.7969460697115385 0.5519055985576923 0.8014583774038461 0.5603285769230769
4 0.7924337596153846 0.5839931322115385 0.8010071466346154 0.5607296706730769 0.7942386826923078 0.5482957500000001 0.7854396802884616 0.5430815264423077 0.7755125985576924 0.5651417067307692 0.7779943677884616 0.5727624951923077 0.7845372163461538 0.5803832860576923 0.7924337596153846 0.5839931322115385
0 0.6577413173076923 0.17608034615384616 0.6640585528846153 0.1889153605769231 0.6717294783653845 0.18410223076923077 0.6825590216346153 0.1820967596153846 0.6868457139423078 0.17608034615384616 0.6870713317307692 0.1684595576923077 0.6809797115384615 0.14680047115384615 0.6766930192307693 0.13276217548076924 0.670827016826923 0.115515125 0.6568388557692307 0.12714685576923077 0.6475886225961538 0.13677311778846152 0.6493935456730769 0.15482235576923076 0.6539058557692308 0.15763001442307692 0.6577413173076923 0.17608034615384616
7 0.3637643485576923 0.16525080528846156 0.3529348052884615 0.1816956658653846 0.3468431875 0.19292630288461537 0.3513554975961538 0.20094818750000001 0.36263627163461537 0.21338210576923075 0.37639881490384614 0.229425875 0.38474658894230773 0.22822259134615383 0.3946736706730769 0.20576131730769232 0.40121651923076923 0.18731098557692308 0.4084362139423077 0.17126721634615386 0.4188145264423077 0.16083876923076923 0.41858891105769236 0.13797639903846154 0.4106923677884616 0.13677311778846152 0.4021189807692308 0.14519609375 0.38722835817307694 0.13757530528846154 0.3800086634615385 0.14720156490384614 0.3637643485576923 0.16525080528846156
6 0.4143022163461539 0.08623525 0.4104667524038461 0.07821336538461539 0.40144213461538464 0.08342759134615384 0.39760667067307687 0.09265275721153846 0.40121651923076923 0.10187792307692309 0.4070825216346154 0.09786698076923075 0.4147534471153846 0.09185056730769231 0.4143022163461539 0.08623525
7 0.748213125 0.24185979326923077 0.759719514423077 0.2430630769230769 0.7766406754807692 0.22862368509615386 0.77190275 0.20937116346153847 0.7624269014423077 0.19974490384615384 0.7461825865384615 0.19493177403846154 0.7400909687499999 0.21298101201923075 0.7407678149038461 0.23223353365384616 0.748213125 0.24185979326923077
0 0.6148743774038462 0.2358433798076923 0.602014295673077 0.20215146875 0.5796783629807692 0.21298101201923075 0.5817089014423077 0.22260727163461538 0.5965995240384616 0.2839746826923077 0.6209659951923077 0.25990903125 0.6148743774038462 0.2358433798076923
2 0.7150476490384615 0.6305200576923077 0.7279077331730769 0.620893798076923 0.7475362788461539 0.6088609735576923 0.7475362788461539 0.5932183004807693 0.7563352836538461 0.5835920384615385 0.7468594326923077 0.5667460841346154 0.7319688100961539 0.5727624951923077 0.7042181057692307 0.5932183004807693 0.7042181057692307 0.6064544086538461 0.7150476490384615 0.6305200576923077
7 0.7664879783653846 0.5390705841346154 0.7827322932692307 0.5246311947115385 0.78747021875 0.5077852379807692 0.7820554471153845 0.4801097403846154 0.7705490576923076 0.4777031730769231 0.7570121298076924 0.5017688245192308 0.7502436634615385 0.51861478125 0.7570121298076924 0.5306476057692308 0.7664879783653846 0.5390705841346154
4 0.7962692235576923 0.4067095024038462 0.7759638293269231 0.39106682932692305 0.7685185192307693 0.41152263461538463 0.7705490576923076 0.43318171875 0.791531298076923 0.4440112620192308 0.8043913798076924 0.4259620240384615 0.7962692235576923 0.4067095024038462
9 0.2006443581730769 0.6172839495192307 0.20673597596153848 0.6088609735576923 0.21282759375 0.5932183004807693 0.2094433605769231 0.5823887572115385 0.20470543749999998 0.5715592139423077 0.1945527403846154 0.5679493653846154 0.18507688942307693 0.5811854735576923 0.1844000432692308 0.6016412764423077 0.18981481490384616 0.6184872331730769 0.2006443581730769 0.6172839495192307
9 0.17153996153846154 0.4536375240384615 0.17424734615384616 0.4355882860576923 0.17221680769230768 0.4199456105769231 0.15191141346153847 0.4199456105769231 0.149880875 0.43679156730769225 0.149880875 0.4596539350961538 0.1586798798076923 0.4656703485576923 0.17153996153846154 0.4536375240384615
11 0.15732618509615384 0.39227011298076925 0.15191141346153847 0.4067095024038462 0.1668020360576923 0.41152263461538463 0.17763157932692308 0.41031935096153843 0.18507688942307693 0.38505041826923075 0.18981481490384616 0.36820446153846154 0.1904916610576923 0.3573749182692308 0.16883257451923078 0.3537650721153846 0.1613872644230769 0.36459461298076923 0.15732618509615384 0.39227011298076925
8 0.17086311538461538 0.6016412764423077 0.17763157932692308 0.5811854735576923 0.18643058173076923 0.5607296706730769 0.17763157932692308 0.5486968461538462 0.16612518990384617 0.5715592139423077 0.15800303124999998 0.589608451923077 0.15461880048076923 0.6040478413461539 0.1634178028846154 0.6100642548076923 0.17086311538461538 0.6016412764423077
8 0.3292451802884615 0.47890645673076926 0.3346599519230769 0.49093928124999997 0.3502274206730769 0.47890645673076926 0.36782542788461536 0.46085721874999996 0.3766244302884615 0.4536375240384615 0.3800086634615385 0.4440112620192308 0.38271605048076923 0.4391981322115385 0.3793318173076923 0.43077515384615384 0.3691791201923077 0.4271653076923077 0.3590264230769231 0.43679156730769225 0.3353367980769231 0.45845065384615385 0.3265377956730769 0.46687363221153844 0.3292451802884615 0.47890645673076926
8 0.2791585456730769 0.4560440889423077 0.2879575480769231 0.45243424038461544 0.2994639375 0.4476211105769231 0.31638509855769226 0.43318171875 0.32450725480769227 0.4211488942307692 0.3204461778846154 0.40189637259615385 0.3021713221153846 0.41152263461538463 0.28660385576923075 0.4235554591346154 0.2784816971153846 0.4428079807692308 0.2764511586538462 0.4536375240384615 0.2791585456730769 0.4560440889423077
2 0.3190924831730769 0.5342574543269231 0.3272146418269231 0.5378673028846154 0.33398310576923074 0.5486968461538462 0.34481264903846154 0.5595263870192307 0.3563190384615385 0.5643395192307692 0.36241065625 0.5486968461538462 0.3502274206730769 0.5318508894230769 0.3400747235576923 0.5270377596153846 0.3292451802884615 0.5222246298076922 0.32179987019230766 0.5210213461538461 0.3190924831730769 0.5342574543269231
8 0.5086094855769231 0.4391981322115385 0.5113168725961539 0.45243424038461544 0.5187621826923077 0.45243424038461544 0.5377138822115385 0.4536375240384615 0.5478665793269231 0.4500276754807692 0.5478665793269231 0.4416046971153846 0.5410981153846154 0.43197843750000003 0.5343296514423077 0.43318171875 0.5255306466346154 0.43318171875 0.5167316442307692 0.43318171875 0.5086094855769231 0.4391981322115385
6 0.4828893221153846 0.5174114975961538 0.47544401201923076 0.5077852379807692 0.46799869951923073 0.5138016514423077 0.476120858173077 0.5342574543269231 0.49507255769230774 0.5523066923076922 0.5018410216346154 0.5366640192307692 0.49033463221153845 0.5282410408653846 0.4971030961538461 0.5210213461538461 0.5133474110576923 0.5101918028846154 0.5316222644230769 0.4957524134615384 0.5458360408653846 0.48251630528846157 0.5607266634615384 0.4656703485576923 0.5526045048076923 0.45123095913461536 0.5356833437499999 0.4752966081730769 0.520115875 0.48853271634615386 0.49507255769230774 0.5077852379807692 0.4828893221153846 0.5174114975961538
2 0.37324019951923076 0.33812239903846153 0.38813081971153846 0.32608957211538464 0.3759475841346154 0.31886987740384615 0.3522579591346154 0.3236830072115385 0.34210526201923075 0.3333092668269231 0.3454894951923077 0.34895193990384615 0.37324019951923076 0.33812239903846153
2 0.4598765432692308 0.4079127860576923 0.46393762259615384 0.3838471346153846 0.4395711490384615 0.39106682932692305 0.4240036826923077 0.3766274399038462 0.41926575721153847 0.39106682932692305 0.4294184543269231 0.40309965625 0.4598765432692308 0.4079127860576923