7 0.2741228076923077 0.5451591947115385 0.28021442548076925 0.4971997884615385 0.27499303846153844 0.45388161778846153 0.2628098028846154 0.43067545432692306 0.23496240625 0.4244871442307692 0.22451963221153845 0.4430520745192308 0.21146616586538464 0.475540704326923 0.20885547115384615 0.5157647211538461 0.20711500961538462 0.5467062716346154 0.21146616586538464 0.5807419783653847 0.2253898629807692 0.5714595120192307 0.23496240625 0.5528945817307692 0.24453494951923077 0.5575358149038462 0.2541074903846154 0.5683653581730769 0.2741228076923077 0.5451591947115385
7 0.08702311298076923 0.5482533485576924 0.08354218990384615 0.5265942644230769 0.06787802884615385 0.52195303125 0.06265664182692307 0.5173117980769231 0.04960317548076923 0.5235001081730769 0.046992480769230766 0.5451591947115385 0.04786271153846154 0.563724125 0.024366471153846155 0.5730065913461538 0.03567947596153846 0.5853832115384615 0.05656502403846154 0.5900244447115385 0.07919103365384615 0.5915715216346153 0.0896338076923077 0.5761007451923077 0.08876357451923077 0.5559887379807692 0.08702311298076923 0.5482533485576924
7 0.028717627403846153 0.3517744975961538 0.009572543269230769 0.3347566442307693 0.0017404615384615384 0.3347566442307693 0.0017404615384615384 0.41675175721153845 0.0087023125 0.4182988341346154 0.016534391826923078 0.3997339014423077 0.02175577884615385 0.3981868245192308 0.027847396634615385 0.37343358413461536 0.032198552884615386 0.3656981971153846 0.028717627403846153 0.3517744975961538
7 0.1705653028846154 0.20016089663461537 0.15316068028846155 0.17850181009615385 0.14619882932692307 0.1877842764423077 0.13836675 0.20325505048076925 0.1307985625 0.22296858173076922 0.14166468990384615 0.24404228846153847 0.16099275961538462 0.26049692067307695 0.17665692067307692 0.27906185336538464 0.18709969471153845 0.24966737740384615 0.1879699254807692 0.22336706009615387 0.1705653028846154 0.20016089663461537
7 0.40117655288461535 0.13518363701923078 0.39682539663461536 0.11507162980769231 0.3776803125 0.11043039663461539 0.3637566129807693 0.10733624278846153 0.3594054591346154 0.11507162980769231 0.35157337740384614 0.11352455288461538 0.3402603725961538 0.14137194951923077 0.3385199110576923 0.1522014903846154 0.3480924543269231 0.17076642307692308 0.3585352259615385 0.16921934375 0.36462684375 0.15838980288461538 0.36462684375 0.14446610336538462 0.37506961778846154 0.16457811298076924 0.3898635480769231 0.1599368798076923 0.3994360913461538 0.14910733653846153 0.40117655288461535 0.13518363701923078
7 0.14772173557692309 0.5318117836538462 0.13325414182692308 0.5318117836538462 0.13020833413461538 0.5453487115384615 0.11954800240384615 0.5521171754807692 0.12411671634615384 0.558885639423077 0.12792397596153846 0.5656541033653846 0.13934575961538462 0.5643004110576924 0.14086866346153845 0.5873131899038462 0.14696028365384614 0.6035575048076923 0.15609770913461538 0.6211555120192307 0.16980385096153847 0.6089722764423077 0.1789412764423077 0.5900205769230769 0.17284965865384613 0.5656541033653846 0.15914351923076925 0.5453487115384615 0.14772173557692309 0.5318117836538462
7 0.09822733894230769 0.44111436057692305 0.10508040865384616 0.4208089663461539 0.093658625 0.4032109591346154 0.08604410336538462 0.3950888028846154 0.09213572115384615 0.38696664423076926 0.09822733894230769 0.36530756009615384 0.09670443509615384 0.3517706298076923 0.093658625 0.3219893870192308 0.08604410336538462 0.3233430793269231 0.06929215384615385 0.3206356947115384 0.04187987259615385 0.32469677403846153 0.04416423076923077 0.36666125240384617 0.04644858653846154 0.37884448798076925 0.035026802884615384 0.37478340865384613 0.03426535096153846 0.3964424951923077 0.04644858653846154 0.41404050240384616 0.05710891826923077 0.4208089663461539 0.06700779807692307 0.4275774302884615 0.07538377163461539 0.44382174519230766 0.09213572115384615 0.4492365168269231 0.09822733894230769 0.44111436057692305
8 0.08375974759615384 0.45194390384615385 0.07157650961538461 0.4424680528846154 0.05939327403846154 0.428931125 0.04797149038461539 0.4181015817307693 0.043402778846153844 0.4302848173076923 0.043402778846153844 0.44382174519230766 0.06167763221153846 0.45600498076923074 0.08071393750000001 0.46548083173076926 0.08908991346153847 0.4695419110576923 0.09137426923076923 0.46006606009615386 0.08375974759615384 0.45194390384615385
8 0.025889377403846153 0.5060916177884616 0.035026802884615384 0.4884936105769231 0.043402778846153844 0.4736029879807692 0.045687134615384616 0.4492365168269231 0.037311161057692305 0.44111436057692305 0.025889377403846153 0.45600498076923074 0.016751949519230768 0.4776640673076923 0.006853069711538462 0.5020305384615384 0.009898879807692308 0.5182748533653846 0.016751949519230768 0.5223359326923077 0.025889377403846153 0.5060916177884616
8 0.19950048798076925 0.4465291322115385 0.17589546875 0.45465128846153846 0.1652351370192308 0.46277344711538465 0.16904239663461537 0.48037145432692313 0.20254629567307691 0.4722492956730769 0.21472953125 0.46006606009615386 0.2154909855769231 0.4505902091346154 0.20559210576923076 0.4505902091346154 0.19950048798076925 0.4465291322115385
8 0.21777534134615387 0.29491552884615385 0.21092227163461535 0.29491552884615385 0.20939936538461537 0.30980615144230766 0.20102339182692308 0.33011154326923076 0.1979775817307692 0.36124648076923077 0.19493177403846154 0.38967403125 0.21320662740384616 0.3964424951923077 0.2154909855769231 0.37478340865384613 0.22082114903846153 0.3450021658653846 0.21853679326923076 0.3138672307692308 0.21777534134615387 0.29491552884615385
8 0.21853679326923076 0.38425925961538465 0.20863791346153848 0.41404050240384616 0.2154909855769231 0.4153941947115385 0.23148148076923075 0.3964424951923077 0.24823343028846154 0.3761371009615385 0.24061890865384614 0.35989278846153844 0.2322429326923077 0.36530756009615384 0.21853679326923076 0.38425925961538465
8 0.09746588701923077 0.20963287740384617 0.13249268990384616 0.19744964182692307 0.13249268990384616 0.17985163461538461 0.10660331490384614 0.1906811778846154 0.09518153125 0.19880333653846155 0.09746588701923077 0.20963287740384617
8 0.0776681298076923 0.23941412259615386 0.11041057451923077 0.17172947836538463 0.10355750480769231 0.15413147115384615 0.09061281730769231 0.1757905576923077 0.06700779807692307 0.22723088701923075 0.0776681298076923 0.23941412259615386
8 0.24823343028846154 0.06478774038461538 0.2550865 0.08373944230769231 0.2604166658653846 0.0918615985576923 0.2558479543269231 0.048543425480769224 0.2474719783653846 0.02282326201923077 0.2390960048076923 0.03365280528846154 0.23985745673076925 0.04042126923076923 0.24823343028846154 0.06478774038461538
8 0.26422392788461535 0.7957818942307693 0.25889376201923076 0.7917208149038462 0.24290326442307691 0.7808912716346155 0.22843567307692308 0.7930745072115385 0.21244517548076924 0.7984892788461538 0.20330774759615386 0.8106725144230769 0.19950048798076925 0.82285575 0.20102339182692308 0.8282705216346155 0.2162524375 0.8323316009615385 0.22615131490384616 0.82285575 0.24061890865384614 0.8174409783653847 0.25660940625 0.8066114350961539 0.26422392788461535 0.7957818942307693
8 0.3297088197115385 0.8485759158653846 0.31676413221153843 0.8404537572115385 0.2962049230769231 0.8445148365384616 0.2748842596153846 0.8485759158653846 0.26117811778846156 0.8648202307692308 0.26574683173076924 0.8648202307692308 0.26422392788461535 0.8837719302884615 0.2725999014423077 0.8878330096153846 0.28859039903846156 0.8837719302884615 0.30838815865384617 0.8797108509615386 0.3205713942307692 0.8688813076923078 0.3297088197115385 0.8566980721153846 0.3297088197115385 0.8485759158653846
8 0.08604410336538462 0.8797108509615386 0.07386086778846154 0.9054310168269232 0.06929215384615385 0.9203216370192308 0.06929215384615385 0.9270901009615385 0.08299829326923078 0.9149068653846153 0.09289717307692308 0.8986625504807692 0.0989887908653846 0.8824182379807692 0.09670443509615384 0.8742960793269231 0.08604410336538462 0.8797108509615386
8 0.12259381009615386 0.9162605576923077 0.12716252403846154 0.9203216370192308 0.1385843076923077 0.9189679447115384 0.14010721153846153 0.90949209375 0.13173123798076924 0.9013699375 0.12259381009615386 0.9027236298076923 0.12259381009615386 0.9162605576923077
2 0.13325414182692308 0.6292776706730769 0.12335526201923078 0.6441682908653846 0.11193347836538461 0.6766569206730769 0.10584186057692307 0.6969623125000001 0.11193347836538461 0.6996696995192307 0.12030945432692307 0.6847790769230768 0.12944688221153847 0.6644736850961538 0.14010721153846153 0.6468756778846154 0.14315302163461538 0.6319850552884615 0.13325414182692308 0.6292776706730769
8 0.2543250480769231 0.20286441346153847 0.2390960048076923 0.17714425 0.23148148076923075 0.18391271394230768 0.23148148076923075 0.20151072115384616 0.24366471634615383 0.21910872836538461 0.25813231009615384 0.24347519951923077 0.2687926418269231 0.24076781490384616 0.26726973798076925 0.2177550360576923 0.2543250480769231 0.20286441346153847
8 0.2550865 0.15413147115384615 0.25356359615384616 0.17443686298076924 0.25660940625 0.19880333653846155 0.26574683173076924 0.22181611538461538 0.2748842596153846 0.21234026442307694 0.2741228076923077 0.19609594951923076 0.2687926418269231 0.16496101442307692 0.25889376201923076 0.14871669951923078 0.2550865 0.15413147115384615
8 0.3434149615384615 0.22723088701923075 0.3281859158653846 0.22046242067307692 0.31219541826923075 0.22046242067307692 0.31219541826923075 0.23806042788461537 0.3281859158653846 0.24482889423076923 0.3418920552884615 0.24482889423076923 0.3517909350961539 0.24347519951923077 0.35331383894230767 0.23264565625 0.3434149615384615 0.22723088701923075
8 0.2474719783653846 0.12435022836538462 0.23605019471153849 0.12705761298076923 0.23148148076923075 0.1324723846153846 0.22234405528846152 0.14059454086538462 0.22310550721153846 0.14871669951923078 0.23985745673076925 0.15007039182692308 0.2505177884615385 0.14465562019230768 0.25889376201923076 0.13788715625 0.2558479543269231 0.12028914903846154 0.2474719783653846 0.12435022836538462
8 0.43478923076923076 0.849929608173077 0.4317434206730769 0.8594054591346154 0.42565180288461535 0.8878330096153846 0.4325048725961539 0.8959551658653846 0.44011939663461536 0.8878330096153846 0.4431652043269231 0.8675276153846153 0.4484953701923077 0.847222221153846 0.4462110144230769 0.8418074495192307 0.43478923076923076 0.849929608173077
8 0.45839424999999995 0.8418074495192307 0.4462110144230769 0.8729423870192308 0.4545869879807692 0.8864793149038461 0.46753167548076924 0.8539906875000001 0.47286184134615383 0.8391000649038461 0.47210038942307697 0.8282705216346155 0.46448586778846157 0.8336852932692308 0.45839424999999995 0.8418074495192307
8 0.48047636538461536 0.8255631370192307 0.47286184134615383 0.8458685288461538 0.46448586778846157 0.8634665360576924 0.4629629639423077 0.8810645432692308 0.45991715384615384 0.8932477812499999 0.47210038942307697 0.8905403942307692 0.4766691033653846 0.8783571586538461 0.48580653125 0.8526369927884615 0.4941825048076923 0.8336852932692308 0.48047636538461536 0.8255631370192307
8 0.43555068269230773 0.9121994807692307 0.4378350384615385 0.9297974879807692 0.45839424999999995 0.9189679447115384 0.46905458173076925 0.9040773221153846 0.4652473197115385 0.8973088581730769 0.4469724663461539 0.9040773221153846 0.43555068269230773 0.9121994807692307
8 0.48352217307692313 0.9704082740384615 0.5185489759615385 0.9636398100961538 0.5200718822115384 0.9541639591346154 0.5155031682692308 0.9419807235576924 0.48276072115384616 0.9487491875 0.48352217307692313 0.9704082740384615
8 0.564236110576923 0.9622861177884615 0.5718506346153845 0.9758230456730769 0.57946515625 0.9866525889423077 0.5886025817307693 0.9771767379807692 0.5825109639423076 0.9555176514423077 0.5741349903846154 0.9406270312499999 0.5680433725961538 0.9473954951923077 0.564236110576923 0.9622861177884615
8 0.5916483918269231 0.9338585673076923 0.57946515625 0.9257364086538461 0.5764193461538462 0.9352122596153846 0.5916483918269231 0.9677008870192307 0.6045930793269231 0.9717619663461539 0.6053545312499999 0.9649935024038462 0.607638889423077 0.9487491875 0.5916483918269231 0.9338585673076923
8 0.5718506346153845 0.7795375793269231 0.5619517548076923 0.7930745072115385 0.5543372307692308 0.8052577427884615 0.5566215889423077 0.81473359375 0.5695662764423077 0.8093188221153846 0.5908869399038461 0.787659735576923 0.5931712956730769 0.7781838846153846 0.5878411298076923 0.7687080360576922 0.5718506346153845 0.7795375793269231
8 0.6251522908653846 0.4235163533653846 0.6312439086538462 0.4329922019230769 0.644950048076923 0.3964424951923077 0.6479958581730769 0.37342971634615385 0.6396198822115384 0.36666125240384617 0.6281980985576923 0.39373511057692306 0.6251522908653846 0.4235163533653846
8 0.5474841610576923 0.5846058052884615 0.552814326923077 0.606264889423077 0.5596673966346154 0.5724225697115385 0.5589059447115384 0.5291043966346154 0.5451998052884616 0.5345191682692307 0.5421539951923077 0.5507634831730769 0.5474841610576923 0.5846058052884615
8 0.46905458173076925 0.45600498076923074 0.46905458173076925 0.4695419110576923 0.4865679831730769 0.48443253125 0.5017970264423077 0.48037145432692313 0.5002741225961539 0.46412713942307693 0.4850450769230769 0.45871236778846153 0.46905458173076925 0.45600498076923074
8 0.6944444447115384 0.9649935024038462 0.6967288004807692 0.9961284375 0.7165265600961538 0.9934210528846154 0.7142422019230769 0.9798841225961539 0.7096734903846154 0.9419807235576924 0.7020589663461538 0.9419807235576924 0.6944444447115384 0.9649935024038462
0 0.8726242692307692 0.8323316009615385 0.8558723197115385 0.8282705216346155 0.849780701923077 0.7984892788461538 0.8604410336538462 0.7714154206730769 0.8474963461538461 0.76735434375 0.8322673004807692 0.7822449639423077 0.8353131081730769 0.8106725144230769 0.8406432740384615 0.8539906875000001 0.8459734399038462 0.8973088581730769 0.87643153125 0.8770034663461538 0.9221186634615385 0.858051764423077 0.9000365504807692 0.8201483653846153 0.8924220264423077 0.835038985576923 0.8726242692307692 0.8323316009615385
0 0.67312378125 0.653644141826923 0.6441885961538462 0.6644736850961538 0.6426656923076923 0.701023391826923 0.6419042403846155 0.7484026418269232 0.6639863557692307 0.7456952572115385 0.6799768509615384 0.7308046346153846 0.6830226610576923 0.7050844711538461 0.6830226610576923 0.6495830625000001 0.67312378125 0.653644141826923
0 0.7743969302884615 0.598142733173077 0.7721125721153845 0.6252165913461538 0.769066764423077 0.65770521875 0.769066764423077 0.6874864639423077 0.7789656442307693 0.7050844711538461 0.8139924471153847 0.6929012355769231 0.8139924471153847 0.6604126057692308 0.8193226129807692 0.622509204326923 0.8170382548076923 0.5886668822115385 0.7743969302884615 0.598142733173077
0 0.9662828942307692 0.8553443798076923 0.996740985576923 0.8729423870192308 0.998263889423077 0.847222221153846 0.9883650096153846 0.8377463725961539 0.9609527283653846 0.8201483653846153 0.954861110576923 0.8418074495192307 0.9662828942307692 0.8553443798076923
13 0.9502923966346154 0.936565951923077 0.9274488293269231 0.9338585673076923 0.9076510721153846 0.9528102668269232 0.9068896201923077 0.9812378173076923 0.91526559375 0.9961284375 0.9381091610576924 0.9988358245192307 0.9533382067307692 0.9866525889423077 0.9594298245192309 0.9636398100961538 0.9502923966346154 0.936565951923077
11 0.6784539471153846 0.8918940865384616 0.6556103798076923 0.8986625504807692 0.6457115000000001 0.9149068653846153 0.6518031177884616 0.9514565745192307 0.6522904471153846 0.9642625072115384 0.6693165216346154 0.9758230456730769 0.6830226610576923 0.9731156586538462 0.7005360625 0.9487491875 0.7035818701923078 0.9203216370192308 0.6913986346153845 0.9000162451923077 0.6784539471153846 0.8918940865384616
13 0.937987329326923 0.9328568341346154 0.910575048076923 0.9512670576923077 0.9057017548076923 0.972926141826923 0.9142300192307692 0.9967511370192308 0.9392056538461537 0.9989170456730769 0.9568713461538461 0.9783409134615385 0.9568713461538461 0.9480181947115385 0.937987329326923 0.9328568341346154
7 0.6102582836538462 0.5733160072115384 0.5877192980769231 0.5722330504807692 0.5767543870192308 0.581979639423077 0.5785818701923077 0.6426250817307693 0.5986842115384615 0.6599523509615385 0.61330409375 0.6621182596153846 0.6242690048076922 0.6350444014423077 0.625487329326923 0.6220489495192307 0.6151315793269231 0.6058046346153846 0.6102582836538462 0.5733160072115384
7 0.5475146201923077 0.07948884615384616 0.5438596490384615 0.05566385096153846 0.5280214423076923 0.07515702884615384 0.5304580889423077 0.09898202403846154 0.5286306033653847 0.11522633653846154 0.5310672524038462 0.13471951442307692 0.5426413245192307 0.16071041826923077 0.5493421057692308 0.19753086538461537 0.5572612091346154 0.16720814423076924 0.5627436634615385 0.12930474278846155 0.5712719302884616 0.10006497836538462 0.5548245625 0.11089451923076923 0.5475146201923077 0.07948884615384616
7 0.6242690048076922 0.12713883413461538 0.6151315793269231 0.13363656009615385 0.5992933725961538 0.13580246875000002 0.5883284591346154 0.13688542307692309 0.5950292403846154 0.15204678365384613 0.6023391802884616 0.16612518990384617 0.6120857692307692 0.17478882451923078 0.6321881081730769 0.17478882451923078 0.6382797259615385 0.16612518990384617 0.6297514615384615 0.15312973798076923 0.6242690048076922 0.12713883413461538
7 0.6370614038461538 0.1119774735576923 0.6297514615384615 0.13905133173076922 0.6394980504807692 0.17587177884615385 0.6583820673076922 0.15746155528846154 0.6669103317307693 0.13255360576923075 0.6754385961538462 0.10764565625000001 0.6681286538461539 0.09789906971153847 0.6504629639423077 0.09356725240384615 0.6370614038461538 0.1119774735576923
7 0.6906676418269231 0.10764565625000001 0.6827485384615385 0.07407407451923077 0.6638645216346154 0.07948884615384616 0.6583820673076922 0.09140134375 0.6760477572115384 0.10439679326923076 0.6699561394230769 0.1412172403846154 0.6790935673076923 0.15204678365384613 0.6675194927884616 0.17695473317307692 0.6705653028846155 0.18345245913461536 0.6827485384615385 0.16720814423076924 0.6894493173076923 0.1412172403846154 0.6906676418269231 0.10764565625000001
4 0.6931042884615385 0.059995668269230765 0.6967592596153847 0.07623998317307693 0.6931042884615385 0.08273770913461538 0.6961500985576923 0.10223088701923078 0.70955165625 0.09140134375 0.7168615985576923 0.08057180048076923 0.7199074062499999 0.062161576923076924 0.6973684206730769 0.05566385096153846 0.6931042884615385 0.059995668269230765
4 0.7119883052884616 0.12280701682692308 0.7235623774038462 0.11414338221153845 0.7235623774038462 0.08815248076923078 0.7150341129807691 0.08382066346153846 0.7034600384615385 0.10547975 0.7119883052884616 0.12280701682692308
7 0.9800194927884616 0.2213558581730769 0.9976851850961539 0.23435131009615384 0.9976851850961539 0.20836040625000002 0.984283625 0.20186268028846152 0.9647904471153846 0.19103313942307693 0.9580896682692307 0.2094433605769231 0.9800194927884616 0.2213558581730769
11 0.8618421057692308 0.29824561298076924 0.8478313846153847 0.32531947115384613 0.8417397668269231 0.3643058269230769 0.8423489278846154 0.39354559134615386 0.8673245625000001 0.3913796826923077 0.8868177379807692 0.3870478653846154 0.8904727091346154 0.36538878125 0.8898635480769231 0.31232401923076925 0.8618421057692308 0.29824561298076924
7 0.7668128653846153 0.6924409783653847 0.7528021442307692 0.6989387043269232 0.7558479543269231 0.7270955168269231 0.7515838197115384 0.7465886947115384 0.7655945408653846 0.7444227860576924 0.7783869399038461 0.7498375576923078 0.7893518509615384 0.7335932427884615 0.7863060432692308 0.7097682475961539 0.7668128653846153 0.6924409783653847
7 0.8131091610576924 0.668615985576923 0.824683235576923 0.6913580240384616 0.8344298245192309 0.6772796177884615 0.8417397668269231 0.6632012139423077 0.8411306033653846 0.6545375793269231 0.8234649134615384 0.6458739447115385 0.8131091610576924 0.668615985576923
2 0.687012670673077 0.3664717355769231 0.6596003894230769 0.36538878125 0.6596003894230769 0.3729694615384615 0.6723927884615384 0.38488195913461537 0.6961500985576923 0.39354559134615386 0.714424951923077 0.3957115 0.7156432740384615 0.3740524158653846 0.687012670673077 0.3664717355769231
2 0.7351364519230769 0.5343296514423077 0.7576754374999999 0.5375785144230769 0.76437621875 0.5170023822115385 0.7302631586538462 0.5072557932692308 0.7320906442307693 0.5170023822115385 0.7351364519230769 0.5343296514423077
11 0.8057992211538461 0.5462421490384616 0.8240740745192308 0.5646523725961539 0.8374756346153845 0.5440762403846153 0.8362573100961538 0.5126705649038461 0.8222465889423076 0.5029239759615385 0.8094541899038461 0.5083387475961538 0.8045808966346153 0.5224171538461538 0.8057992211538461 0.5462421490384616
7 0.7496740168269231 0.9359622788461538 0.737326141826923 0.9385964903846153 0.716087798076923 0.9421087764423077 0.7150999687499999 0.9561579134615384 0.7210269471153846 0.9868903990384615 0.7338687379807692 0.9895246129807693 0.7417713774038461 0.9860123293269231 0.7506618461538461 0.9675728365384615 0.7496740168269231 0.9359622788461538
8 0.5827307572115384 0.8042516201923077 0.5728524567307692 0.8086419759615384 0.558528923076923 0.8226911129807692 0.577791608173077 0.8341060360576923 0.5856942475961538 0.8463990312499999 0.6000177812499999 0.8384963918269231 0.6005116947115384 0.8218130408653846 0.5970542908653846 0.8042516201923077 0.5827307572115384 0.8042516201923077
6 0.6390370625 0.7928366971153846 0.631134423076923 0.7647384230769231 0.6182926346153846 0.7331278653846154 0.6064386754807692 0.6971269519230769 0.5906333966346154 0.6655163942307692 0.5758159471153846 0.6426865456730769 0.565443733173077 0.6549795408653847 0.5763098629807692 0.6786874591346154 0.5931029711538461 0.708541875 0.60890825 0.7489331442307693 0.628170935096154 0.7981051225961538 0.6380492331730768 0.8051296899038461 0.6390370625 0.7928366971153846
2 0.4632033341346154 0.5794654302884615 0.44739805528846155 0.5680505072115385 0.43011103125 0.5522452283653846 0.4088726875 0.5425864471153846 0.40492136778846155 0.5645382235576923 0.4113422644230769 0.5698066490384616 0.4340623509615385 0.5803435024038461 0.4488798004807692 0.5864899975961538 0.4592520144230769 0.5908803533653846 0.4632033341346154 0.5794654302884615
2 0.42912320192307696 0.6295154807692308 0.4320866923076923 0.6488330432692307 0.4365319278846154 0.6751751754807693 0.4429528221153846 0.6918585264423077 0.4508554615384615 0.6848339567307692 0.4528311201923077 0.6725409615384615 0.4469041418269231 0.6365400480769231 0.4385075865384615 0.6216128413461538 0.42912320192307696 0.6295154807692308
2 0.40739094471153847 0.6321496947115384 0.4113422644230769 0.6584918245192307 0.41776315865384617 0.6901023822115384 0.42912320192307696 0.6857120288461539 0.43109886298076927 0.67956553125 0.42862928605769235 0.6374181201923077 0.4197388173076923 0.6242470528846155 0.40739094471153847 0.6321496947115384
2 0.5397601538461538 0.7638603509615384 0.522967045673077 0.7568357836538462 0.5037043629807691 0.7542015697115385 0.5012347884615385 0.7621042091346154 0.5032104471153847 0.7787875600961538 0.5200035552884615 0.7858121274038462 0.5392662403846153 0.7831779158653845 0.5535897740384615 0.7858121274038462 0.5550715192307693 0.7752752740384616 0.5397601538461538 0.7638603509615384
7 0.48542950721153844 0.7506892860576924 0.47900861298076924 0.7779094879807692 0.47258771874999994 0.8112761875000001 0.5135826610576923 0.8332279639423077 0.5165461514423076 0.8165446153846154 0.523954875 0.784055985576923 0.5007408725961539 0.7559577115384616 0.48542950721153844 0.7506892860576924
2 0.4217144783653846 0.7796656298076924 0.4296171177884615 0.7752752740384616 0.41479966826923076 0.7480550721153846 0.4133179230769231 0.7401524326923077 0.40343962499999997 0.7182006562500001 0.39306740865384615 0.7015173076923078 0.3836830240384615 0.719956798076923 0.3886221754807692 0.7313717235576923 0.39701872836538465 0.7533234999999999 0.4093666033653846 0.7647384230769231 0.4217144783653846 0.7796656298076924
2 0.4217144783653846 0.8042516201923077 0.4029457091346154 0.791958625 0.3896100048076923 0.7849340576923077 0.38763434375 0.7937147668269231 0.3985004735576923 0.8103981177884615 0.41875098798076926 0.8349841057692308 0.43258060576923074 0.8437648173076924 0.44147107692307697 0.8218130408653846 0.4217144783653846 0.8042516201923077
2 0.39059783413461535 0.7621042091346154 0.39059783413461535 0.7743972043269232 0.41628141346153846 0.80161740625 0.4276414567307692 0.7989831947115384 0.42665362740384616 0.7787875600961538 0.40541528365384616 0.7717629903846154 0.39059783413461535 0.7621042091346154
7 0.5456871346153845 0.6312716225961539 0.5269183653846153 0.6224909110576923 0.5170400673076924 0.6549795408653847 0.5214853004807692 0.6707848197115385 0.5397601538461538 0.6778093894230769 0.549638454326923 0.6681506057692308 0.561986329326923 0.65410146875 0.5456871346153845 0.6312716225961539
7 0.6933677091346154 0.8911806538461539 0.6958372836538461 0.8674727355769231 0.6839833245192307 0.83674025 0.6795380913461538 0.8270814663461539 0.6449640432692308 0.8507893870192308 0.6345918293269232 0.8718630913461538 0.6247135288461538 0.9140105024038461 0.6306405096153846 0.9394745624999999 0.6479275336538461 0.9447429879807692 0.6459518725961538 0.9166447139423077 0.6578058317307692 0.8982052235576923 0.6745989399038461 0.8938148677884615 0.6869468149038462 0.8946929375000001 0.6933677091346154 0.8911806538461539
6 0.5323514302884615 0.9675728365384615 0.522967045673077 0.9745974038461539 0.5037043629807691 0.9877684711538461 0.4943199783653846 0.9956711105769231 0.49412339903846153 1 0.51506440625 0.9956711105769231 0.5288940264423077 0.9868903990384615 0.535314920673077 0.9789877596153846 0.5323514302884615 0.9675728365384615
6 0.5501323701923077 0.8692288774038462 0.5614924134615384 0.8823999447115385 0.5713707139423077 0.8604481682692308 0.5669254783653846 0.8428867451923078 0.5550715192307693 0.8262033966346153 0.5437114735576923 0.8525455288461538 0.5501323701923077 0.8692288774038462
4 0.5842125024038461 0.8823999447115385 0.5931029711538461 0.9008394350961539 0.6010056105769231 0.877131516826923 0.5975482067307692 0.8595700961538462 0.58766990625 0.8525455288461538 0.5817429278846153 0.8709850192307692 0.5842125024038461 0.8823999447115385
3 0.5772976923076923 0.7506892860576924 0.5807550961538461 0.7673726346153846 0.5906333966346154 0.7612261394230769 0.5916212259615384 0.7471770024038461 0.5886577355769231 0.7296155817307692 0.5787794374999999 0.7296155817307692 0.5772976923076923 0.7506892860576924
6 0.5446993052884616 0.7278594375 0.5427236442307692 0.7357620769230769 0.5555654326923076 0.7410305048076923 0.5713707139423077 0.7410305048076923 0.5693950528846154 0.7313717235576923 0.5600106682692307 0.7313717235576923 0.5446993052884616 0.7278594375
8 0.5022226177884616 0.04647630048076923 0.5125948317307693 0.027158737980769232 0.5254366201923077 0.0008166057692307692 0.5061739375 0.0008166057692307692 0.4943199783653846 0.038573661057692304 0.5022226177884616 0.04647630048076923
4 0.6741050264423076 0.26423792307692306 0.6953433701923076 0.25545721153846157 0.6963311995192308 0.22296858173076922 0.6908981346153846 0.21243173076923078 0.6716354519230769 0.23438350721153847 0.6741050264423076 0.26423792307692306
2 0.7837541490384615 0.8042516201923077 0.7773332548076923 0.8244472548076923 0.7723941057692307 0.8622043100961538 0.7817784879807692 0.8736192331730769 0.7951141923076922 0.8692288774038462 0.7990655120192307 0.844642889423077 0.8010411730769231 0.8130323317307693 0.7911628725961539 0.7972270504807693 0.7837541490384615 0.8042516201923077
13 0.8746345024038462 0.76298228125 0.8850067163461539 0.78229984375 0.8973545913461538 0.7743972043269232 0.90278765625 0.7621042091346154 0.889451951923077 0.7401524326923077 0.8820432283653846 0.7462989302884615 0.8746345024038462 0.76298228125
6 0.7378200576923077 0.780543701923077 0.7497563365384615 0.7574182379807692 0.7309052475961538 0.7401524326923077 0.7244843533653846 0.7542015697115385 0.7254721826923076 0.7700068485576923 0.7378200576923077 0.780543701923077
6 0.7338687379807692 0.7234690841346154 0.7259660985576922 0.7120541586538462 0.7052216682692307 0.7208348701923076 0.6958372836538461 0.7208348701923076 0.698306860576923 0.7340059350961539 0.7042338389423077 0.7471770024038461 0.7146060528846154 0.7454208581730769 0.7185573725961538 0.7375182187499999 0.7239904375 0.7313717235576923 0.73288090625 0.7304936514423077 0.7338687379807692 0.7234690841346154
9 0.8855006322115385 0.8903025841346154 0.8958728461538462 0.9025955769230769 0.9097024663461538 0.9043517211538461 0.9146416153846153 0.8832780144230769 0.903775485576923 0.8692288774038462 0.8929093557692307 0.8727411610576923 0.8855006322115385 0.8903025841346154
7 0.9788505600961539 0.9552798413461538 0.9995949903846154 0.9596701971153846 0.9995949903846154 0.9184008581730769 0.9936680096153846 0.9122543605769231 0.9768749014423077 0.91049821875 0.9704540072115384 0.937718420673077 0.9788505600961539 0.9552798413461538
7 0.8435178605769231 0.9122543605769231 0.8262308365384615 0.9131324302884616 0.8207977716346153 0.9025955769230769 0.8084498966346154 0.8841560865384616 0.8020290024038462 0.8876683701923077 0.7941263629807692 0.9061078629807693 0.7975837668269231 0.9254254254807692 0.7817784879807692 0.9175227860576923 0.7723941057692307 0.9008394350961539 0.7595523149038462 0.9078640048076922 0.7565888245192307 0.9289377091346154 0.7654792956730769 0.9544017692307692 0.7842480649038461 0.9596701971153846 0.7911628725961539 0.9561579134615384 0.7906689591346154 0.9947930384615385 0.8014083173076922 1 0.8341334759615384 0.9930368966346154 0.8321578149038462 0.9421087764423077 0.8370969663461539 0.92981578125 0.8435178605769231 0.9122543605769231
4 0.8153647067307692 0.9175227860576923 0.8049924927884615 0.9403526322115384 0.8188221105769231 0.9552798413461538 0.8346273894230769 0.9359622788461538 0.8405543701923077 0.9210350697115385 0.839072625 0.9131324302884616 0.8242551754807692 0.9140105024038461 0.8153647067307692 0.9175227860576923
4 0.8361091346153846 0.9666947644230769 0.8316639014423076 0.9438649182692308 0.8158586225961538 0.9623044086538461 0.8257369206730769 0.9816219735576923 0.8361091346153846 0.9666947644230769
4 0.7788149999999999 0.88503415625 0.7773332548076923 0.9017175072115384 0.7788149999999999 0.9227912115384616 0.7951141923076922 0.9245473533653846 0.7951141923076922 0.9140105024038461 0.7946202788461538 0.8894245120192308 0.7901750432692308 0.8823999447115385 0.7788149999999999 0.88503415625
2 0.9052572307692308 0.9482552740384615 0.8988363365384615 0.970207048076923 0.9032815721153846 0.9754754759615385 0.9146416153846153 0.9482552740384615 0.9245199134615384 0.9254254254807692 0.9180990192307692 0.9192789278846154 0.9052572307692308 0.9482552740384615
0 0.90278765625 0.9991833942307693 0.9491366370192308 1 0.9665026875 0.9974272524038461 0.9699600913461539 0.9877684711538461 0.9783566466346154 0.9675728365384615 0.9837897115384616 0.9517675576923076 0.97539315625 0.9500114158653846 0.9605757067307692 0.9482552740384615 0.9279773197115385 0.937718420673077 0.9171111899038462 0.9368403485576924 0.9052572307692308 0.9754754759615385 0.9032815721153846 0.9816219735576923 0.90278765625 0.9991833942307693
2 0.31502884375 0.7717629903846154 0.32737671875 0.780543701923077 0.33231586778846156 0.7726410625 0.34268808173076926 0.7550796418269231 0.3239193149038462 0.7287375096153846 0.3120653557692308 0.7304936514423077 0.3031748846153846 0.7208348701923076 0.28983918028846156 0.7023953774038462 0.28490003124999996 0.7190787283653847 0.2957661610576923 0.7278594375 0.29774181971153846 0.7401524326923077 0.3041627163461538 0.7515673557692307 0.31502884375 0.7717629903846154
2 0.35059072115384615 0.6962488798076923 0.3347854423076923 0.6909804543269231 0.32836454807692306 0.6839558846153846 0.31898016346153846 0.6751751754807693 0.2957661610576923 0.6699067500000001 0.2957661610576923 0.6936146682692308 0.32046190865384616 0.708541875 0.33034020913461537 0.706785733173077 0.34318199759615386 0.7094199471153846 0.35059072115384615 0.7076638052884616 0.35059072115384615 0.6962488798076923
2 0.35750553124999995 0.6620041105769231 0.3412063389423077 0.6690286778846153 0.3313280384615384 0.6804436009615386 0.3318219543269231 0.6892243124999999 0.3555298725961539 0.6909804543269231 0.3713351514423077 0.6830778149038461 0.3772621298076923 0.6742971033653846 0.3772621298076923 0.6576137548076922 0.35750553124999995 0.6620041105769231
2 0.3007053100961538 0.9640605504807692 0.3007053100961538 0.950889485576923 0.28292437259615383 0.9359622788461538 0.27255215625 0.9254254254807692 0.26514343269230767 0.9271815673076923 0.25230164423076923 0.9157666442307693 0.24933815384615385 0.9271815673076923 0.26464951682692306 0.941230704326923 0.2700825817307692 0.9517675576923076 0.2809487115384615 0.9640605504807692 0.2932965865384615 0.9728412620192307 0.3007053100961538 0.9640605504807692
2 0.25427730288461536 0.9693289783653847 0.24835032451923075 0.9904026826923077 0.2626738581730769 0.9895246129807693 0.27798522115384616 0.9860123293269231 0.27798522115384616 0.9666947644230769 0.27255215625 0.9623044086538461 0.2616860288461539 0.9666947644230769 0.25427730288461536 0.9693289783653847
2 0.3278706346153846 0.8797657307692308 0.3234253990384615 0.8753753750000001 0.31552275961538456 0.8797657307692308 0.30564445913461535 0.8964490817307692 0.3011992259615385 0.9166447139423077 0.2932965865384615 0.9333280649038461 0.3016931394230769 0.9324499927884615 0.30959577884615386 0.9254254254807692 0.3165105889423077 0.9096201466346153 0.3234253990384615 0.8964490817307692 0.3278706346153846 0.8797657307692308
8 0.233532875 0.8692288774038462 0.2231606610576923 0.8753753750000001 0.22464240624999998 0.8929367956730769 0.24341117548076924 0.8885464423076923 0.2587225384615385 0.8832780144230769 0.25822862259615387 0.8665946658653846 0.24884423798076924 0.86571659375 0.233532875 0.8692288774038462
4 0.21673976682692306 0.65410146875 0.20587363701923078 0.6628821802884615 0.1925379326923077 0.6786874591346154 0.1851292091346154 0.7032734495192308 0.1851292091346154 0.7243471538461539 0.20044057211538463 0.7243471538461539 0.2127884471153846 0.7173225865384616 0.22118500000000002 0.7041515192307692 0.2226667451923077 0.6821997427884615 0.21673976682692306 0.65410146875
7 0.2636616875 0.6637602524038461 0.26860083653846156 0.6532233990384615 0.2740339014423077 0.6453207596153846 0.2730460721153846 0.6365400480769231 0.2636616875 0.6163444134615385 0.23847202403846154 0.6409304038461539 0.23600244951923077 0.6620041105769231 0.24588075 0.6716628918269231 0.24983206971153848 0.6707848197115385 0.24933815384615385 0.6883462403846153 0.2562529639423077 0.6857120288461539 0.2636616875 0.6637602524038461
8 0.20636755288461536 0.7243471538461539 0.19599533653846152 0.7217129399038461 0.19303184855769231 0.7340059350961539 0.19994665625 0.7454208581730769 0.21575193509615384 0.7638603509615384 0.22365457451923076 0.7577138533653845 0.21476410576923077 0.7375182187499999 0.20636755288461536 0.7243471538461539
2 0.18661095192307692 0.8604481682692308 0.19303184855769231 0.88503415625 0.20439189182692308 0.8911806538461539 0.2093310408653846 0.8841560865384616 0.20784929567307692 0.8595700961538462 0.19500750721153848 0.8463990312499999 0.18661095192307692 0.8604481682692308
2 0.23699027884615387 0.8929367956730769 0.23007547115384613 0.9008394350961539 0.21822151201923076 0.9113762884615385 0.2197032548076923 0.9254254254807692 0.22365457451923076 0.9359622788461538 0.24044768509615383 0.9166447139423077 0.24983206971153848 0.8990832932692308 0.24588075 0.8885464423076923 0.23699027884615387 0.8929367956730769
12 0.3836830240384615 0.20452909134615385 0.38022562019230766 0.19223609615384613 0.37479255528846156 0.1737966033653846 0.37034732211538457 0.17467467548076923 0.37479255528846156 0.19662645192307693 0.3772621298076923 0.21155365865384615 0.38071953605769226 0.22999315144230767 0.38664651442307696 0.22296858173076922 0.3836830240384615 0.20452909134615385
6 0.41183617788461535 0.2071633028846154 0.41183617788461535 0.21945629807692307 0.41776315865384617 0.23526157692307692 0.4276414567307692 0.2291150793269231 0.4409771610576923 0.22121243990384618 0.43751975721153846 0.19926066346153848 0.42912320192307696 0.20101680528846153 0.41183617788461535 0.2071633028846154
5 0.23896593990384615 0.12550269471153847 0.24983206971153848 0.12023426923076924 0.2503259831730769 0.08862371153846153 0.2340267908653846 0.09564827884615384 0.2330389591346154 0.10442899038461538 0.23896593990384615 0.12550269471153847
5 0.2720582427884616 0.04911051442307693 0.2681069230769231 0.022768382211538464 0.2626738581730769 0.02452452403846154 0.25526513461538464 0.03418330528846154 0.2592164543269231 0.055257012019230764 0.2720582427884616 0.04911051442307693
6 0.1925379326923077 0.15535711057692309 0.20686146634615385 0.1764308173076923 0.22809981009615385 0.13164919230769231 0.2315572139423077 0.11760005528846153 0.22118500000000002 0.09740442307692308 0.2093310408653846 0.11496584375 0.1925379326923077 0.15535711057692309
6 0.1322803076923077 0.2686282764423077 0.14018294711538462 0.26423792307692306 0.13721945673076924 0.23613964903846155 0.10857238701923078 0.23526157692307692 0.11054804807692308 0.26950634855769234 0.1322803076923077 0.2686282764423077
4 0.3165105889423077 0.002572747596153846 0.31947407932692307 0.027158737980769232 0.3249071442307692 0.039451733173076924 0.3337976129807692 0.04384208653846154 0.34318199759615386 0.02364645432692308 0.35059072115384615 0.005206961538461539 0.3165105889423077 0.002572747596153846
11 0.306138375 0.16325974999999998 0.29922356490384616 0.14657640144230769 0.2883574375 0.11847812740384615 0.2814426274038462 0.10794127403846154 0.26860083653846156 0.11672198557692307 0.2592164543269231 0.13867376201923076 0.2636616875 0.15623518269230768 0.2710704134615385 0.1755527451923077 0.28588786057692306 0.19750452163461538 0.3011992259615385 0.17730888701923078 0.306138375 0.16325974999999998
9 0.30564445913461535 0.08686756971153847 0.29774181971153846 0.11584391346153847 0.31107752403846156 0.1439421875 0.32589497355769226 0.1448202596153846 0.33231586778846156 0.13164919230769231 0.3352793581730769 0.11145355769230769 0.3288584639423077 0.0921359951923077 0.32046190865384616 0.0833552860576923 0.30564445913461535 0.08686756971153847
5 0.3130531850961538 0.11408777163461538 0.3224375697115385 0.13077112259615384 0.3318219543269231 0.12023426923076924 0.33083412259615386 0.11233162980769232 0.3214497403846154 0.10091670673076923 0.3170045048076923 0.10355091826923077 0.3130531850961538 0.11408777163461538
11 0.3170045048076923 0.04911051442307693 0.2987296514423077 0.055257012019230764 0.2932965865384615 0.06842807692307692 0.29724790625 0.10618513221153845 0.30712620432692306 0.14042990384615386 0.3209558245192307 0.15799132451923076 0.34021850721153846 0.15184482692307694 0.3481211466346154 0.1360395480769231 0.34663940144230765 0.1096974158653846 0.33923067788461536 0.06930614903846154 0.3337976129807692 0.045598230769230766 0.3170045048076923 0.04911051442307693
5 0.23699027884615387 0.4064854326923077 0.24933815384615385 0.4170222860576923 0.25724079326923077 0.3968266514423077 0.25674687740384616 0.38453365625 0.24341117548076924 0.38189944230769235 0.23699027884615387 0.4064854326923077
10 0.3530602980769231 0.5100978173076923 0.3481211466346154 0.4942925384615385 0.33873676201923075 0.4995609639423077 0.34466374278846157 0.5188785264423077 0.3530602980769231 0.5100978173076923
4 0.4068970288461538 0.37311873317307687 0.3856586850961538 0.31867832692307696 0.35108463701923076 0.3678503052884615 0.3244132283653846 0.4117538581730769 0.3120653557692308 0.43370563461538464 0.3140410144230769 0.44424248798076926 0.3436759134615385 0.4916583245192308 0.3624446802884615 0.5074636033653847 0.3881282596153846 0.47058462019230773 0.41381183894230766 0.43194949278846156 0.42418405288461536 0.40736350480769234 0.4068970288461538 0.37311873317307687
5 0.31848625 0.4179003557692308 0.31058361057692313 0.40385121874999996 0.30218705528846157 0.4179003557692308 0.31107752403846156 0.42931528125 0.31848625 0.4179003557692308
10 0.3145349302884615 0.3933143677884615 0.3214497403846154 0.37663101682692307 0.31799233413461536 0.36433802163461537 0.3125592692307692 0.3617038100961538 0.30811403605769233 0.38628979807692304 0.3145349302884615 0.3933143677884615
5 0.2942844158653846 0.3660941634615385 0.30959577884615386 0.36433802163461537 0.31107752403846156 0.3529230985576923 0.3026809711538462 0.3441423870192307 0.29724790625 0.34502045913461543 0.2942844158653846 0.3660941634615385
11 0.3046566298076923 0.3696064495192308 0.2942844158653846 0.36697223557692304 0.2957661610576923 0.31955639903846156 0.28983918028846156 0.2984826923076923 0.2789730528846154 0.27828706009615384 0.2592164543269231 0.27126249038461536 0.2518077283653846 0.27477477403846157 0.24588075 0.3002388341346154 0.24143551442307692 0.29584848076923076 0.22711198076923075 0.2888239110576923 0.2221728317307692 0.29760462259615383 0.2325450456730769 0.3239467548076923 0.23699027884615387 0.3371178197115385 0.23995376923076922 0.3485327427884615 0.2443990048076923 0.3555573125 0.24785640865384614 0.3687283774038462 0.2532894735576923 0.3757529471153846 0.2611921129807692 0.38628979807692304 0.2532894735576923 0.4117538581730769 0.2577347091346154 0.4266810673076923 0.27255215625 0.43458370673076924 0.28983918028846156 0.42141264182692306 0.3016931394230769 0.39858279326923074 0.3066322908653846 0.3739968028846154 0.3046566298076923 0.3696064495192308
7 0.2602042836538461 0.2809212716346154 0.2518077283653846 0.28618969951923073 0.2443990048076923 0.30901954567307693 0.24637466346153847 0.3257028966346154 0.2532894735576923 0.35116695673076925 0.26761300721153847 0.3687283774038462 0.28440611778846153 0.3625818798076923 0.2913209254807692 0.33975203365384615 0.2893452668269231 0.31780025721153843 0.2834182860576923 0.2940923389423077 0.2602042836538461 0.2809212716346154
7 0.22167891586538463 0.2870677692307692 0.2443990048076923 0.30199497836538464 0.24785640865384614 0.2738967043269231 0.23995376923076922 0.25106685576923077 0.22958155528846153 0.24053000240384614 0.24588075 0.25106685576923077 0.25427730288461536 0.24579843028846152 0.2448929182692308 0.22296858173076922 0.2340267908653846 0.21418787259615385 0.21673976682692306 0.21945629807692307 0.2093310408653846 0.21682208413461537 0.20389797596153844 0.23174929326923077 0.2137762764423077 0.24755457211538462 0.21525802163461538 0.26950634855769234 0.22167891586538463 0.2870677692307692
7 0.2093310408653846 0.19399223798076923 0.21525802163461538 0.20628523317307693 0.22612415144230769 0.21418787259615385 0.23106330048076923 0.20804137500000003 0.23007547115384613 0.1887238125 0.22513631971153847 0.17730888701923078 0.21476410576923077 0.18345538461538463 0.2093310408653846 0.19399223798076923
7 0.31848625 0.3107756875 0.31947407932692307 0.28355548557692306 0.30910186538461537 0.28443355528846154 0.2913209254807692 0.2791651298076923 0.29626007692307693 0.32131254086538463 0.29971748076923077 0.3423862451923077 0.30218705528846157 0.3432643173076923 0.31898016346153846 0.34063010336538463 0.31848625 0.3107756875
5 0.3051505456730769 0.2668721346153846 0.3046566298076923 0.28179934375 0.31502884375 0.2888239110576923 0.3224375697115385 0.28179934375 0.32194365384615387 0.2686282764423077 0.31552275961538456 0.26423792307692306 0.3051505456730769 0.2668721346153846
6 0.326388889423077 0.15974746634615386 0.3288584639423077 0.18082117307692308 0.3451576586538462 0.20452909134615385 0.3579994471153846 0.20101680528846153 0.3579994471153846 0.1781869591346154 0.35404812740384617 0.16589396394230768 0.33626718749999995 0.15623518269230768 0.326388889423077 0.15974746634615386
11 0.9210625096153847 0.15360096875 0.9017998269230769 0.15623518269230768 0.8953789326923077 0.17204046153846153 0.9003180817307693 0.18784574038461538 0.9097024663461538 0.19487031009615385 0.925013829326923 0.1860895985576923 0.9334103846153846 0.1711623894230769 0.9289651490384615 0.15886939663461538 0.9210625096153847 0.15360096875
11 0.07399834134615385 0.6953708100961538 0.08684012980769232 0.6260031971153845 0.053747826923076926 0.5900022836538461 0.03893037740384615 0.6663944639423077 0.07399834134615385 0.6953708100961538
9 0.07251659615384615 0.7313717235576923 0.07152876442307693 0.708541875 0.055723485576923075 0.6944927379807692 0.04386952644230769 0.7041515192307692 0.03942429326923077 0.7296155817307692 0.04782084615384615 0.7454208581730769 0.06807136057692308 0.7427866466346154 0.07251659615384615 0.7313717235576923
9 0.11696894230769231 0.91049821875 0.1075845576923077 0.9236692836538462 0.10017583413461538 0.941230704326923 0.10709064423076924 0.9596701971153846 0.11598111298076923 0.9649386225961538 0.12684724278846154 0.9579140552884616 0.13178639182692306 0.937718420673077 0.1288229014423077 0.9219131418269231 0.11696894230769231 0.91049821875
7 0.19698316826923076 0.958792125 0.21031887259615384 0.9526456274038462 0.20686146634615385 0.9350842067307692 0.20093448798076924 0.9192789278846154 0.19303184855769231 0.9184008581730769 0.1801900576923077 0.9157666442307693 0.17525090865384613 0.9061078629807693 0.16586652403846153 0.9175227860576923 0.15549431009615383 0.9166447139423077 0.14512209615384616 0.9192789278846154 0.13721945673076924 0.9289377091346154 0.1382072860576923 0.9464991298076922 0.14215860576923076 0.9605482668269231 0.13721945673076924 0.9675728365384615 0.1288229014423077 0.9807439014423077 0.13178639182692306 0.9947930384615385 0.15500039423076922 0.9991833942307693 0.1683360985576923 0.9965491802884615 0.17623873798076922 0.9877684711538461 0.18562312259615382 0.9684509062500001 0.19698316826923076 0.958792125
7 0.19599533653846152 0.8806438028846154 0.18809269711538462 0.8982052235576923 0.19006835817307693 0.9140105024038461 0.20537972115384615 0.9245473533653846 0.21624585096153848 0.9271815673076923 0.21723368028846154 0.9052297908653847 0.21081278605769233 0.8894245120192308 0.19599533653846152 0.8806438028846154
6 0.15598822596153847 0.25545721153846157 0.14660384134615384 0.26423792307692306 0.1426525216346154 0.28443355528846154 0.1485795 0.32306868269230765 0.15154299038461538 0.3379958894230769 0.1638908653846154 0.37838715865384615 0.18265963221153847 0.36433802163461537 0.18414137740384615 0.3441423870192307 0.17673265384615386 0.3107756875 0.16537261057692307 0.27038441826923076 0.15598822596153847 0.25545721153846157
7 0.10906630288461537 0.34063010336538463 0.12240200721153846 0.35994766586538457 0.13326813701923076 0.35116695673076925 0.14759167067307694 0.3423862451923077 0.14364035096153846 0.2932142668269231 0.13672554086538463 0.27740898798076924 0.11252370913461539 0.28179934375 0.10363323798076923 0.3055072620192308 0.10906630288461537 0.34063010336538463
6 0.4231962235576923 0.3941924375 0.4315927764423077 0.37311873317307687 0.43751975721153846 0.3415081754807692 0.40788485817307696 0.31867832692307696 0.38269519471153846 0.3055072620192308 0.3589872764423077 0.30814147355769234 0.3555298725961539 0.3239467548076923 0.35256638221153846 0.3564353822115385 0.378743875 0.32658096634615386 0.3881282596153846 0.31955639903846156 0.39751264423076926 0.3441423870192307 0.4108483485576923 0.3739968028846154 0.4231962235576923 0.3941924375
4 0.48888691346153845 0.3968266514423077 0.4844416778846154 0.37311873317307687 0.4696242283653846 0.38365558653846155 0.47703295432692305 0.40385121874999996 0.48888691346153845 0.3968266514423077
6 0.8262308365384615 0.42141264182692306 0.8119073028846154 0.42580299519230774 0.8035107475961538 0.44424248798076926 0.7896811274038461 0.4565354831730769 0.7773332548076923 0.4626819807692308 0.7679488701923076 0.4995609639423077 0.7728880192307692 0.5109758894230769 0.7857298076923077 0.5153662427884615 0.7980776826923077 0.4951706081730769 0.8074620673076923 0.4732188341346154 0.8158586225961538 0.47673111778846156 0.8262308365384615 0.44073020432692306 0.8262308365384615 0.42141264182692306
6 0.8879702067307692 0.4179003557692308 0.8761162475961538 0.4117538581730769 0.8692014375 0.42229071153846154 0.8761162475961538 0.43370563461538464 0.8850067163461539 0.4495109134615385 0.8988363365384615 0.458291625 0.9072328918269231 0.4644381225961538 0.9111842115384616 0.4547793413461539 0.9062450600961539 0.43985213221153846 0.8968606754807692 0.42229071153846154 0.8879702067307692 0.4179003557692308
6 0.9502034927884615 0.4266810673076923 0.9541548125 0.4108757884615385 0.9447704278846154 0.42229071153846154 0.9348921298076923 0.43194949278846156 0.9210625096153847 0.43370563461538464 0.9339042980769231 0.44424248798076926 0.9279773197115385 0.45214512740384616 0.9220503389423077 0.46707233653846153 0.9195807644230769 0.4899021826923077 0.9339042980769231 0.46619426442307693 0.9413130240384615 0.4574135528846154 0.9477339182692308 0.4459986298076923 0.9437825985576923 0.43458370673076924 0.9502034927884615 0.4266810673076923
12 0.9195807644230769 0.39858279326923074 0.9097024663461538 0.4187784278846154 0.9047633149038461 0.4196564975961538 0.90278765625 0.4249249254807692 0.9062450600961539 0.43546177644230766 0.9126659543269231 0.4240468533653846 0.9225442548076923 0.4117538581730769 0.9235320841346154 0.40033893509615387 0.9195807644230769 0.39858279326923074
4 0.5724902524038462 0.3837990024038461 0.5663986346153846 0.3913796826923077 0.5712719302884616 0.40978990625 0.5749269014423077 0.41628763221153847 0.5852826514423077 0.3967944543269231 0.5889376225961539 0.3859649134615385 0.5834551658653846 0.37621832451923076 0.5724902524038462 0.3837990024038461
6 0.41959064423076925 0.7227636995192307 0.4262914230769231 0.7281784711538462 0.4305555552884615 0.7184318822115384 0.4244639375 0.6935239326923077 0.4183723197115385 0.7000216586538461 0.41959064423076925 0.7227636995192307
6 0.2155214423076923 0.8689625288461538 0.23135964903846154 0.8635477572115384 0.23135964903846154 0.8570500336538461 0.2258771923076923 0.8451375360576924 0.21308479567307692 0.8516352620192307 0.2155214423076923 0.8689625288461538
4 0.5 0.6036387259615384 0.5158382067307692 0.596058045673077 0.51035575 0.5743989615384616 0.4981725144230769 0.5614035096153847 0.4914717355769231 0.5776478221153846 0.5 0.6036387259615384