1 0.23864809134615386 0.6727057283653846 0.22574819471153845 0.7395940841346154 0.23112315144230772 0.7720827115384614 0.24724802163461537 0.7739938076923077 0.2547729615384615 0.879104079326923 0.3042225673076923 0.848526545673077 0.3300223605769231 0.835148875 0.3386222908653846 0.7262164134615384 0.3343223245192308 0.7109276466346154 0.3063725480769231 0.7147498365384616 0.28594771153846155 0.6688835384615385 0.23864809134615386 0.6727057283653846
8 0.5649540528846153 0.5424672788461539 0.5579205360576923 0.51790696875 0.5514705889423077 0.5217291586538462 0.5466791971153846 0.5466443894230769 0.5503955961538461 0.5790620336538461 0.5546955625 0.6153728557692307 0.5632954927884616 0.6134617596153846 0.5714807860576923 0.604659798076923 0.5654454759615384 0.5580399807692308 0.5649540528846153 0.5424672788461539
7 0.4643962860576923 0.9115927067307692 0.4777568918269231 0.9476468942307693 0.5009459927884615 0.9383480480769231 0.5256707956730768 0.9287925697115385 0.530231829326923 0.9063399230769231 0.52840434375 0.8910238557692308 0.5166562235576924 0.8371855576923076 0.49864243990384616 0.7940220913461539 0.4827172091346154 0.7968068317307692 0.4740712067307692 0.8103046298076924 0.4667919807692308 0.8227977355769232 0.45556599759615385 0.831151954326923 0.4504213966346154 0.8580820240384616 0.4643962860576923 0.9115927067307692
9 0.5600705192307692 0.8389710649038461 0.5536205721153846 0.8695485985576923 0.5697454423076923 0.8867484615384615 0.5869453052884616 0.8771929831730769 0.5890952884615385 0.850437641826923 0.5761953894230769 0.8332377788461538 0.5600705192307692 0.8389710649038461
9 0.7256191947115384 0.8848373653846154 0.7302109447115386 0.8594634735576924 0.7262949038461539 0.8441474062500001 0.7155910600961538 0.8339366947115384 0.7025375937499999 0.8390420504807692 0.6983604855769231 0.8538939951923077 0.7019693846153847 0.8752818870192307 0.7073443413461539 0.8867484615384615 0.7256191947115384 0.8848373653846154
2 0.3209064326923077 0.26748971153846157 0.32760721153846156 0.25990903125 0.32760721153846156 0.2328351754807692 0.32699805048076924 0.21550790625000002 0.3172514615384615 0.21117608894230772 0.30811403605769233 0.21875676923076923 0.30872319711538465 0.24907948798076923 0.3099415216346154 0.25666016826923077 0.3209064326923077 0.26748971153846157
7 0.09189640865384616 0.3261858341346154 0.10677736057692308 0.3257217115384616 0.11591478605769232 0.3229369711538462 0.11774227163461538 0.31597512259615385 0.11199874759615384 0.2997308076923077 0.09372389423076923 0.29276895913461537 0.07623224759615385 0.30622853365384617 0.07179406971153847 0.31829574038461533 0.07623224759615385 0.32525758894230766 0.09189640865384616 0.3261858341346154
0 0.07675438701923078 0.22593520913461537 0.08328112019230768 0.22315046875 0.09006892307692307 0.22222222115384616 0.09659565625000001 0.21943748317307693 0.10129490384615385 0.22268634615384614 0.10416666586538462 0.2161886201923077 0.09633458653846153 0.1994801826923077 0.07962614903846155 0.20226492067307691 0.07675438701923078 0.20690615384615382 0.07179406971153847 0.21247563461538463 0.07675438701923078 0.22593520913461537
7 0.04516499519230769 0.5039450480769231 0.03942147115384616 0.5178687451923077 0.03498329086538461 0.5304000745192308 0.03498329086538461 0.546180264423077 0.03733291586538461 0.5549986081730769 0.04464285817307692 0.5703146754807692 0.061612365384615383 0.5633528269230769 0.07205513701923077 0.5614963341346153 0.07544903846153847 0.554070360576923 0.08067042548076923 0.5401466634615384 0.08275898076923077 0.5243664711538462 0.0785818701923077 0.5155481298076923 0.06944444471153846 0.5053374182692308 0.06082915625 0.5002320625000001 0.04516499519230769 0.5039450480769231
6 0.02010233894230769 0.554070360576923 0.01148705048076923 0.5573192235576923 0.0039160408653846155 0.5624245793269231 0.0028717620192307692 0.5740276610576923 0.009137427884615384 0.5786688942307692 0.017752713942307694 0.5777406466346154 0.02819548798076923 0.57542003125 0.038116122596153844 0.5744917860576924 0.04255430288461538 0.5707787980769231 0.03707184615384615 0.5554627307692308 0.03367794471153846 0.550357375 0.02010233894230769 0.554070360576923
11 0.23052422596153846 0.5675299350961539 0.23835630769230767 0.5591757163461538 0.24253341586538463 0.5452520192307693 0.23626775240384615 0.5266870889423078 0.2292188798076923 0.5280794567307692 0.21851503846153844 0.546180264423077 0.21825396875 0.5619604567307692 0.21903717548076923 0.5828460048076923 0.23052422596153846 0.5675299350961539
7 0.26315789423076924 0.6157987572115384 0.26524644951923076 0.6023391802884616 0.2702067668269231 0.5953773317307692 0.26890142067307693 0.5707787980769231 0.2618525480769231 0.5628887043269231 0.25375939903846156 0.5591757163461538 0.2467105264423077 0.5633528269230769 0.23757309855769232 0.5642810721153846 0.23182957451923075 0.5675299350961539 0.22686925721153847 0.5884154831730769 0.22399749278846154 0.6060521682692308 0.22060359134615387 0.6157987572115384 0.21903717548076923 0.6255453437499999 0.22164787019230767 0.6246170985576923 0.22530284134615386 0.6181193725961538 0.23130743509615387 0.6167270024038461 0.24201127884615387 0.6130140168269231 0.25375939903846156 0.617191125 0.26315789423076924 0.6157987572115384
7 0.2568922307692308 0.6311148245192307 0.2501044278846154 0.6222964807692308 0.24879908173076923 0.6148705096153846 0.23705096153846156 0.6157987572115384 0.23522347596153845 0.6190476177884616 0.22947994951923079 0.6311148245192307 0.2250417716346154 0.6320430697115385 0.21694862259615383 0.6417896586538461 0.21799289903846153 0.651072125 0.22008145432692305 0.6552492331730769 0.22608604807692306 0.6649958221153847 0.23130743509615387 0.6654599471153847 0.2333959903846154 0.6543209879807693 0.23731203125 0.6589622211538462 0.2414891394230769 0.6557133581730769 0.24932121875 0.651072125 0.25637009134615385 0.6492156322115386 0.2618525480769231 0.6501438774038462 0.26211361778846154 0.6408614134615385 0.2568922307692308 0.6311148245192307
7 0.17831035817307692 0.6654599471153847 0.16917293269230768 0.6705653028846155 0.16630117067307693 0.6765989038461538 0.16577903125000001 0.6900584783653846 0.1699561394230769 0.6965562043269231 0.17439431971153846 0.7072310408653847 0.17491645673076925 0.7183700000000001 0.17987677403846153 0.7183700000000001 0.18457602403846154 0.7234753557692308 0.1916248966346154 0.7332219447115385 0.19841269951923077 0.7327578197115384 0.20050125240384614 0.7220829855769231 0.20441729326923078 0.7160493822115386 0.21042188701923076 0.7160493822115386 0.21616541346153847 0.7053745480769231 0.21903717548076923 0.6937714663461538 0.21381578846153845 0.6868096177884616 0.20728905528846153 0.6789195216346153 0.20050125240384614 0.6682446850961538 0.19397451923076922 0.6603545913461539 0.1869256466346154 0.6608187139423076 0.17831035817307692 0.6654599471153847
8 0.16734544711538463 0.738791423076923 0.1707393485576923 0.7457532716346154 0.17308897355769232 0.7536433677884615 0.17465538942307693 0.7606052163461539 0.17857142788461539 0.7629258341346153 0.1850981610576923 0.7671029423076923 0.1890142019230769 0.7619975865384615 0.1864035096153846 0.751786875 0.18666457692307692 0.7429685336538461 0.18222639903846155 0.7341501899038462 0.17700501201923077 0.7253318485576923 0.17230576442307693 0.7123363966346153 0.16812865384615383 0.7030539302884615 0.15951336778846154 0.7076951634615385 0.15794694951923077 0.7151211370192307 0.15873015865384615 0.7230112307692308 0.16290726923076923 0.7313654495192308 0.16734544711538463 0.738791423076923
6 0.18039891346153844 0.6139422620192307 0.17987677403846153 0.6246170985576923 0.17857142788461539 0.6287942067307692 0.17804929086538462 0.6436461514423077 0.1809210528846154 0.6506080024038461 0.19293024278846155 0.6445743990384615 0.19658521394230768 0.6362201802884615 0.19371344951923078 0.6306507019230769 0.19475772836538463 0.6162628798076923 0.1924081033653846 0.6032674278846154 0.18300960817307693 0.5986261947115384 0.18039891346153844 0.6139422620192307
6 0.23574561298076924 0.6000185649038461 0.23913951442307693 0.5805253870192307 0.24018379326923078 0.5661375673076923 0.23235171153846151 0.5679940600961538 0.22739139423076923 0.5879513605769231 0.22530284134615386 0.6028033052884616 0.22634711778846153 0.6065162908653846 0.23574561298076924 0.6000185649038461
4 0.15481411778846152 0.7155852596153847 0.15951336778846154 0.7109440264423077 0.15559732692307693 0.7067669182692308 0.15011487019230768 0.6998050673076922 0.1475041778846154 0.6970203293269231 0.13941102644230768 0.7104799038461539 0.13392857211538461 0.7239394783653845 0.14123851201923077 0.7299730817307692 0.15011487019230768 0.7220829855769231 0.15481411778846152 0.7155852596153847
6 0.13680033413461537 0.9360438125 0.13131787740384615 0.92768959375 0.12531328365384614 0.9142300192307692 0.12087510336538461 0.9170147596153846 0.11173767788461539 0.9365079375 0.10677736057692308 0.9467186490384615 0.09998955769230769 0.9620347163461538 0.09398496153846153 0.9722454278846153 0.08798036778846154 0.9764225384615385 0.08067042548076923 0.9847767572115385 0.07753759375000001 0.9973080841346154 0.08328112019230768 0.9982363317307693 0.10181704326923077 0.998700454326923 0.13236215625 0.999628701923077 0.14228279086538462 0.9973080841346154 0.14672096874999999 0.9847767572115385 0.15481411778846152 0.9536804975961538 0.15429198076923076 0.9471827716346154 0.14724310817307693 0.9541446201923077 0.14202172115384615 0.9606423461538461 0.14228279086538462 0.945326278846154 0.13680033413461537 0.9360438125
6 0.03420008413461539 0.9792072764423078 0.02427944951923077 0.974101920673077 0.01122598076923077 0.9754942908653846 0.0007832091346153847 0.9792072764423078 0.0028717620192307692 0.999628701923077 0.014880951923076924 0.998700454326923 0.025323725961538462 0.999628701923077 0.03420008413461539 0.9792072764423078
6 0.060045947115384614 0.8418267884615385 0.06370091826923077 0.8316160769230769 0.06056808653846154 0.8246542283653846 0.05351921394230769 0.8255824735576923 0.04908103605769231 0.8288313365384615 0.048558896634615385 0.8404344182692308 0.0501253125 0.8469321442307692 0.05560776923076923 0.8464680216346154 0.060045947115384614 0.8418267884615385
7 0.06631161298076924 0.09458832211538462 0.06735588942307692 0.10758377403846153 0.0681390985576923 0.11825861057692308 0.07205513701923077 0.11779448557692307 0.07884293990384615 0.11872273317307692 0.08328112019230768 0.11686624038461539 0.08615288221153847 0.11176088461538461 0.09163533894230769 0.10201429567307693 0.0848475360576923 0.09551656971153846 0.07753759375000001 0.08716235096153846 0.06944444471153846 0.08344936538461539 0.06631161298076924 0.09458832211538462
8 0.2085944014423077 0.034716420673076925 0.21303258173076925 0.018936228365384614 0.2192982451923077 0.009653764423076923 0.21564327403846154 0.0022277908653846154 0.21146616586538464 0.0017636682692307691 0.20467836298076922 0.021256846153846154 0.20154553125 0.03610879086538461 0.2036340841346154 0.04121414663461539 0.2085944014423077 0.034716420673076925
8 0.3845551370192308 0.7123363966346153 0.37019632451923074 0.713728766826923 0.36001462019230773 0.7165135048076923 0.35975355048076924 0.7327578197115384 0.3602756899038461 0.7411120384615385 0.3722848798076923 0.7406479158653846 0.3884711778846154 0.7373990528846155 0.3976086057692308 0.7378631754807692 0.4051796153846154 0.7271883413461538 0.4080513774038461 0.7271883413461538 0.40883458653846155 0.7183700000000001 0.40544068509615383 0.717905875 0.4046574759615385 0.7202264927884615 0.3976086057692308 0.71001578125 0.3845551370192308 0.7123363966346153
4 0.496814954326923 0.756428108173077 0.49289891346153847 0.7327578197115384 0.48376148798076923 0.7369349302884616 0.4772347524038461 0.7392555456730769 0.4688805336538462 0.7438967788461538 0.4727965745192308 0.7652464495192308 0.47827903125 0.7870602427884615 0.4970760240384615 0.7759212836538462 0.496814954326923 0.756428108173077
7 0.5503341682692308 0.7016615625 0.5453738509615385 0.6937714663461538 0.5398913942307693 0.6998050673076922 0.539630326923077 0.7104799038461539 0.5391081875 0.7271883413461538 0.5354532163461538 0.7457532716346154 0.5354532163461538 0.7731365456730769 0.5505952379807693 0.7912373533653846 0.5589494567307692 0.7977350793269231 0.5688700913461538 0.7912373533653846 0.5761800336538461 0.7972709543269231 0.5798350048076923 0.7981992019230769 0.5769632403846153 0.7865961201923077 0.5740914783653847 0.7694235576923076 0.574352548076923 0.7466815192307692 0.5691311610576923 0.7341501899038462 0.5579051802884616 0.713728766826923 0.5503341682692308 0.7016615625
8 0.5952380961538462 0.9300102115384615 0.5960213028846154 0.9369720600961539 0.5941938173076923 0.9411491682692308 0.5936716802884615 0.9471827716346154 0.5983709278846153 0.949039264423077 0.600459483173077 0.9425415384615385 0.6054198004807693 0.9383644302884615 0.6093358389423077 0.9216559927884614 0.61429615625 0.9030910600961538 0.6187343365384615 0.8877749927884615 0.61429615625 0.8784925264423078 0.607769423076923 0.8766360336538461 0.6059419375 0.8835978846153847 0.59993734375 0.9026269374999999 0.5962823725961539 0.919335375 0.5952380961538462 0.9300102115384615
7 0.5438074350961538 0.8218694879807693 0.5411967427884615 0.8153717620192308 0.5391081875 0.8181565024038462 0.530231829326923 0.8246542283653846 0.5231829567307693 0.8209412427884615 0.5153508774038461 0.8130511466346154 0.5111737668269231 0.8251183509615385 0.5145676682692307 0.8297595841346154 0.5182226394230769 0.8418267884615385 0.5221386802884616 0.8515733774038462 0.5250104423076923 0.8673535697115384 0.5273600673076924 0.8784925264423078 0.5357142860576923 0.8724589254807692 0.5432852956730769 0.857142858173077 0.5458959903846154 0.8469321442307692 0.5427631586538462 0.8418267884615385 0.5440685048076923 0.8330084471153847 0.5438074350961538 0.8218694879807693
7 0.5294486225961539 0.7596769711538461 0.5255325817307692 0.7773136538461538 0.5205722644230769 0.7875243653846155 0.5218776105769231 0.8070175432692307 0.5263157884615385 0.818620625 0.5299707596153846 0.822333610576923 0.534931076923077 0.8232618581730768 0.5404135336538461 0.8144435168269231 0.5404135336538461 0.8107305288461538 0.5448517115384616 0.8111946538461539 0.5479845456730769 0.8121228990384615 0.5505952379807693 0.8037686802884616 0.5464181298076923 0.7930938461538461 0.5404135336538461 0.7838113798076923 0.5346700072115385 0.7745289158653846 0.5336257307692308 0.7647823269230769 0.5294486225961539 0.7596769711538461
10 0.54981203125 0.82697484375 0.5545112788461538 0.8353290625 0.5610380120192308 0.8334725697115384 0.5633876346153847 0.8283672139423076 0.5626044278846154 0.822333610576923 0.5610380120192308 0.806553420673077 0.5584273173076924 0.8014480649038462 0.5516395144230769 0.7995915721153846 0.5521616538461539 0.805625173076923 0.5508563076923078 0.81908475 0.54981203125 0.82697484375
10 0.5821846274038461 0.8399702956730769 0.5834899759615385 0.8320801995192307 0.5800960745192307 0.8265107211538462 0.5740914783653847 0.81908475 0.5675647451923077 0.8144435168269231 0.5654761899038461 0.8260465985576922 0.5646929831730769 0.8353290625 0.5712197163461539 0.8339366947115384 0.5821846274038461 0.8399702956730769
10 0.579051795673077 0.8060892980769231 0.5777464495192308 0.8176923798076923 0.5767021730769231 0.8209412427884615 0.5829678365384615 0.8265107211538462 0.5866228076923077 0.8265107211538462 0.5881892235576923 0.8204771177884616 0.5936716802884615 0.822333610576923 0.5978487884615384 0.8158358870192307 0.5983709278846153 0.8093381610576924 0.5960213028846154 0.8060892980769231 0.5921052620192307 0.8098022836538461 0.585056391826923 0.8070175432692307 0.579051795673077 0.8060892980769231
10 0.6427527139423077 0.8204771177884616 0.6461466177884615 0.8158358870192307 0.6456244783653846 0.8079457908653846 0.6411862980769231 0.8028404350961539 0.63335421875 0.79355796875 0.6304824567307693 0.7875243653846155 0.6278717620192308 0.79355796875 0.6270885552884615 0.806553420673077 0.6283939014423077 0.8116587764423078 0.6427527139423077 0.8204771177884616
2 0.7106307427884615 0.7425044086538463 0.7163742692307692 0.7313654495192308 0.7202903100961537 0.7225471081730769 0.7257727644230769 0.7109440264423077 0.7281223894230769 0.6993409447115385 0.7268170432692307 0.6937714663461538 0.7176796153846153 0.6868096177884616 0.7108918125 0.7021256850961539 0.710369673076923 0.7160493822115386 0.7080200504807692 0.7299730817307692 0.7059314951923077 0.7406479158653846 0.7106307427884615 0.7425044086538463
8 0.5981098581730769 0.5963055793269231 0.5978487884615384 0.6102292764423077 0.5991541346153846 0.6320430697115385 0.6001984134615385 0.6445743990384615 0.6028091057692307 0.6538568653846154 0.6067251466346154 0.6691729326923077 0.6114243942307692 0.6724217956730769 0.6122076033653846 0.6654599471153847 0.6148182956730769 0.6571057283653846 0.6174289903846154 0.6473591394230769 0.6158625721153845 0.6297224543269231 0.61664578125 0.6153346322115385 0.6150793653846154 0.5865589903846155 0.6132518798076924 0.5791330168269231 0.6035923149038461 0.5758841538461539 0.5996762740384616 0.5763482788461538 0.5973266490384616 0.5860948677884615 0.5981098581730769 0.5963055793269231
8 0.63335421875 0.6218323581730769 0.6307435264423076 0.630186576923077 0.6364870504807693 0.639004920673077 0.6380534663461539 0.6459667692307692 0.645885548076923 0.6561774807692308 0.65241228125 0.6659240697115384 0.6560672524038461 0.6631393293269231 0.6589390144230769 0.6561774807692308 0.6555451129807692 0.6487515096153846 0.6492794495192308 0.6399331658653846 0.6437969927884615 0.6315789471153846 0.6398809519230769 0.6278659615384616 0.63335421875 0.6218323581730769
4 0.66677109375 0.6074445384615385 0.6628550552884616 0.6055880432692308 0.6586779447115384 0.6060521682692308 0.6586779447115384 0.6116216466346154 0.6571115288461539 0.6269377139423077 0.6560672524038461 0.6394690432692307 0.6542397668269231 0.6450385216346154 0.6607665 0.6464308918269231 0.6670321634615385 0.6455026466346154 0.6764306610576922 0.6487515096153846 0.6798245625000001 0.6348278100961539 0.6819131153846154 0.617191125 0.6855680865384616 0.6074445384615385 0.6832184639423077 0.6000185649038461 0.6764306610576922 0.6041956754807692 0.66677109375 0.6074445384615385
11 0.7482247283653846 0.7671029423076923 0.7450918966346154 0.7698876826923077 0.7377819543269231 0.7842755024038461 0.7226399326923078 0.8070175432692307 0.7223788629807693 0.8139793918269231 0.7307330817307692 0.8344008173076923 0.7430033413461538 0.8576069807692307 0.7461361730769231 0.8631764591346154 0.7552736009615385 0.8515733774038462 0.7667606514423077 0.8316160769230769 0.7756370096153845 0.8176923798076923 0.7688492067307693 0.7981992019230769 0.7578842932692308 0.7800983942307693 0.7482247283653846 0.7671029423076923
7 0.775898079326923 0.7295089567307692 0.7696324134615384 0.7373990528846155 0.7664995817307693 0.7490021346153846 0.7664995817307693 0.7624617091346154 0.7704156225961539 0.77684953125 0.7769423557692308 0.7884526129807692 0.7837301586538461 0.8037686802884616 0.7915622379807693 0.8181565024038462 0.8006996658653847 0.8200129951923076 0.8061821225961538 0.8176923798076923 0.8090538846153846 0.8153717620192308 0.8087928149038461 0.7995915721153846 0.8072263990384615 0.7912373533653846 0.8077485384615385 0.7838113798076923 0.8067042596153846 0.7717441754807692 0.8035714278846153 0.76014109375 0.7975668341346154 0.7448250264423077 0.7915622379807693 0.7327578197115384 0.7829469495192308 0.7239394783653845 0.775898079326923 0.7295089567307692
8 0.8223684206730769 0.7109440264423077 0.8163638269230769 0.7114081490384615 0.8129699254807693 0.7039821778846154 0.8106203004807693 0.70955165625 0.8124477860576923 0.7169776298076923 0.8161027572115385 0.7257959711538462 0.8226294903846154 0.7327578197115384 0.8294172932692307 0.7425044086538463 0.837249372596154 0.7508586274038461 0.8435150384615385 0.7559639831730769 0.8461257307692308 0.7522509975961539 0.8500417716346154 0.7420402860576923 0.8388157884615384 0.7295089567307692 0.830722639423077 0.7197623677884616 0.8223684206730769 0.7109440264423077
8 0.8403822067307692 0.8330084471153847 0.8424707596153845 0.8246542283653846 0.842731829326923 0.81908475 0.84325396875 0.8121228990384615 0.845081454326923 0.8042328052884616 0.8453425240384616 0.7968068317307692 0.8479532163461538 0.789380860576923 0.8489974927884615 0.7791701466346154 0.8476921466346153 0.7703518052884615 0.8445593149038462 0.7633899567307693 0.8448203846153847 0.7568922307692307 0.8390768581730769 0.756428108173077 0.8377715120192307 0.7638540793269232 0.8330722644230769 0.7712800528846154 0.8325501249999999 0.7819548870192308 0.8309837091346155 0.7954144615384616 0.8273287379807692 0.8028404350961539 0.8257623221153847 0.8093381610576924 0.8252401826923077 0.8227977355769232 0.8283730168269231 0.8297595841346154 0.8283730168269231 0.8316160769230769 0.8335944014423077 0.8371855576923076 0.8403822067307692 0.8330084471153847
7 0.8330722644230769 0.7606052163461539 0.8275898076923076 0.7550357379807693 0.8231516298076923 0.7494662572115385 0.8181913125 0.7476097644230768 0.8127088557692308 0.7466815192307692 0.8072263990384615 0.748073889423077 0.8061821225961538 0.7592128461538461 0.8085317451923076 0.77684953125 0.8098370937499999 0.7884526129807692 0.8124477860576923 0.7949503389423077 0.8171470336538462 0.8000556947115385 0.8174081033653846 0.8088740360576924 0.8234126995192308 0.8079457908653846 0.8294172932692307 0.7991274495192309 0.8312447788461538 0.7940220913461539 0.8312447788461538 0.7847396274038462 0.8322890552884614 0.772208298076923 0.8330722644230769 0.7606052163461539
7 0.9121762740384616 0.8139793918269231 0.9176587307692308 0.8121228990384615 0.9155701754807691 0.8037686802884616 0.9098266490384616 0.7972709543269231 0.9056495408653846 0.7912373533653846 0.9064327475961539 0.7842755024038461 0.9035609855769231 0.7759212836538462 0.9035609855769231 0.7703518052884615 0.9006892235576923 0.7638540793269232 0.8983395985576923 0.7592128461538461 0.8949456971153846 0.7554998605769231 0.8871136177884615 0.7513227524038462 0.8811090216346155 0.7522509975961539 0.8777151201923077 0.7508586274038461 0.8753654975961538 0.7689594350961539 0.8709273173076924 0.7870602427884615 0.8730158725961539 0.8000556947115385 0.8714494567307691 0.8107305288461538 0.8753654975961538 0.8149076394230769 0.8811090216346155 0.8176923798076923 0.8897243100961538 0.8204771177884616 0.8962510432692308 0.8227977355769232 0.9004281538461538 0.806553420673077 0.9030388461538461 0.7981992019230769 0.9074770264423078 0.8084099134615385 0.9121762740384616 0.8139793918269231
7 0.85761278125 0.7192982451923077 0.8612677524038461 0.7360066826923077 0.8649227235576924 0.7392555456730769 0.8667502091346153 0.7443609014423077 0.8709273173076924 0.748073889423077 0.8737990817307693 0.7438967788461538 0.8740601514423076 0.739719670673077 0.8863304086538462 0.7355425600961538 0.8894632403846153 0.7318295745192308 0.8873746875 0.7216188629807692 0.8831975769230769 0.70955165625 0.8800647451923077 0.6979485745192308 0.8745822884615385 0.6900584783653846 0.87066625 0.6872737403846153 0.8711883870192308 0.6784553966346153 0.8667502091346153 0.6728859182692308 0.8667502091346153 0.6691729326923077 0.8625730985576923 0.663603454326923 0.8557852956730769 0.6575698509615384 0.8529135336538461 0.6631393293269231 0.8469089399038462 0.6677805625000001 0.8440371754807692 0.6789195216346153 0.8406432740384615 0.6868096177884616 0.8375104423076922 0.6830966298076924 0.8286340841346154 0.6793836442307692 0.8231516298076923 0.6775271514423077 0.8192355889423077 0.6830966298076924 0.8179302427884616 0.6895943557692308 0.8150584783653846 0.7030539302884615 0.8161027572115385 0.7090875336538461 0.8234126995192308 0.70955165625 0.8299394326923076 0.7174417524038461 0.8398600673076922 0.7276524639423076 0.8505639086538461 0.7420402860576923 0.8495196322115385 0.7513227524038462 0.8526524639423076 0.7554998605769231 0.8565685048076923 0.7568922307692307 0.8602234759615384 0.7476097644230768 0.858657060096154 0.7401837932692307 0.85761278125 0.7192982451923077
3 0.8980785288461538 0.6603545913461539 0.902777778846154 0.6677805625000001 0.9087823725961539 0.6659240697115384 0.9113930649038462 0.639004920673077 0.9132205504807692 0.6116216466346154 0.9090434423076924 0.6060521682692308 0.9030388461538461 0.6120857692307692 0.9019945697115385 0.6278659615384616 0.8988617379807693 0.6492156322115386 0.8980785288461538 0.6603545913461539
8 0.8946846274038461 0.6236888509615385 0.8967731826923077 0.6329713173076923 0.9017335 0.6311148245192307 0.9001670841346154 0.6232247283653846 0.8988617379807693 0.6167270024038461 0.8991228076923077 0.6069804134615384 0.8949456971153846 0.5912002235576923 0.8925960745192308 0.5823818798076923 0.886852548076923 0.5833101274038461 0.8834586466346154 0.5879513605769231 0.8863304086538462 0.5953773317307692 0.8878968245192307 0.6060521682692308 0.8907685889423077 0.6144063870192308 0.8946846274038461 0.6236888509615385
6 0.8683166250000001 0.6199758653846155 0.8704051802884615 0.6246170985576923 0.8818922307692307 0.6232247283653846 0.8837197163461539 0.6139422620192307 0.87902046875 0.5995544423076923 0.8737990817307693 0.5842383725961539 0.8597013365384616 0.5893437307692307 0.8578738509615385 0.595841454326923 0.8636173774038463 0.60883690625 0.8683166250000001 0.6199758653846155
7 0.7479636586538461 0.5949132091346153 0.7422201346153846 0.5935208389423077 0.7356933990384615 0.5916643461538462 0.7291666658653846 0.5884154831730769 0.7244674182692308 0.6014109350961538 0.72159565625 0.6157987572115384 0.7195071009615385 0.6306507019230769 0.7309941514423077 0.6338995625 0.7416979951923076 0.6306507019230769 0.7469193822115384 0.6385407956730769 0.7557957403846154 0.6417896586538461 0.7620614038461538 0.6385407956730769 0.7672827908653846 0.6445743990384615 0.775898079326923 0.6478232620192308 0.7753759399038462 0.6357560576923077 0.7711988293269231 0.6264735913461539 0.7664995817307693 0.6185834951923077 0.7612781947115385 0.6120857692307692 0.7571010865384615 0.6032674278846154 0.7542293221153845 0.5976979495192307 0.7479636586538461 0.5949132091346153
5 0.7218567259615385 0.6789195216346153 0.7244674182692308 0.6826325072115385 0.7270781129807692 0.6835607548076923 0.7291666658653846 0.6812401370192307 0.7322994975961539 0.6682446850961538 0.7315162908653845 0.6631393293269231 0.7286445288461538 0.6612828365384615 0.7239452788461538 0.6608187139423076 0.7231620721153846 0.6691729326923077 0.7218567259615385 0.6789195216346153
8 0.7604949879807692 0.5508214975961538 0.7623224735576923 0.5619604567307692 0.7670217211538461 0.5735635384615384 0.7730263149038462 0.5870231129807693 0.7785087716346154 0.5916643461538462 0.7850355048076924 0.5865589903846155 0.7832080192307692 0.5740276610576923 0.7756370096153845 0.5605680865384616 0.7709377620192307 0.5508214975961538 0.7659774447115384 0.5480367596153847 0.763888889423077 0.5457161418269231 0.7604949879807692 0.5508214975961538
8 0.5545112788461538 0.6673164399038461 0.5568609014423077 0.6598904663461538 0.556338764423077 0.6538568653846154 0.556338764423077 0.6492156322115386 0.5565998341346154 0.6468950144230768 0.5513784471153846 0.6431820288461538 0.5469402668269231 0.6543209879807693 0.5443295745192308 0.6677805625000001 0.5419799495192308 0.6775271514423077 0.5414578100961539 0.6877378629807692 0.5435463653846153 0.6933073413461539 0.545634920673077 0.69284321875 0.5495509615384615 0.6960920817307692 0.5513784471153846 0.6937714663461538 0.5529448629807692 0.6849531225961538 0.5545112788461538 0.6738141658653846 0.5545112788461538 0.6673164399038461
8 0.556338764423077 0.64271790625 0.5597326658653846 0.6575698509615384 0.5631265673076923 0.6682446850961538 0.5665204687500001 0.6761347812499999 0.5725250625 0.6742782884615385 0.5735693389423078 0.6626752067307693 0.5686090216346154 0.6464308918269231 0.5644319134615384 0.6399331658653846 0.5599937331730769 0.6329713173076923 0.5573830408653846 0.6311148245192307 0.5555555552884616 0.6362201802884615 0.556338764423077 0.64271790625
2 0.5059523822115385 0.6041956754807692 0.5002088557692308 0.6004826875 0.4970760240384615 0.6120857692307692 0.4991645769230769 0.6227606057692309 0.5111737668269231 0.6334354399038461 0.5205722644230769 0.6422537836538461 0.5263157884615385 0.6408614134615385 0.5367585625 0.6501438774038462 0.5385860480769231 0.6413255360576924 0.5338868004807693 0.6343636874999999 0.5273600673076924 0.6264735913461539 0.5229218870192308 0.6195117427884616 0.5158730168269231 0.6125498942307692 0.5059523822115385 0.6041956754807692
8 0.43102548076923075 0.6612828365384615 0.4284147860576923 0.6710294254807692 0.4278926490384615 0.6779912740384616 0.43259189663461534 0.6835607548076923 0.43703007451923076 0.6858813701923077 0.44668964182692306 0.6909867259615384 0.4529553052884615 0.6984126995192308 0.4631370096153846 0.6965562043269231 0.46235380048076924 0.6900584783653846 0.45922096875 0.6826325072115385 0.4547827908653846 0.6775271514423077 0.43624686778846156 0.6626752067307693 0.43102548076923075 0.6612828365384615
7 0.45687134615384617 0.6649958221153847 0.4558270673076923 0.6747424110576923 0.4631370096153846 0.6909867259615384 0.4699248125 0.6923790961538461 0.48062865384615383 0.6960920817307692 0.48219507211538465 0.6877378629807692 0.4774958221153846 0.6663881923076923 0.48088972355769233 0.6682446850961538 0.48193400240384615 0.6626752067307693 0.48115079326923077 0.6520003701923076 0.46731411778846155 0.6524644951923076 0.4620927307692308 0.6603545913461539 0.45687134615384617 0.6649958221153847
4 0.520050125 0.7295089567307692 0.519527985576923 0.7411120384615385 0.5286654134615385 0.7425044086538463 0.5278822067307692 0.7216188629807692 0.5341478701923077 0.69284321875 0.532581454326923 0.689130233173077 0.5278822067307692 0.6886661105769231 0.5231829567307693 0.6937714663461538 0.5192669182692308 0.6956279591346154 0.5197890552884615 0.70955165625 0.520050125 0.7295089567307692
6 0.3780284038461538 0.2779170144230769 0.3715016706730769 0.2890559735576923 0.36340852163461534 0.30344379567307694 0.35975355048076924 0.31783161538461535 0.36862990865384615 0.30483616346153847 0.3743734326923077 0.29462545192307693 0.3720238100961539 0.3104056442307692 0.37411236538461534 0.3350041778846154 0.3764619879807692 0.3568179711538461 0.37855054326923077 0.38234475 0.3824665841346154 0.3814165048076923 0.38142230528846155 0.3433583966346154 0.38142230528846155 0.3127262596153846 0.381683375 0.2834864951923077 0.3809001658653846 0.27884526201923077 0.3780284038461538 0.2779170144230769
7 0.34513366826923075 0.3410377788461538 0.33965121153846156 0.3428942716346154 0.32973057692307695 0.35217673798076926 0.3271198822115385 0.3628515745192308 0.32764202163461537 0.37445465624999996 0.33286340865384617 0.3818806274038461 0.33965121153846156 0.3800241346153846 0.3513993317307692 0.37120579326923075 0.35870927403846153 0.36656456009615385 0.36471386778846154 0.3577462163461539 0.36314745192307696 0.3466072596153846 0.35949248076923074 0.33593242307692306 0.35583750961538463 0.33129118990384615 0.3506161225961538 0.33918128605769227 0.34513366826923075 0.3410377788461538
7 0.37097953125 0.35171261538461535 0.3623642427884616 0.36192332692307694 0.3508771923076923 0.37399053125 0.34330618269230767 0.38327299759615385 0.34435045913461537 0.39812494230769235 0.34382831971153843 0.40787153125 0.35244360817307696 0.40137380528846156 0.3571428581730769 0.3925554615384615 0.36288638221153846 0.39162721634615383 0.37254594711538463 0.3855936129807693 0.37855054326923077 0.38327299759615385 0.37855054326923077 0.3753829014423077 0.3767230576923077 0.36517218990384614 0.3751566418269231 0.3568179711538461 0.37097953125 0.35171261538461535
6 0.3955200504807692 0.5480367596153847 0.39003759375 0.49280608894230765 0.3855994158653846 0.43571892788461536 0.38116123557692305 0.4347906802884615 0.37750626682692306 0.46078158413461534 0.37411236538461534 0.48305950000000003 0.37567878125000004 0.5373619230769231 0.3777673341346154 0.5744917860576924 0.3777673341346154 0.5689223052884615 0.3884711778846154 0.5605680865384616 0.3955200504807692 0.5480367596153847
4 0.26106933894230766 0.1377517860576923 0.2704678365384615 0.14378538942307692 0.27386173798076924 0.1465701298076923 0.2775167091346154 0.1433212668269231 0.28560985817307694 0.13868003365384615 0.2892648293269231 0.12614870432692307 0.28874268990384616 0.11965097836538462 0.27960526201923075 0.10897614423076923 0.2702067668269231 0.10433491105769231 0.2636800336538462 0.12429221153846154 0.26106933894230766 0.1377517860576923
7 0.33625731009615384 0.1419288966346154 0.3281641610576923 0.15585259375 0.3250313293269231 0.16884804567307693 0.3299916466346154 0.18045112740384614 0.33939014182692306 0.19483894951923078 0.34696115384615384 0.19159008653846155 0.3498329158653846 0.18416411298076923 0.3482665 0.17256103125 0.34696115384615384 0.16095794951923076 0.35009398557692306 0.14424951201923075 0.34330618269230767 0.13543117067307692 0.33625731009615384 0.1419288966346154
7 0.3464390144230769 0.1628144423076923 0.3498329158653846 0.17302515625 0.35401002403846155 0.17766638942307691 0.3584482043269231 0.17673814182692307 0.3618421057692308 0.16977629326923077 0.36288638221153846 0.16095794951923076 0.3615810360576923 0.15260373076923076 0.36262531249999996 0.1461060048076923 0.3581871346153846 0.14053652644230769 0.3516604014423077 0.1433212668269231 0.3464390144230769 0.1628144423076923
13 0.43415831250000003 0.18880534615384617 0.43624686778846156 0.19669544230769231 0.440685045673077 0.20597790865384613 0.4498224735576923 0.21293975721153846 0.4633980793269231 0.21526037259615385 0.4707080192307692 0.2050496610576923 0.46626984134615385 0.19019771634615384 0.4618316634615385 0.18045112740384614 0.45164995913461536 0.17627401923076924 0.4443400168269231 0.1716327860576923 0.4365079375 0.17673814182692307 0.43415831250000003 0.18880534615384617
7 0.44329574038461533 0.21201150961538462 0.4354636586538462 0.2273275793269231 0.42815371874999997 0.23939478365384614 0.42554302403846156 0.24867724759615387 0.4161445288461539 0.2542467283653846 0.40413533894230774 0.2570314663461538 0.4062238942307692 0.2649215625 0.4101399326923077 0.27745289182692306 0.43781328365384614 0.2607444543269231 0.44773391826923076 0.2537826057692308 0.45164995913461536 0.23614592067307694 0.45060568028846154 0.2175809903846154 0.44329574038461533 0.21201150961538462
0 0.5597326658653846 0.16606330528846153 0.5422410192307692 0.17302515625 0.52239975 0.18091525 0.5237050961538462 0.19437482692307692 0.5265768581730769 0.21061913942307695 0.5443295745192308 0.20040842788461538 0.5646929831730769 0.19112596394230771 0.5597326658653846 0.16606330528846153
7 0.5840121129807693 0.21015501682692309 0.5699143701923076 0.20690615384615382 0.5701754375 0.22547108413461536 0.5748746875 0.2315046875 0.585056391826923 0.23336118028846153 0.5874060144230769 0.23939478365384614 0.5868838774038462 0.24682075480769233 0.5918441947115385 0.25331848076923075 0.5988930649038461 0.25471085096153845 0.6025480360576924 0.2454283846153846 0.6017648293269231 0.23104056490384617 0.5994152043269231 0.2208298533653846 0.5936716802884615 0.21386800240384615 0.5840121129807693 0.21015501682692309
8 0.4597431081730769 0.3479996298076923 0.4633980793269231 0.3554256009615384 0.4667919807692308 0.3656363125 0.4699248125 0.3702775456730769 0.4754072692307692 0.36610043750000004 0.4756683365384615 0.3591385865384616 0.4722744350961538 0.3475355048076923 0.46783625721153843 0.33732479326923076 0.4639202163461539 0.3340759302884615 0.4618316634615385 0.3354683004807692 0.4597431081730769 0.33825304086538466 0.4597431081730769 0.3479996298076923
8 0.5153508774038461 0.2983384375 0.5197890552884615 0.29276895913461537 0.5226608197115384 0.28487886298076925 0.5250104423076923 0.2751322740384615 0.5265768581730769 0.2598162067307692 0.5234440264423077 0.2570314663461538 0.5184837091346154 0.2588879615384615 0.5153508774038461 0.27188341346153844 0.5130012524038462 0.2858071105769231 0.5124791153846154 0.29462545192307693 0.5127401826923077 0.29880256250000004 0.5153508774038461 0.2983384375
8 0.4936821225961538 0.39858906490384616 0.4983813701923077 0.4027661754807692 0.5009920625000001 0.39812494230769235 0.5090852139423077 0.39069896875 0.5156119471153846 0.38466536778846155 0.519527985576923 0.3763111490384615 0.5234440264423077 0.3684210528846154 0.5218776105769231 0.3642439423076923 0.5190058485576923 0.3554256009615384 0.5127401826923077 0.36517218990384614 0.4981203004807692 0.3800241346153846 0.4957706778846154 0.3948760793269231 0.4936821225961538 0.39858906490384616
8 0.5182226394230769 0.40090968269230765 0.5203111947115384 0.39719669471153846 0.5231829567307693 0.38930659855769234 0.5252715120192307 0.382808875 0.5255325817307692 0.3753829014423077 0.5234440264423077 0.3753829014423077 0.5143066009615385 0.38605773798076926 0.5067355889423077 0.39580432451923075 0.5051691730769231 0.4050867908653846 0.5114348365384616 0.41112039423076924 0.5182226394230769 0.40090968269230765
2 0.5333646610576923 0.4041585456730769 0.5281432740384615 0.41715399519230767 0.5380639086538461 0.43247006490384615 0.5458959903846154 0.44360902163461535 0.5519005841346154 0.4468578846153846 0.5542502091346153 0.44917850240384616 0.56182121875 0.4561403509615385 0.563648704326923 0.4519632403846154 0.556338764423077 0.4403601586538462 0.5537280697115384 0.43200593990384617 0.5432852956730769 0.4152975024038461 0.5364974927884615 0.4041585456730769 0.5333646610576923 0.4041585456730769
2 0.6200396826923077 0.4528914879807692 0.61664578125 0.4561403509615385 0.6210839591346153 0.4760976514423077 0.6236946538461539 0.49234196634615385 0.6289160408653847 0.5136916370192307 0.6320488725961538 0.5262229639423077 0.6370091899038461 0.5262229639423077 0.6451023389423077 0.5192611153846154 0.6430137836538462 0.5095145264423077 0.6346595649038461 0.4881648557692308 0.6299603173076923 0.4733129110576923 0.624477860576923 0.46078158413461534 0.6200396826923077 0.4528914879807692
2 0.5644319134615384 0.4204028581730769 0.572002923076923 0.4292212019230769 0.5842731826923078 0.43850366586538464 0.5926274014423076 0.4417525288461538 0.5975877187499999 0.43061356971153847 0.5952380961538462 0.42504409134615384 0.582706766826923 0.4176181201923077 0.5722639927884615 0.41390513221153846 0.5620822884615385 0.40972802403846154 0.5597326658653846 0.41390513221153846 0.5644319134615384 0.4204028581730769
2 0.6192564735576924 0.4380395432692307 0.6203007524038462 0.4505708725961538 0.6312656634615385 0.47377703605769234 0.6341374278846155 0.4719205432692308 0.6328320793269231 0.45799684375000005 0.6247389302884615 0.43107769471153845 0.6216060985576923 0.4287570769230769 0.6192564735576924 0.4380395432692307
2 0.5367585625 0.29648194471153844 0.5331035913461538 0.2983384375 0.5278822067307692 0.2918407139423077 0.5255325817307692 0.2890559735576923 0.5229218870192308 0.29091246634615386 0.5216165408653846 0.29648194471153844 0.5247493725961538 0.30158730048076926 0.5286654134615385 0.30205142548076924 0.5315371754807692 0.3122621370192308 0.534931076923077 0.31829574038461533 0.5430242259615384 0.3285064519230769 0.5479845456730769 0.3345400528846154 0.5539891394230769 0.3285064519230769 0.5537280697115384 0.31875986298076925 0.5503341682692308 0.3127262596153846 0.5438074350961538 0.30390791826923075 0.5367585625 0.29648194471153844
2 0.6263053461538461 0.34985612259615384 0.6307435264423076 0.35728209375000003 0.6346595649038461 0.3670286826923077 0.6357038437500001 0.3749187788461539 0.6474519639423076 0.3902348461538461 0.6531954879807693 0.3902348461538461 0.6594611538461539 0.3869859831730769 0.6586779447115384 0.3800241346153846 0.6513680024038462 0.3684210528846154 0.6427527139423077 0.3563538485576923 0.6388366754807693 0.3554256009615384 0.6299603173076923 0.34521488942307693 0.6263053461538461 0.34985612259615384
2 0.6116854639423077 0.5122992668269231 0.6025480360576924 0.50812215625 0.5889724302884616 0.5034809254807693 0.5879281538461538 0.5146198822115384 0.5962823725961539 0.5197252379807693 0.6119465336538462 0.5313283197115385 0.61664578125 0.5331848149038462 0.618473266826923 0.5290077043269231 0.63335421875 0.5368978004807692 0.6357038437500001 0.5304000745192308 0.6296992475961538 0.5257588413461538 0.6216060985576923 0.520653485576923 0.6187343365384615 0.5187969927884615 0.6158625721153845 0.5141557596153846 0.6116854639423077 0.5122992668269231
7 0.6680764423076924 0.5290077043269231 0.6625939855769231 0.5410749086538462 0.6612886394230769 0.5494291274038462 0.6589390144230769 0.5549986081730769 0.6625939855769231 0.5633528269230769 0.6633771923076923 0.5698505528846154 0.6717314110576923 0.5670658125 0.6759085216346155 0.5638169495192308 0.6808688389423078 0.5554627307692308 0.6832184639423077 0.5471085120192307 0.6790413533653846 0.5368978004807692 0.6709482043269231 0.5290077043269231 0.6680764423076924 0.5290077043269231
7 0.7477025889423078 0.46078158413461534 0.7236842115384616 0.4668151850961539 0.7132414375 0.4853801177884615 0.7101086057692307 0.4983755697115385 0.7121971586538461 0.5164763774038461 0.7161131995192308 0.5234382259615384 0.719768170673077 0.5368978004807692 0.7247284879807693 0.5526779903846154 0.7351712620192308 0.5642810721153846 0.7495300745192307 0.5522138677884615 0.763888889423077 0.5308641971153846 0.7696324134615384 0.5160122524038462 0.7670217211538461 0.4960549519230769 0.761539264423077 0.47981063701923077 0.7557957403846154 0.4626380769230769 0.7477025889423078 0.46078158413461534
8 0.7792919807692308 0.5373619230769231 0.7832080192307692 0.5396825384615385 0.7868629903846155 0.5350413076923076 0.786601920673077 0.52529471875 0.7886904759615384 0.512763389423077 0.7889515456730769 0.5002320625000001 0.7847744350961539 0.49512670673076925 0.7800751875 0.4946625817307692 0.7777255649038461 0.4993038149038461 0.7761591490384615 0.5085862812499999 0.7761591490384615 0.5211176081730768 0.7777255649038461 0.5290077043269231 0.7792919807692308 0.5373619230769231
7 0.7289055985576923 0.5870231129807693 0.7343880528846154 0.5907360985576923 0.7432644110576923 0.5935208389423077 0.7552736009615385 0.5967697019230769 0.7597117788461538 0.5865589903846155 0.763888889423077 0.5740276610576923 0.7620614038461538 0.5652093197115385 0.7513575600961538 0.5559268533653846 0.7448308269230769 0.5563909783653846 0.7320384302884615 0.5577833461538462 0.7294277355769231 0.5684581826923076 0.7289055985576923 0.5870231129807693
8 0.7892126153846154 0.5164763774038461 0.7863408509615385 0.5262229639423077 0.7899958221153847 0.5355054302884615 0.796783625 0.5355054302884615 0.8030492908653847 0.5345771826923077 0.8106203004807693 0.5355054302884615 0.8142752716346154 0.5285435817307692 0.8202798653846154 0.5215817307692308 0.8202798653846154 0.5155481298076923 0.8158416875000001 0.5192611153846154 0.8114035096153847 0.5113710192307692 0.80513784375 0.5118351442307693 0.7944340024038462 0.512763389423077 0.7892126153846154 0.5164763774038461
11 0.8137531322115384 0.6032674278846154 0.8194966586538462 0.5856307427884615 0.8150584783653846 0.5777406466346154 0.8035714278846153 0.5591757163461538 0.7897347524038462 0.5433955264423077 0.7868629903846155 0.5485008822115385 0.7779866322115385 0.5628887043269231 0.7852965745192308 0.5740276610576923 0.7845133677884615 0.5888796057692308 0.7800751875 0.5944490865384615 0.7826858822115385 0.6041956754807692 0.7845133677884615 0.6125498942307692 0.7894736850961538 0.6018750576923076 0.7952172091346154 0.5990903173076924 0.798611110576923 0.6065162908653846 0.8022660817307692 0.6144063870192308 0.8077485384615385 0.6153346322115385 0.8137531322115384 0.6032674278846154
11 0.8181913125 0.6181193725961538 0.8223684206730769 0.6106934014423077 0.8278508774038461 0.5916643461538462 0.8296783629807692 0.5763482788461538 0.82654553125 0.5693864302884616 0.8208020048076924 0.5666016899038462 0.8137531322115384 0.5642810721153846 0.8119256466346154 0.5689223052884615 0.8192355889423077 0.5851666201923077 0.8132309951923078 0.6037315504807692 0.8119256466346154 0.6106934014423077 0.8181913125 0.6181193725961538
7 0.8416875528846154 0.5471085120192307 0.8458646610576923 0.5563909783653846 0.8526524639423076 0.5591757163461538 0.8555242259615384 0.5628887043269231 0.8570906442307693 0.5707787980769231 0.8597013365384616 0.5730994158653846 0.868838764423077 0.5833101274038461 0.8751044278846154 0.5777406466346154 0.8818922307692307 0.5679940600961538 0.884502923076923 0.5610322091346154 0.8798036754807692 0.5415390336538461 0.8732769423076923 0.5364336778846154 0.8644005841346154 0.5317924447115385 0.85761278125 0.5239023485576924 0.8492585625 0.5225099783653846 0.8437761057692307 0.5271512115384616 0.8422096899038463 0.5364336778846154 0.8416875528846154 0.5471085120192307
6 0.8192355889423077 0.5452520192307693 0.8153195480769231 0.5443237716346154 0.8119256466346154 0.5559268533653846 0.8137531322115384 0.5638169495192308 0.8205409350961539 0.5684581826923076 0.8296783629807692 0.5698505528846154 0.8356829567307693 0.5652093197115385 0.8429928990384615 0.571707045673077 0.8523913942307693 0.5768124014423077 0.8560463653846154 0.5823818798076923 0.8573517115384616 0.5749559086538462 0.8555242259615384 0.5633528269230769 0.8516081875 0.5582474711538462 0.845081454326923 0.5582474711538462 0.8390768581730769 0.5522138677884615 0.8328111947115384 0.5452520192307693 0.8299394326923076 0.5480367596153847 0.8192355889423077 0.5452520192307693
7 0.8894632403846153 0.38420124278846157 0.8863304086538462 0.3883783533653846 0.8858082716346154 0.4055509134615385 0.8899853798076923 0.4180822427884615 0.8970342524038462 0.4282929543269231 0.9056495408653846 0.4292212019230769 0.9126984134615385 0.42504409134615384 0.9215747692307693 0.4301494471153846 0.9207915624999999 0.4199387355769231 0.9134816201923077 0.40601503846153847 0.9113930649038462 0.39858906490384616 0.9116541346153846 0.39069896875 0.8996449447115384 0.3883783533653846 0.8894632403846153 0.38420124278846157
8 0.868838764423077 0.4315418173076923 0.8617898918269231 0.43293418749999996 0.86231203125 0.4403601586538462 0.8672723485576923 0.44314489903846155 0.8730158725961539 0.44546551442307697 0.8824143701923077 0.4505708725961538 0.8894632403846153 0.4514991177884615 0.8912907259615385 0.4468578846153846 0.8907685889423077 0.4375754206730769 0.8850250625 0.43664717307692313 0.8798036754807692 0.4338624326923077 0.8727548028846154 0.43061356971153847 0.868838764423077 0.4315418173076923
8 0.852130326923077 0.46867168028846157 0.8552631586538462 0.47563352884615384 0.8604845456730769 0.4858442403846154 0.8641395144230769 0.48259537740384617 0.8638784471153845 0.46959992548076923 0.8610066826923077 0.45753272115384613 0.8578738509615385 0.4398960360576923 0.8544799495192308 0.43711129567307694 0.8487364254807692 0.4426807764423077 0.8516081875 0.45892509134615384 0.852130326923077 0.46867168028846157
8 0.8231516298076923 0.4347906802884615 0.82419590625 0.4426807764423077 0.8302005024038461 0.4482502548076923 0.8362050961538461 0.4561403509615385 0.8435150384615385 0.45892509134615384 0.8463868004807692 0.45381973557692307 0.8471700072115385 0.4468578846153846 0.8458646610576923 0.4417525288461538 0.8414264831730769 0.43850366586538464 0.8351608197115384 0.43200593990384617 0.826023391826923 0.4269005841346154 0.8231516298076923 0.4347906802884615
7 0.8158416875000001 0.4566044735576923 0.8090538846153846 0.46449456971153846 0.8129699254807693 0.48027476201923075 0.8184523822115384 0.48491599278846154 0.8244569759615386 0.49698319951923076 0.8273287379807692 0.4983755697115385 0.8338554711538462 0.5058015408653846 0.8411654134615384 0.5002320625000001 0.8422096899038463 0.4890931033653846 0.8406432740384615 0.4770258990384615 0.837249372596154 0.4668151850961539 0.8302005024038461 0.46031746153846154 0.8249791153846153 0.46124570673076926 0.8158416875000001 0.4566044735576923
7 0.8210630745192307 0.4900213485576923 0.8119256466346154 0.48770073317307694 0.8093149543269231 0.4779541442307692 0.80748746875 0.4547479807692308 0.8033103581730768 0.44500139182692305 0.7957393485576923 0.43107769471153845 0.7860797836538461 0.4315418173076923 0.7761591490384615 0.43850366586538464 0.7704156225961539 0.4505708725961538 0.7745927307692307 0.46959992548076923 0.7764202163461539 0.48352362259615383 0.7803362572115385 0.49187784375 0.7876461995192308 0.49094959615384615 0.7918233076923078 0.4988396923076923 0.7952172091346154 0.4974473221153846 0.8004385961538462 0.49559082932692305 0.8033103581730768 0.5006961850961539 0.808009608173077 0.5076580336538462 0.8116645769230769 0.5044091706730769 0.8208020048076924 0.4979114447115384 0.8210630745192307 0.4900213485576923
7 0.7315162908653845 0.45381973557692307 0.7375208846153847 0.4542838581730769 0.7435254807692308 0.4510349951923077 0.7497911442307692 0.44314489903846155 0.7461361730769231 0.4389677908653846 0.7390873004807692 0.43664717307692313 0.7375208846153847 0.43107769471153845 0.7393483701923077 0.4152975024038461 0.7448308269230769 0.3934837091346154 0.7450918966346154 0.3725981610576923 0.7453529663461538 0.36934929807692307 0.7393483701923077 0.3605309567307692 0.7273391802884616 0.35171261538461535 0.7158521298076923 0.33871716346153846 0.7088032572115384 0.3271140817307692 0.7067147043269231 0.3331476826923077 0.7022765240384616 0.348927875 0.6996658317307692 0.36656456009615385 0.6954887211538462 0.38420124278846157 0.6913116129807692 0.4041585456730769 0.68817878125 0.42086698317307697 0.6913116129807692 0.4282929543269231 0.7012322475961539 0.43107769471153845 0.7132414375 0.4352548028846154 0.717418545673077 0.4347906802884615 0.72159565625 0.4426807764423077 0.7262949038461539 0.4510349951923077 0.7315162908653845 0.45381973557692307
6 0.7714598990384616 0.32943469711538464 0.7719820384615385 0.31783161538461535 0.7701545528846154 0.30715678125 0.7654553052884616 0.30715678125 0.7602339182692308 0.30808502644230773 0.7612781947115385 0.3196881081730769 0.7628446105769231 0.3285064519230769 0.7649331658653846 0.33129118990384615 0.7714598990384616 0.32943469711538464
9 0.8476921466346153 0.3814165048076923 0.8461257307692308 0.3735264086538462 0.8393379278846154 0.3614592043269231 0.8315058485576923 0.3591385865384616 0.8283730168269231 0.3614592043269231 0.8236737668269231 0.3725981610576923 0.8257623221153847 0.38420124278846157 0.8356829567307693 0.39116309375 0.8456035913461538 0.3902348461538461 0.8476921466346153 0.3814165048076923
6 0.607769423076923 0.5313283197115385 0.5921052620192307 0.5341130600961539 0.5907999158653846 0.5401466634615384 0.5874060144230769 0.550357375 0.5855785288461539 0.5577833461538462 0.5889724302884616 0.5656734423076923 0.5981098581730769 0.5647451971153846 0.6001984134615385 0.5744917860576924 0.6012426899038462 0.5735635384615384 0.6069862163461539 0.5782047716346154 0.6187343365384615 0.5823818798076923 0.6223893076923077 0.5851666201923077 0.6242167908653846 0.5698505528846154 0.618473266826923 0.5647451971153846 0.6150793653846154 0.5466443894230769 0.6122076033653846 0.5392184158653847 0.607769423076923 0.5313283197115385
7 0.5853174615384615 0.6376125504807693 0.5740914783653847 0.6157987572115384 0.5678258149038462 0.60930103125 0.5612990817307693 0.6148705096153846 0.5594715961538461 0.6227606057692309 0.5605158725961539 0.6297224543269231 0.5701754375 0.6473591394230769 0.5764411033653846 0.6612828365384615 0.5814014206730769 0.6617469591346155 0.5840121129807693 0.6687088100961538 0.5785296586538462 0.6775271514423077 0.5714807860576923 0.6858813701923077 0.5654761899038461 0.6900584783653846 0.5772243100961538 0.6974844519230768 0.5853174615384615 0.6872737403846153 0.5939327475961538 0.6784553966346153 0.5994152043269231 0.6705653028846155 0.5960213028846154 0.6506080024038461 0.5853174615384615 0.6376125504807693
0 0.5297096899038461 0.09087533653846153 0.5338868004807693 0.10108604807692309 0.5378028413461539 0.10433491105769231 0.5438074350961538 0.10526315865384615 0.5558166250000001 0.10108604807692309 0.56417084375 0.09366007692307693 0.5612990817307693 0.07602339182692307 0.5555555552884616 0.05281722836538461 0.5443295745192308 0.06442031009615384 0.532581454326923 0.07648751442307691 0.5265768581730769 0.07695163942307692 0.5297096899038461 0.09087533653846153
7 0.5239661658653846 0.12336396634615385 0.5299707596153846 0.11965097836538462 0.5294486225961539 0.11500974759615384 0.5242272355769231 0.10619140384615385 0.520050125 0.09922955528846153 0.51404553125 0.09783718509615384 0.5075187980769231 0.09644481490384615 0.5067355889423077 0.10897614423076923 0.5090852139423077 0.1256845817307692 0.5169172932692307 0.1210433485576923 0.5239661658653846 0.12336396634615385
7 0.4600041778846154 0.050496610576923076 0.46444235576923076 0.061171447115384615 0.4707080192307692 0.0634920625 0.4793233076923077 0.06859741826923077 0.4832393485576923 0.05606609134615385 0.4824561394230769 0.05096073557692308 0.47514619951923076 0.04307063942307692 0.46418128605769227 0.030075187500000003 0.46078738461538465 0.030075187500000003 0.4545217211538462 0.038893531249999995 0.4600041778846154 0.050496610576923076
7 0.42319339903846154 0.16374268990384613 0.4294590649038461 0.16699155288461537 0.4344193822115385 0.16977629326923077 0.43807435336538464 0.16606330528846153 0.43807435336538464 0.1502831153846154 0.43389724278846153 0.1447136346153846 0.4244987475961538 0.14100064903846155 0.4192773605769231 0.14146477403846153 0.4164055985576923 0.15446022355769232 0.41744987499999997 0.1693121682692308 0.42319339903846154 0.16374268990384613
5 0.009659564903846155 0.2658498100961538 0.014097745192307692 0.27141928846153845 0.0190580625 0.2704910432692308 0.023757310096153846 0.2663139326923077 0.020624478365384617 0.2551749735576923 0.0167084375 0.2551749735576923 0.009659564903846155 0.2658498100961538
5 0.03889933173076923 0.22639933173076926 0.036810776442307694 0.22129397596153846 0.030806182692307692 0.21897335817307692 0.03132831971153846 0.2273275793269231 0.033155805288461536 0.23336118028846153 0.033939014423076924 0.23475355048076924 0.03889933173076923 0.23243293509615384 0.03889933173076923 0.22639933173076926
2 0.29030910576923075 0.0973730625 0.30988930769230766 0.08344936538461539 0.3310359230769231 0.06720505048076923 0.35035505528846156 0.05467372115384616 0.34931077644230774 0.049104242788461545 0.33860693509615386 0.05467372115384616 0.3179824567307692 0.06952566586538461 0.2882205504807692 0.08994708894230768 0.28299916346153847 0.09505244711538462 0.28456558173076923 0.09969367788461538 0.29030910576923075 0.0973730625
2 0.31511069230769234 0.049568365384615384 0.2843045120192308 0.049104242788461545 0.2532372596153846 0.052353105769230766 0.2542815360576923 0.057458461538461535 0.28117168028846157 0.05513784375 0.28169381730769233 0.06256381730769231 0.2939640769230769 0.05977907692307693 0.3075396826923077 0.05653021394230769 0.32398705048076926 0.05653021394230769 0.3333855480769231 0.05513784375 0.3485275697115385 0.05003248798076923 0.3498329158653846 0.05653021394230769 0.3602756899038461 0.05374547355769231 0.3581871346153846 0.04724775 0.34904970673076924 0.04817599519230769 0.33860693509615386 0.04817599519230769 0.31511069230769234 0.049568365384615384
0 0.36314745192307696 0.05977907692307693 0.3769841274038462 0.05653021394230769 0.40256892307692305 0.04167826923076923 0.41510025 0.030075187500000003 0.4111842115384615 0.01661561298076923 0.4062238942307692 0.0017636682692307691 0.39421470432692307 0.0008354230769230769 0.3809001658653846 0.007797271634615384 0.35218253846153846 0.020792723557692308 0.3571428581730769 0.03935765384615385 0.36314745192307696 0.05977907692307693
0 0.3555764423076923 0.04214239423076923 0.3516604014423077 0.02264921634615385 0.37881161298076926 0.008725516826923076 0.3780284038461538 0.0008354230769230769 0.3224206346153846 0.0008354230769230769 0.32398705048076926 0.03332405048076923 0.32450918990384614 0.044463009615384616 0.33991228125000006 0.042606516826923076 0.3555764423076923 0.04214239423076923
13 0.4205827067307692 0.018007983173076923 0.41979949759615387 0.023113338942307694 0.4213659158653846 0.04167826923076923 0.4239766081730769 0.054209598557692314 0.43311403605769233 0.05653021394230769 0.4440789471153846 0.05513784375 0.45034461057692304 0.04724775 0.45191102644230774 0.04075002403846154 0.44799498798076925 0.034716420673076925 0.448517125 0.023113338942307694 0.44486215625000003 0.011974379807692307 0.4365079375 0.0054766538461538455 0.42710943990384614 0.006869024038461539 0.4205827067307692 0.018007983173076923
7 0.8414264831730769 0.12707695192307694 0.8406432740384615 0.13403880048076922 0.8487364254807692 0.13868003365384615 0.8578738509615385 0.14239301923076922 0.8667502091346153 0.1447136346153846 0.8761487043269232 0.13821591105769232 0.8753654975961538 0.12754107451923077 0.87066625 0.11825861057692308 0.8628341682692308 0.10387078846153847 0.8552631586538462 0.10665552644230769 0.8469089399038462 0.11500974759615384 0.8414264831730769 0.12707695192307694
7 0.7445697572115384 0.18045112740384614 0.7443086875 0.1628144423076923 0.73830409375 0.1516754855769231 0.7291666658653846 0.1465701298076923 0.719768170673077 0.15817321153846153 0.7262949038461539 0.16559918269230767 0.7322994975961539 0.1744175264423077 0.7401315793269231 0.18602060817307692 0.7445697572115384 0.18045112740384614
7 0.7202903100961537 0.13032581490384615 0.7195071009615385 0.13914415625 0.7218567259615385 0.15399610096153846 0.7304720144230769 0.1461060048076923 0.7367376778846153 0.14981899278846153 0.7369987475961538 0.1419288966346154 0.7354323317307692 0.12800519711538463 0.7302109447115386 0.11176088461538461 0.7247284879807693 0.11268912980769231 0.7129803677884615 0.11965097836538462 0.7074979110576923 0.12614870432692307 0.7080200504807692 0.13311055528846152 0.7135025072115385 0.13496704807692309 0.7202903100961537 0.13032581490384615
4 0.5539891394230769 0.29044834375 0.5605158725961539 0.2918407139423077 0.5646929831730769 0.29880256250000004 0.5706975769230769 0.2876636033653846 0.5756578942307692 0.2807017548076923 0.582706766826923 0.26352919230769234 0.5753968245192308 0.2523902355769231 0.5714807860576923 0.24821312499999998 0.5633876346153847 0.2644574399038462 0.5597326658653846 0.27141928846153845 0.5558166250000001 0.26817042548076925 0.5521616538461539 0.2765246442307692 0.5495509615384615 0.2830223701923077 0.5539891394230769 0.29044834375
8 0.5586883870192307 0.25331848076923075 0.5571219711538462 0.2626009471153846 0.5573830408653846 0.26724218028846153 0.5599937331730769 0.2704910432692308 0.5652151201923077 0.26352919230769234 0.5673036754807692 0.26213682451923076 0.5699143701923076 0.2537826057692308 0.572002923076923 0.24403601682692308 0.5709586466346154 0.23568179807692308 0.5644319134615384 0.2315046875 0.5631265673076923 0.23382530528846154 0.5586883870192307 0.24774900240384617 0.5586883870192307 0.25331848076923075
2 0.5174394326923077 0.5888796057692308 0.5148287379807692 0.6000185649038461 0.5166562235576924 0.6032674278846154 0.5208333341346154 0.5976979495192307 0.5265768581730769 0.5879513605769231 0.5333646610576923 0.5800612644230769 0.5393692572115385 0.5647451971153846 0.5451127812500001 0.5531421153846154 0.5414578100961539 0.5443237716346154 0.5375417716346154 0.5401466634615384 0.5276211370192307 0.5577833461538462 0.52239975 0.5730994158653846 0.5197890552884615 0.5786688942307692 0.5174394326923077 0.5888796057692308
2 0.41771094471153847 0.5828460048076923 0.4260651634615385 0.5768124014423077 0.4315476177884615 0.5749559086538462 0.44329574038461533 0.5647451971153846 0.4490392644230769 0.5582474711538462 0.4453842932692308 0.5471085120192307 0.44199039182692307 0.5471085120192307 0.43233082692307695 0.554070360576923 0.42580409375 0.5628887043269231 0.42241019230769233 0.5698505528846154 0.41666666586538464 0.5791330168269231 0.41771094471153847 0.5828460048076923
8 0.3229427740384615 0.29508957451923074 0.3229427740384615 0.3011231778846154 0.32790309134615386 0.30530028846153845 0.33129699278846153 0.29880256250000004 0.33129699278846153 0.2830223701923077 0.33442982451923076 0.2658498100961538 0.33521303365384614 0.2588879615384615 0.3299916466346154 0.2556390985576923 0.32581453605769234 0.2649215625 0.32450918990384614 0.28023763221153847 0.3229427740384615 0.29508957451923074
6 0.44564536298076923 0.3298988221153846 0.44277360096153845 0.3419660264423077 0.4385964903846154 0.3642439423076923 0.4396407692307692 0.38652186057692306 0.4399018389423077 0.3948760793269231 0.4391186298076923 0.40787153125 0.44120718509615386 0.41715399519230767 0.44094611538461537 0.42086698317307697 0.4349415216346154 0.42318759855769233 0.4299812019230769 0.41854636538461537 0.4276315793269231 0.4296853245192308 0.43807435336538464 0.43664717307692313 0.4443400168269231 0.44128840625 0.45034461057692304 0.4426807764423077 0.45661027644230767 0.43711129567307694 0.4482560576923077 0.4315418173076923 0.4443400168269231 0.4301494471153846 0.45034461057692304 0.4282929543269231 0.44956140384615384 0.4180822427884615 0.44773391826923076 0.40462266826923077 0.44486215625000003 0.3934837091346154 0.4435568076923077 0.38466536778846155 0.4459064326923077 0.37120579326923075 0.4482560576923077 0.35588972355769233 0.453216375 0.3331476826923077 0.44564536298076923 0.3298988221153846