8 0.8004269927884615 0.5269898221153846 0.7957857596153846 0.5250911370192308 0.7940980384615385 0.5267524879807692 0.7966296201923077 0.5298378509615385 0.7970515504807693 0.5336352235576923 0.8092875288461538 0.5407552980769231 0.8122410408653846 0.5471633629807692 0.8223673653846154 0.5462140192307692 0.82363315625 0.5426539831730769 0.8173042043269232 0.5386192764423077 0.8059120865384616 0.5281765024038462 0.8004269927884615 0.5269898221153846
1 0.840932298076923 0.4999335456730769 0.8472612500000001 0.4963735096153846 0.8476831802884616 0.4778613197115385 0.8384007163461539 0.4766746418269231 0.82363315625 0.4759626346153846 0.8223673653846154 0.46243449519230767 0.8274305288461539 0.4415489471153846 0.7805962716346154 0.4349035456730769 0.7578120384615384 0.47002924038461535 0.7890348774038463 0.48403205048076925 0.7962076899038462 0.48996544471153847 0.8050682259615385 0.5008828894230769 0.8350252740384616 0.5034935817307692 0.840932298076923 0.4999335456730769
9 0.9105507884615385 0.5229551153846154 0.90000253125 0.5182083990384615 0.8894542764423077 0.5234297860576923 0.8801718100961539 0.5258031442307692 0.8911419975961539 0.5326858822115385 0.9059095552884616 0.5336352235576923 0.91814553125 0.5303125240384615 0.9168797403846154 0.5288885096153846 0.9105507884615385 0.5229551153846154
8 0.8388226466346154 0.40476190384615385 0.8362910649038462 0.39977785336538463 0.8320717620192308 0.3976418317307692 0.8308059711538461 0.4016765408653846 0.8248989471153846 0.40143920432692304 0.8253208774038462 0.4090339495192307 0.8227892956730769 0.4166286923076923 0.8219454350961539 0.42422343749999997 0.8270085985576923 0.42707146634615384 0.8371349254807693 0.4261221225961539 0.8379787860576923 0.41829004326923075 0.8405103677884616 0.4090339495192307 0.8388226466346154 0.40476190384615385
8 0.870045483173077 0.38886040865384613 0.870045483173077 0.38648705048076926 0.8687796923076923 0.3807909927884615 0.8687796923076923 0.3750949350961538 0.8670919735576923 0.3712975625 0.8624507403846154 0.36726285336538467 0.8590752980769231 0.36678818269230773 0.8590752980769231 0.36844953365384614 0.8535902043269231 0.37224690625 0.8548559951923077 0.37485759855769235 0.8561217860576923 0.37984164903846157 0.8578095072115384 0.38648705048076926 0.8603410889423077 0.3893350793269231 0.870045483173077 0.38886040865384613
8 0.9392420456730769 0.3302384759615385 0.9320692307692308 0.32477975240384616 0.9185674615384615 0.32169438701923075 0.9067534158653847 0.31694767307692306 0.8974709495192308 0.31789701442307694 0.8924077860576923 0.32169438701923075 0.8953612980769231 0.3262037668269231 0.9050656947115385 0.3288144615384615 0.9160358822115384 0.3318998245192307 0.9257402764423077 0.3342731826923077 0.9354446730769231 0.33332383894230766 0.9405078341346154 0.3328491682692307 0.9392420456730769 0.3302384759615385
8 0.9962026274038462 0.36939887499999996 0.9877640216346154 0.3741455913461538 0.9848105120192308 0.3779429639423077 0.9822789302884616 0.38055365625 0.9907175336538461 0.38150300000000004 0.9970464879807692 0.38007898557692305 0.9987342091346154 0.3750949350961538 1 0.3677375264423077 0.9962026274038462 0.36939887499999996
8 0.9704648822115385 0.3807909927884615 0.9704648822115385 0.3826896778846154 0.9831227908653847 0.38648705048076926 0.9856543725961538 0.38411369230769227 0.9822789302884616 0.3826896778846154 0.9746841850961538 0.37984164903846157 0.9704648822115385 0.3807909927884615
8 0.9742622548076922 0.3658388389423077 0.9700429519230769 0.36750018990384614 0.9645578581730769 0.3710602259615384 0.9670894399038462 0.37485759855769235 0.9734183942307693 0.37462026201923077 0.9797473485576924 0.36987354807692313 0.9848105120192308 0.36536416826923074 0.9759499759615384 0.36299081009615386 0.9742622548076922 0.3658388389423077
2 0.8924077860576923 0.34447862019230774 0.8886104158653846 0.3383078918269231 0.882703391826923 0.33047581009615384 0.8793279495192308 0.33142515384615384 0.881015670673077 0.3361718701923077 0.8805937403846154 0.3404439134615385 0.8835472524038461 0.34447862019230774 0.8890323461538461 0.3584814302884615 0.8936735769230769 0.3575320865384616 0.8932516466346154 0.35373471634615383 0.8924077860576923 0.34447862019230774
2 0.9227867644230769 0.3380705552884615 0.9151920216346153 0.3373585480769231 0.9071753461538462 0.33925723317307693 0.9025341129807691 0.34210526201923075 0.8974709495192308 0.3449532932692308 0.8949393677884616 0.34922533653846155 0.9025341129807691 0.3485133293269231 0.91097271875 0.3456653004807692 0.9202551826923078 0.3425799350961538 0.9227867644230769 0.3380705552884615
10 0.8185699951923078 0.38055365625 0.8173042043269232 0.3836390216346154 0.8206796442307692 0.38672438701923073 0.8282743894230769 0.3860123798076923 0.8286963197115385 0.3817403365384615 0.8248989471153846 0.3788923052884616 0.8185699951923078 0.38055365625
2 0.8755305769230769 0.34732664903846155 0.8696235528846153 0.3437666129807692 0.8696235528846153 0.34661464182692303 0.8666700432692308 0.3501746802884615 0.8746867163461538 0.35587073798076924 0.8839691826923077 0.35587073798076924 0.8852349735576923 0.35492139423076924 0.8835472524038461 0.3501746802884615 0.8755305769230769 0.34732664903846155
4 0.8430419495192307 0.33569719711538465 0.8253208774038462 0.34115592067307693 0.8248989471153846 0.34613997115384615 0.83460334375 0.348988 0.8388226466346154 0.34708931490384615 0.8489489711538462 0.34613997115384615 0.8569656466346154 0.34305460576923075 0.8430419495192307 0.33569719711538465
7 0.9409554495192308 0.45572718028846154 0.9471706634615384 0.45318459134615385 0.9471706634615384 0.4512776514423077 0.9621436850961539 0.44714594471153846 0.9683589014423077 0.44253750240384615 0.9124219567307693 0.42394482692307695 0.898861485576923 0.4337973557692308 0.9062067403846155 0.4347508269230769 0.9095968581730769 0.43888253125 0.9214622716346154 0.4430142379807692 0.9310676057692308 0.4480994158653846 0.9409554495192308 0.45572718028846154
7 0.9807893317307692 0.47559115144230774 0.9793767836538462 0.4719361802884615 0.9838969399038462 0.4727307403846154 0.9881345865384615 0.47352529807692306 0.9951973341346154 0.4722540048076923 0.9974574110576923 0.46812229807692307 1 0.46891685817307693 0.9963273725961539 0.4560450048076923 0.9926547451923077 0.4487350625 0.9858745096153847 0.4515954735576923 0.9742916057692308 0.4495296201923077 0.9697714495192307 0.45779303365384616 0.9658163125 0.4581108557692308 0.9553634495192308 0.46399059134615384 0.9680763894230769 0.4703470625 0.9649687836538461 0.47161835817307696 0.9683589014423077 0.47606788701923075 0.9799418028846154 0.47861047596153844 0.9807893317307692 0.47559115144230774
8 0.9867220384615384 0.3667365889423077 0.9793767836538462 0.369597 0.9785292548076924 0.3746821754807692 0.9830494110576923 0.3762712932692308 0.9864395288461538 0.3753178245192308 0.9949148221153846 0.3692791754807692 0.9974574110576923 0.3667365889423077 0.9937847836538461 0.36530638221153844 0.9867220384615384 0.3667365889423077
2 0.9870045480769231 0.3567251466346154 0.9861570192307691 0.35450038221153846 0.9807893317307692 0.34862064663461534 0.974856627403846 0.3428998221153846 0.9711839975961538 0.34083396875000005 0.9652512932692308 0.33527205769230767 0.9607311346153846 0.3357487932692308 0.9621436850961539 0.3387681153846154 0.9660988221153846 0.34369437980769235 0.9652512932692308 0.3475082644230769 0.9740090961538462 0.3503686754807692 0.9728790576923078 0.3549771177884615 0.9745741153846155 0.3586320865384615 0.9822018822115385 0.358791 0.9870045480769231 0.3567251466346154
8 0.6362686105769231 0.26821128846153847 0.6193180216346155 0.2678140096153846 0.6009548822115385 0.2678140096153846 0.5953046875 0.26940312740384614 0.5882419423076923 0.26940312740384614 0.5875356658653846 0.2737732019230769 0.6087239038461538 0.2773487163461538 0.6270870408653846 0.27854055528846156 0.64121253125 0.2769514375 0.6440376298076923 0.27218408413461537 0.6362686105769231 0.26821128846153847
8 0.7895301850961538 0.2638412163461539 0.7803486177884615 0.2666221706730769 0.7676356754807692 0.26900584855769233 0.7619854783653845 0.2709922451923077 0.7619854783653845 0.2733759206730769 0.7690482235576923 0.2745677596153846 0.7761109687500001 0.2741704807692308 0.7951803822115384 0.27258136298076924 0.794474108173077 0.26940312740384614 0.7895301850961538 0.2638412163461539
9 0.8166713076923077 0.2066102764423077 0.8092453365384615 0.20582706730769232 0.8008911177884616 0.2066102764423077 0.7981063774038462 0.20948203846153846 0.794393391826923 0.21626984134615385 0.8036758557692308 0.2230576442307692 0.8120300745192307 0.22279657451923077 0.8180636778846153 0.21992481249999998 0.8231690336538461 0.21313700961538462 0.8166713076923077 0.2066102764423077
11 0.8473034447115384 0.2037385120192308 0.8468393197115385 0.19773391826923079 0.8366286081730769 0.1891186298076923 0.8250255264423078 0.1867690048076923 0.8124941995192307 0.19277360096153845 0.8083170889423077 0.19564536298076923 0.8138865673076924 0.20191102644230768 0.82409728125 0.2081766923076923 0.8324515 0.21104845432692307 0.8403415937500001 0.20739348317307693 0.8473034447115384 0.2037385120192308
9 0.7883597884615384 0.29824561298076924 0.7939292668269231 0.29746240625 0.8018193629807692 0.29981203125 0.8111018293269231 0.29432957451923075 0.8087812115384616 0.28493107692307695 0.7967140072115384 0.2817982451923077 0.7841826778846154 0.28963032692307694 0.7883597884615384 0.29824561298076924
10 0.8213125408653846 0.26796156971153845 0.8259537740384615 0.2677005024038462 0.8338438701923077 0.26221804567307694 0.8222407860576924 0.25464703365384617 0.8152789375 0.25516917307692305 0.8213125408653846 0.26796156971153845
8 0.8746867163461538 0.20869882932692307 0.8783997019230768 0.20739348317307693 0.8788638269230769 0.1993003341346154 0.8774714567307692 0.19172932211538463 0.8765432091346154 0.1865079375 0.8737584711538461 0.1865079375 0.870045483173077 0.1899018389423077 0.8626195120192308 0.19616750240384617 0.8691172379807692 0.19747284855769232 0.8691172379807692 0.20112781971153845 0.870509608173077 0.20452172115384615 0.8746867163461538 0.20869882932692307
8 0.9159936875000001 0.1259398485576923 0.9081035913461538 0.1282894735576923 0.9187784278846153 0.13455513701923077 0.9280608942307692 0.13638262259615386 0.9336303725961539 0.131683375 0.92481203125 0.12855054326923077 0.9159936875000001 0.1259398485576923
3 0.9220272908653846 0.12019632451923078 0.9127448245192308 0.12019632451923078 0.9002134975961538 0.12045739423076923 0.8955722644230769 0.12567878125 0.9025341129807691 0.12541771153846154 0.9094959615384616 0.12541771153846154 0.9155295649038462 0.12411236538461538 0.920634920673077 0.12567878125 0.9220272908653846 0.12019632451923078
7 0.8570500336538461 0.11523600721153845 0.8431263341346154 0.10923141105769231 0.8412698413461539 0.11131996634615385 0.8473034447115384 0.11654135336538461 0.8357003629807692 0.12306808653846153 0.8352362379807693 0.13116123557692308 0.8417339639423077 0.13559941586538463 0.8542652932692308 0.13324979086538463 0.8672607451923077 0.131683375 0.8719019783653846 0.12045739423076923 0.8570500336538461 0.11523600721153845
8 0.8598347716346153 0.1523078533653846 0.8612271418269231 0.14786967307692309 0.8468393197115385 0.14656432692307692 0.8329156225961539 0.1483918125 0.8296667596153846 0.15309106009615386 0.8324515 0.1572681706730769 0.8403415937500001 0.15674603125 0.8500881826923077 0.15491854567307695 0.8570500336538461 0.15622389423076924 0.8658683749999999 0.15465747596153845 0.8598347716346153 0.1523078533653846
7 0.8756149639423078 0.1859857980769231 0.8723661009615384 0.17867585576923076 0.8621553894230769 0.16927736057692308 0.8398774711538461 0.16771094471153847 0.8315232524038462 0.1724101923076923 0.831987375 0.17580409375 0.8403415937500001 0.1831140360576923 0.8459110745192308 0.19172932211538463 0.8640118822115385 0.19251253124999998 0.8756149639423078 0.1859857980769231
8 0.8635477572115384 0.15152464423076922 0.8654042524038462 0.15544068509615386 0.8658683749999999 0.1572681706730769 0.8672607451923077 0.16379490384615383 0.869581360576923 0.16823308173076923 0.8779355793269231 0.17032163701923078 0.8779355793269231 0.1690162908653846 0.8783997019230768 0.16431704326923077 0.8756149639423078 0.1583124471153846 0.870509608173077 0.14969715865384614 0.8649401274038462 0.1483918125 0.8635477572115384 0.15152464423076922
8 0.9127448245192308 0.14943609134615385 0.90763946875 0.1507414375 0.902998235576923 0.15622389423076924 0.8974287572115384 0.16144527884615384 0.9025341129807691 0.16510025 0.9099600865384615 0.16196741826923075 0.9146013173076923 0.15752924038461538 0.9155295649038462 0.15256892307692307 0.9127448245192308 0.14943609134615385
11 0.9350227427884616 0.19747284855769232 0.9475540697115385 0.1932957403846154 0.9401280985576924 0.17841478605769232 0.9345586177884615 0.16875522115384617 0.9262043990384616 0.16927736057692308 0.9164578100961538 0.1713659158653846 0.9169219350961538 0.17737050961538461 0.9229555360576923 0.18363617307692306 0.9183143052884616 0.18781328365384614 0.9252761538461538 0.1940789471153846 0.9299173870192308 0.19277360096153845 0.9350227427884616 0.19747284855769232
8 0.9526594254807693 0.19512322596153847 0.9503388100961538 0.19747284855769232 0.9494105625 0.20138888942307692 0.9600853990384616 0.20347744471153847 0.9679754951923076 0.20269423557692307 0.9665831250000001 0.19721177884615385 0.9526594254807693 0.19512322596153847
8 0.9586930288461539 0.17763157932692308 0.9526594254807693 0.17789264903846155 0.9498746875 0.18285296634615383 0.9517311802884615 0.19120718509615384 0.95776478125 0.19486215625 0.961941891826923 0.19434001682692306 0.9661190024038462 0.18937969951923075 0.961941891826923 0.1831140360576923 0.9586930288461539 0.17763157932692308
2 0.8463751971153847 0.2577798653846154 0.8551935384615384 0.26039056009615386 0.8570500336538461 0.2522974110576923 0.8459110745192308 0.2522974110576923 0.8463751971153847 0.2577798653846154
8 0.92481203125 0.29145781009615385 0.9127448245192308 0.2880639086538462 0.8937157716346154 0.2823203846153846 0.8844333052884615 0.28258145432692305 0.8774714567307692 0.28545321634615384 0.8770073341346154 0.29067460336538464 0.8900027836538461 0.2948517115384615 0.9057829759615385 0.2979845456730769 0.9169219350961538 0.2990288221153846 0.92481203125 0.29145781009615385
2 0.9405922211538461 0.28362573076923075 0.9419845913461539 0.2880639086538462 0.9475540697115385 0.28936925721153844 0.9554441658653846 0.29432957451923075 0.9637983846153847 0.2979845456730769 0.9744732187499999 0.3008563076923077 0.9758655889423077 0.29641812980769233 0.9665831250000001 0.29250208894230767 0.9656548774038461 0.2883249783653846 0.9573006586538462 0.2841478701923077 0.9443052067307692 0.27892648317307694 0.9405922211538461 0.28362573076923075
7 0.9596212764423077 0.15387426923076925 0.95776478125 0.1449979110576923 0.9554441658653846 0.1410818701923077 0.9429128365384615 0.13925438701923076 0.9313097572115385 0.1489139519230769 0.9424487139423078 0.1523078533653846 0.9498746875 0.16040100240384614 0.95776478125 0.16275062740384616 0.95822890625 0.1583124471153846 0.9596212764423077 0.15387426923076925
13 0.12976886538461538 0.13847117788461538 0.12559175721153845 0.13559941586538463 0.11538104567307692 0.134033 0.10052910096153847 0.134033 0.09913673076923077 0.13559941586538463 0.10052910096153847 0.14029866346153846 0.10238559375 0.1434314951923077 0.11352455288461538 0.14708646634615385 0.12559175721153845 0.14813074278846153 0.13162536057692306 0.14656432692307692 0.12976886538461538 0.13847117788461538
13 0.04437018509615384 0.2773600673076923 0.05040378605769231 0.27605472115384616 0.060150375000000006 0.26926691826923077 0.05782975961538461 0.26195697596153844 0.046690800480769235 0.26091269951923074 0.04019307451923077 0.26535087740384616 0.04251369230769231 0.26796156971153845 0.03972895192307692 0.27187761057692306 0.03972895192307692 0.2765768581730769 0.04437018509615384 0.2773600673076923
7 0.8427822980769231 0.32127448557692306 0.8489165144230769 0.3220412620192308 0.8602761754807692 0.3225524471153846 0.8634568822115385 0.3169294158653846 0.8611849495192309 0.31373451201923075 0.8609577548076923 0.3060667403846154 0.8457358100961538 0.2966098221153846 0.835284923076923 0.2963542307692308 0.8271059663461539 0.2906034014423077 0.8191542043269231 0.2943094927884615 0.8166550793269232 0.29942133894230766 0.8211989447115384 0.301593875 0.8250612283653846 0.2985267668269231 0.830286673076923 0.29942133894230766 0.8252884206730768 0.3008270961538461 0.8225621033653846 0.30466098317307694 0.8198357836538462 0.30491657451923077 0.8225621033653846 0.3088782572115385 0.8273331610576923 0.3136067139423077 0.8309682524038462 0.3183351730769231 0.8427822980769231 0.32127448557692306
8 0.9402481850961538 0.2891976442307692 0.93911221875 0.28280783653846153 0.9336595817307691 0.2848525745192308 0.9375218677884616 0.2897088293269231 0.9370674807692307 0.29443728846153844 0.937294673076923 0.29712100721153845 0.9404753798076922 0.3063223317307692 0.940929764423077 0.3116897716346154 0.9420657307692307 0.3128399375 0.9477455625 0.31258434615384617 0.9459280168269231 0.30696131249999997 0.9454736298076922 0.29712100721153845 0.9447920504807693 0.29507626923076924 0.9418385384615384 0.29456508413461535 0.9402481850961538 0.2891976442307692
2 0.9731912019230768 0.3240860024038461 0.974554360576923 0.32907005288461544 0.9768262932692308 0.3337985120192308 0.9790982259615385 0.3354598629807692 0.9809157692307693 0.33763239663461536 0.9847780552884615 0.3368656201923077 0.9840964759615385 0.32932564423076927 0.9813701562499999 0.32063550480769226 0.9797798052884615 0.31705721153846156 0.9747815528846153 0.3171850072115384 0.9729640072115384 0.3185907668269231 0.9731912019230768 0.3240860024038461
2 0.9868227932692307 0.3534791225961538 0.9888675336538462 0.3524567548076923 0.9877315673076923 0.3467059254807693 0.9834148966346153 0.3412106899038462 0.97887103125 0.33814358173076925 0.9750087475961539 0.33699341586538456 0.9747815528846153 0.3349486778846154 0.9709192692307693 0.33200936538461534 0.9686473365384616 0.33405410336538466 0.9720552355769231 0.33750460096153845 0.9725096225961539 0.34018831971153846 0.9770534855769231 0.34440559375 0.9811429639423076 0.3488784615384616 0.9868227932692307 0.3534791225961538
7 0.8200629783653847 0.34696151923076923 0.8259700024038461 0.3389103581730769 0.8216533293269231 0.3313703846153846 0.8127927956730769 0.3240860024038461 0.7991612019230769 0.3147568798076923 0.7868927692307692 0.30977282932692307 0.7696260865384615 0.3107951995192308 0.7637190625 0.3197409326923077 0.7598567764423076 0.32855886778846155 0.7519050144230769 0.3346930841346154 0.7564488798076923 0.34530016826923077 0.7680357331730769 0.3534791225961538 0.7884831225961538 0.3573130096153846 0.8105208629807692 0.35258455048076925 0.8200629783653847 0.34696151923076923
7 0.8162006923076923 0.3146290841346154 0.8157463076923077 0.3106674038461538 0.8105208629807692 0.3087504591346154 0.8021147139423076 0.3078558870192308 0.7914366346153846 0.30964503365384616 0.8014331346153847 0.31450128846153846 0.8064313846153847 0.3193575432692307 0.8166550793269232 0.3244693894230769 0.8162006923076923 0.31871856249999997 0.8162006923076923 0.3146290841346154
10 0.8184726250000001 0.3033830216346154 0.8152919206730769 0.3012104855769231 0.8075673509615384 0.29967693028846154 0.8032506802884616 0.3035108173076923 0.8032506802884616 0.30478877884615385 0.8084761250000001 0.30721690625 0.8155191129807692 0.3082392764423077 0.8184726250000001 0.30683351682692306 0.8184726250000001 0.3033830216346154
8 0.9413841514423077 0.19986811538461538 0.9395666057692308 0.19501186057692307 0.9345683557692308 0.19156136298076923 0.9268437860576924 0.1947562668269231 0.9275253653846154 0.19628982211538462 0.9309332644230769 0.2015294639423077 0.9368402884615384 0.20561894230769232 0.9422929254807693 0.20408538942307694 0.9413841514423077 0.19986811538461538
8 0.9852324423076924 0.17124176923076923 0.9897763052884615 0.17686480288461537 0.9938657836538461 0.18005970673076924 0.9961377163461538 0.18120987259615384 1 0.17929293028846155 0.9995456129807692 0.17533124759615384 0.9929570096153846 0.16766347596153847 0.98636840625 0.16651331009615383 0.9831877019230769 0.16689669951923078 0.9852324423076924 0.17124176923076923
8 0.9743271682692308 0.15935672596153846 0.9802341899038461 0.16191264903846153 0.9852324423076924 0.16395738701923077 0.9927298173076923 0.16510755288461537 0.9947745552884615 0.16306281490384616 0.9925026250000001 0.16101807451923078 0.9872771802884616 0.15820656009615386 0.980688576923077 0.15705639423076923 0.9770534855769231 0.15897333653846155 0.9802341899038461 0.15654520913461537 0.9772806778846154 0.15641741346153845 0.9736455865384616 0.1553950432692308 0.9709192692307693 0.157695375 0.9743271682692308 0.15935672596153846
8 0.9911394639423077 0.14146525961538461 0.9902306923076923 0.14785506971153844 0.9904578846153846 0.15347810096153847 0.9922754302884615 0.1585899471153846 0.9965921009615385 0.15820656009615386 0.9990912259615385 0.15731198557692305 0.9995456129807692 0.15168895432692306 0.9984096466346154 0.14172085096153847 0.9911394639423077 0.14146525961538461
7 0.9720552355769231 0.23884594951923077 0.9840964759615385 0.23360630528846155 0.9868227932692307 0.22299922355769233 0.9909122716346155 0.22146566826923075 0.9890947259615385 0.21571484134615385 0.9734183942307693 0.20983621634615385 0.9593324158653846 0.2054911466346154 0.9459280168269231 0.21226434375 0.9388850264423076 0.2218490576923077 0.9400209927884616 0.22696090384615383 0.9477455625 0.23450087980769233 0.9600139951923077 0.24101848557692307 0.9720552355769231 0.23884594951923077
7 0.9104858749999999 0.19539524759615384 0.9070779783653846 0.20357420432692308 0.9095771033653846 0.21251993509615386 0.9125306153846153 0.21686500721153848 0.9118490336538462 0.22287142788461536 0.9141209663461538 0.22504396153846157 0.928434139423077 0.22376600000000002 0.9379762548076923 0.22517175721153848 0.9345683557692308 0.2167372091346154 0.9288885264423077 0.20804706971153844 0.9168472860576924 0.1989735408653846 0.9104858749999999 0.19539524759615384
5 0.8916288389423077 0.17085838221153848 0.8873121682692309 0.17239193509615386 0.8904928725961538 0.17456447115384616 0.8959455096153845 0.17635361778846154 0.8959455096153845 0.17545904326923076 0.8950367379807692 0.17251973076923077 0.8916288389423077 0.17085838221153848
5 0.905487625 0.19232813942307692 0.8998077956730769 0.1920725480769231 0.8961727019230769 0.1943728798076923 0.8988990216346154 0.19616202403846156 0.9027613052884615 0.19833456009615386 0.9045788509615384 0.19756778365384614 0.9057148173076922 0.19526745192307693 0.905487625 0.19232813942307692
5 0.8975358629807692 0.17545904326923076 0.8993534086538462 0.17865394951923078 0.9095771033653846 0.17545904326923076 0.909804295673077 0.17213634374999998 0.9041244663461538 0.17213634374999998 0.8963998966346154 0.1702194014423077 0.8954911225961539 0.17124176923076923 0.8975358629807692 0.17545904326923076
8 0.9066235913461539 0.18670510817307692 0.9029885 0.183638 0.8957183173076924 0.18338240625 0.8845858485576923 0.18005970673076924 0.883677076923077 0.18325461057692308 0.8866305889423077 0.18491596153846152 0.8945823509615385 0.18759968028846152 0.9011709543269231 0.1899000120192308 0.9029885 0.18849425480769233 0.9066235913461539 0.18670510817307692
4 0.7497805600961538 0.4299528052884615 0.7583301995192309 0.4350825889423077 0.7645999326923077 0.43796809375 0.7663098605769231 0.4277085264423077 0.7600401274038462 0.42065507211538467 0.7543403677884615 0.41744895913461544 0.7509205120192307 0.4216169086538461 0.7497805600961538 0.4299528052884615
6 0.9277605769230769 0.14086687259615385 0.9216450721153847 0.13613691105769232 0.9136184687500001 0.13678190625 0.9124718100961539 0.14215686298076924 0.9189695360576924 0.1473168221153846 0.9266139206730769 0.15011179807692307 0.929289454326923 0.1490368076923077 0.9323472067307693 0.14452184375000002 0.9277605769230769 0.14086687259615385
3 0.8656363125000001 0.23062865384615383 0.8626195120192308 0.22814849519230768 0.8598347716346153 0.23036758653846154 0.8565859086538462 0.23363095192307692 0.8600668341346154 0.23911340865384614 0.8651721899038461 0.24224624038461537 0.8677248677884616 0.23976608173076921 0.8691172379807692 0.23611111057692308 0.8670286826923077 0.23454469471153847 0.8656363125000001 0.23062865384615383
6 0.8542652932692308 0.22188283173076923 0.8577462163461539 0.22501566346153845 0.8626195120192308 0.2244935264423077 0.8674928052884615 0.21692251442307692 0.8635477572115384 0.21692251442307692 0.8600668341346154 0.2160087716346154 0.8531049855769232 0.21861946634615384 0.8542652932692308 0.22188283173076923
5 0.8802561947115385 0.22096908894230768 0.8823447499999999 0.2217522980769231 0.89069896875 0.22096908894230768 0.8923234014423076 0.21848893028846156 0.8895386610576923 0.2179667908653846 0.8851294903846154 0.2179667908653846 0.8809523822115384 0.21875 0.8802561947115385 0.22096908894230768
4 0.9023020504807693 0.2627401826923077 0.9083356538461539 0.26221804567307694 0.9120486394230769 0.26117376682692306 0.9101921466346153 0.2583020048076923 0.9111203942307693 0.2549081033653846 0.9141371947115384 0.25255847836538464 0.9178501802884615 0.2483813701923077 0.9127448245192308 0.24707602403846154 0.9062470985576923 0.24825083653846153 0.8995173125 0.24929511298076923 0.8911630937499999 0.25046992548076924 0.8895386610576923 0.2550386394230769 0.8879142307692308 0.25817147115384614 0.8897707235576923 0.2627401826923077 0.8937157716346154 0.2627401826923077 0.9023020504807693 0.2627401826923077
7 0.9429128365384615 0.2648287379807692 0.945929639423077 0.26130430288461537 0.94152046875 0.2601294903846154 0.9405922211538461 0.2583020048076923 0.9401280985576924 0.25386382692307696 0.9322380024038461 0.2543859639423077 0.9296853245192308 0.25621344951923075 0.92434790625 0.2607821634615385 0.9234196610576924 0.26404553124999997 0.9273647067307693 0.2667867596153846 0.9320059399038462 0.2678310360576923 0.9340944951923077 0.26691729326923075 0.9429128365384615 0.2648287379807692
7 0.9691358028846154 0.1959064326923077 0.9691358028846154 0.2020415625 0.971224358173077 0.2036079783653846 0.979114451923077 0.20347744471153847 0.9812030072115385 0.20582706730769232 0.986772485576923 0.2088293653846154 0.9958228894230768 0.21104845432692307 0.9993038149038462 0.20935150480769232 0.9997679374999999 0.20621867067307692 0.9969831995192308 0.20439118509615384 0.9990717524038462 0.19995300721153847 0.9965190745192308 0.1947316201923077 0.9883969182692307 0.18885756009615384 0.9765617740384616 0.1870300745192308 0.9647266322115384 0.18428884615384614 0.9682075552884615 0.1875522139423077 0.9686716802884615 0.19016290625 0.9654228173076922 0.19447055048076922 0.9691358028846154 0.1959064326923077
8 0.9154950024038461 0.18822710576923077 0.9184328028846154 0.18725503846153846 0.9201609230769231 0.18492207932692306 0.9170503100961539 0.18307515144230768 0.9089281514423077 0.17928409134615386 0.9027069254807691 0.17811761298076922 0.8978681923076923 0.1794785048076923 0.8987322524038461 0.1810338125 0.9037437956730769 0.18307515144230768 0.9073728461538462 0.18521369951923078 0.9116931418269231 0.18686621153846156 0.9154950024038461 0.18822710576923077
5 0.9798147572115384 0.15232793509615383 0.9794302764423077 0.15546385576923075 0.9857742091346153 0.15751842548076922 0.9875043725961539 0.15589639903846153 0.9892345360576923 0.15254420673076924 0.9863509302884614 0.151679125 0.9798147572115384 0.15232793509615383
7 0.8788122572115384 0.7119534951923078 0.8813907187500001 0.7052817235576924 0.8757181009615385 0.6997702596153845 0.8654042524038462 0.697449641826923 0.8525119375 0.7009305673076922 0.8489020913461538 0.7093428004807693 0.8545747091346154 0.7142741105769231 0.8654042524038462 0.7148542644230769 0.8623100961538461 0.7168848052884615 0.8741710240384616 0.7165947283653846 0.8788122572115384 0.7119534951923078
8 0.8796508173076922 0.2623315528846154 0.8819108966346154 0.26487414182692304 0.8855835240384615 0.2701182307692308 0.8971664254807692 0.2769514375 0.8991439951923077 0.27615687740384615 0.89660140625 0.27107170192307695 0.8934937980769231 0.2669399951923077 0.8886911322115385 0.26169590625 0.8827584254807692 0.2599478774038462 0.8796508173076922 0.2623315528846154
11 0.8884086225961538 0.30539664423076923 0.8827584254807692 0.30714467307692306 0.8807808581730769 0.31143529086538463 0.8827584254807692 0.3179506730769231 0.8886911322115385 0.32033435096153845 0.8920812499999999 0.3208110865384616 0.8974489375 0.3171561153846154 0.8982964663461538 0.3147724375 0.8960363870192308 0.3085748798076923 0.8884086225961538 0.30539664423076923
7 0.8793683076923077 0.14998093028846154 0.8779557596153846 0.15713196153846154 0.8816283870192307 0.16746122596153848 0.8886911322115385 0.16952707932692307 0.8892561514423077 0.1644419014423077 0.8886911322115385 0.15697304807692308 0.8943413293269231 0.15506610817307692 0.8963188966346153 0.14632595913461538 0.8909512115384615 0.14203534134615386 0.8864310528846153 0.13679125240384615 0.8813458774038462 0.1325006346153846 0.8683504254807691 0.12884566586538462 0.8675028966346154 0.13170607692307693 0.8593101105769231 0.13424866586538461 0.8559199927884615 0.13583778365384616 0.8573325432692307 0.14155860576923077 0.8632652475961538 0.1398105769230769 0.8720230528846155 0.13869819471153846 0.87682571875 0.1428299014423077 0.8793683076923077 0.14998093028846154
8 0.948102579326923 0.42517278125 0.9540096033653847 0.4230367596153846 0.9573850456730769 0.4218500793269231 0.9531657427884616 0.41686602884615387 0.9468367884615384 0.41923938701923075 0.9464148581730769 0.4220874158653846 0.9379762548076923 0.42446077403846155 0.9362885336538462 0.42730880288461537 0.9299595793269231 0.42920748798076924 0.9341788822115386 0.43015683173076924 0.9383981826923077 0.4296821610576923 0.9405078341346154 0.4282581442307692 0.9459929278846153 0.42659679567307696 0.948102579326923 0.42517278125
6 0.9751391370192307 0.1509344014423077 0.973444076923077 0.1482329014423077 0.9672288605769231 0.1482329014423077 0.9596010961538461 0.1483918125 0.960448625 0.15125222596153848 0.9612961538461539 0.15331807692307692 0.9632737235576924 0.1557017548076923 0.9669463509615385 0.1558606658653846 0.9725965480769231 0.15490719471153847 0.9765516850961539 0.1544304591346154 0.9776817235576923 0.15284134134615385 0.9751391370192307 0.1509344014423077