0 0.20508447115384615 0.5174836947115384 0.20034654567307691 0.5066541514423076 0.22200563221153846 0.49582461057692306 0.22809725 0.4874016322115385 0.21726770673076923 0.47416552403846157 0.21388347355769233 0.4765720889423077 0.2037307764423077 0.4645392620192308 0.19357808173076924 0.4428801778846154 0.17462637980769233 0.4585228509615385 0.1468756778846154 0.4910114783653846 0.16447368509615384 0.5307198028846154 0.1847790769230769 0.5559887379807692 0.19763915865384615 0.5752412572115385 0.21185293509615383 0.5595985841346154 0.21997509134615384 0.5511756081730769 0.20508447115384615 0.5174836947115384
0 0.24637210336538462 0.4849950673076923 0.22606670913461538 0.49341804567307695 0.20170023798076922 0.5054508701923077 0.2213287860576923 0.5523788894230769 0.23418886778846154 0.6005101923076923 0.2754765 0.5812576706730769 0.2666774951923077 0.5415493461538461 0.26126272596153843 0.5319230865384615 0.25381741346153847 0.50906071875 0.24637210336538462 0.4849950673076923
2 0.15054913701923078 0.4714733990384615 0.13628583653846155 0.4627569375 0.12157680769230769 0.4556252860576923 0.10196476923076923 0.4461164206730769 0.08190700240384616 0.4358151466346154 0.06006632451923077 0.42392906490384613 0.05144032932692308 0.42964406971153846 0.07445310817307692 0.4404736129807692 0.11100281490384616 0.4561162860576923 0.14349144471153846 0.47416552403846157 0.15364414182692307 0.47897865384615385 0.15857224278846155 0.47781264423076925 0.15054913701923078 0.4714733990384615
2 0.21161389182692308 0.4698885865384615 0.21562544471153847 0.4722658052884615 0.21607117307692308 0.46592656009615385 0.2080480673076923 0.4540404759615385 0.19957923317307694 0.4381923653846154 0.18709884375 0.41758981971153847 0.16614962259615387 0.3843087836538462 0.1532235048076923 0.35974421153846153 0.13896020432692308 0.33676444951923074 0.12425117788461539 0.3137846875 0.12202253605769231 0.31774671634615387 0.13272001201923078 0.3375568557692308 0.15233205048076923 0.3684606730769231 0.18308729086538464 0.42313665865384614 0.2035907860576923 0.45641769230769236 0.21161389182692308 0.4698885865384615
2 0.2298887451923077 0.4841518894230769 0.21696262980769232 0.46196453125 0.2013621442307692 0.4326455264423077 0.1821958341346154 0.39540246153846154 0.16035515625000002 0.35815940144230773 0.15678933173076923 0.36291383413461537 0.16570389423076926 0.38668600240384615 0.18799030048076923 0.4199670360576923 0.20671088221153847 0.4516632596153846 0.21607117307692308 0.4738506153846154 0.22676864903846153 0.4881139158653846 0.2298887451923077 0.4841518894230769
2 0.20047068990384617 0.32329355528846154 0.1964591346153846 0.32804798798076923 0.20581942548076923 0.38272397355769233 0.21473399038461538 0.4342303365384615 0.22052845432692306 0.4675113701923077 0.2258771923076923 0.4698885865384615 0.22097418269230767 0.43898476923076923 0.21384253365384615 0.40174170673076925 0.20581942548076923 0.34785812740384614 0.20047068990384617 0.32329355528846154
7 0.10018185817307691 0.27733403125 0.08502710096153845 0.28367327403846154 0.07076380048076923 0.29555935817307694 0.07210098317307692 0.31219987740384614 0.08458137259615385 0.33676444951923074 0.09171302163461538 0.35102775 0.10597632211538463 0.34785812740384614 0.11533661298076922 0.33517963942307694 0.11890243990384615 0.3169543100961538 0.11177078846153846 0.28605049278846156 0.10018185817307691 0.27733403125
8 0.0005801538461538461 0.30484647836538464 0.010152697115384616 0.3074249399038461 0.0124733125 0.29865816826923075 0.01566416105769231 0.26977938701923077 0.01595423798076923 0.25327722596153845 0.013633620192307691 0.24863599278846155 0.013633620192307691 0.23986922115384615 0.01073285096153846 0.23986922115384615 0.0075420024038461535 0.24915168509615387 0.005221387019230769 0.25585568990384616 0.0026106923076923074 0.2723578485576923 0.0005801538461538461 0.287828625 0.0005801538461538461 0.30484647836538464
5 0.006091617788461539 0.3192858701923077 0.011603081730769231 0.32392710096153843 0.015374084134615384 0.31412894471153846 0.0049313100961538466 0.3074249399038461 0.006091617788461539 0.3192858701923077
13 0.006091617788461539 0.3976711322115385 0.007832079326923076 0.40385944230769233 0.013343543269230769 0.4136576009615384 0.02030539423076923 0.4234557596153846 0.023496240384615383 0.4198459110576923 0.029587858173076922 0.38890436057692307 0.03596955288461538 0.35899419230769236 0.013923697115384616 0.3368194158653846 0.0011603076923076923 0.3228957163461538 0.00029007692307692306 0.3440391105769231 0.00029007692307692306 0.3698237355769231 0.0008702307692307692 0.3904514375 0.0023206153846153845 0.3904514375 0.006091617788461539 0.3976711322115385
13 0.02146570192307692 0.5570201225961539 0.024946625 0.5595985841346154 0.03016801201923077 0.5601142764423077 0.03538939903846154 0.5565044302884615 0.03858024759615385 0.5503161201923077 0.046702403846153845 0.5539259663461539 0.05134363701923077 0.5580515072115385 0.05337417548076923 0.5647555096153846 0.06323679567307693 0.5657868942307692 0.06613756730769231 0.5580515072115385 0.06323679567307693 0.5446435024038462 0.06178641105769231 0.5358767283653847 0.05714517788461538 0.5327825745192307 0.0548245625 0.5296884182692307 0.041771093749999995 0.5255628774038461 0.026687088942307695 0.5276256490384615 0.01769469951923077 0.5276256490384615 0.013923697115384616 0.5260785697115384 0.01421377403846154 0.5369081129807692 0.016824468750000002 0.5405179615384615 0.02378631730769231 0.5425807307692307 0.02146570192307692 0.5570201225961539
13 0.08578431490384616 0.5730611923076923 0.09266425961538462 0.5772656033653847 0.09739422115384616 0.5711500985576923 0.09653422836538463 0.5657990288461539 0.09481424038461538 0.5623590576923078 0.09029927644230769 0.5489813870192308 0.0866443076923077 0.53827925 0.08191434375 0.525666016826923 0.07774064903846155 0.5240158004807692 0.07223942307692308 0.525666016826923 0.07094943269230769 0.5321637427884616 0.07266941826923078 0.53942590625 0.07589439182692308 0.5508924807692307 0.08234434134615384 0.5665634663461538 0.08578431490384616 0.5730611923076923
7 0 0.5004395528846154 0.0010749903846153845 0.5268126754807693 0.005159959134615384 0.526430454326923 0.0019349855769230768 0.5161105384615385 0.0064499495192307695 0.51075946875 0.010534915865384615 0.5191682908653846 0.01698486298076923 0.5241371394230769 0.022359822115384616 0.5268126754807693 0.030529754807692308 0.526048235576923 0.03869968990384615 0.5245193581730769 0.04901960817307693 0.5279593317307693 0.05632955048076923 0.5321637427884616 0.06320949519230769 0.53789703125 0.0696594423076923 0.5401903461538462 0.07202442307692308 0.53866146875 0.07051943509615385 0.5306348653846154 0.0629944951923077 0.5275771129807693 0.055469555288461536 0.5210793870192307 0.04321465384615385 0.5153460985576923 0.053749569711538464 0.5164927572115384 0.06062951442307692 0.522990483173077 0.07137942788461539 0.5287237692307692 0.07352941105769231 0.5233727019230769 0.07782937740384616 0.522608264423077 0.07309941586538461 0.5111416899038461 0.06879944951923077 0.5050261826923077 0.06643446875 0.5031150865384615 0.07202442307692308 0.4985284567307692 0.06815445432692308 0.48744410096153845 0.06385449038461538 0.4843863461538461 0.05288957692307693 0.4832396899038462 0.046439627403846155 0.4847685673076923 0.046439627403846155 0.4790352788461538 0.042999656250000004 0.4740664302884615 0.037194701923076924 0.4702442379807692 0.031604747596153844 0.46680426442307693 0.02429480528846154 0.46107097836538463 0.01956484375 0.45610212980769227 0.017629858173076923 0.45533768990384615 0.013759889423076923 0.4622176346153846 0.01805985576923077 0.4671864855769231 0.022789817307692306 0.47444864903846157 0.019349846153846155 0.48056415625000004 0.022144822115384617 0.48667966105769234 0.024079807692307695 0.49241294951923076 0.02558479567307692 0.49661736057692313 0.02192982451923077 0.4992928942307693 0.022359822115384616 0.5054084014423077 0.02106983173076923 0.5065550576923077 0.017844858173076922 0.4973817980769231 0.013974887019230768 0.4897374158653846 0.009459925480769231 0.4840041274038462 0.006234949519230769 0.4767419639423077 0.0012899903846153847 0.47062645673076925 0 0.4862974423076923 0 0.5004395528846154
8 0.013759889423076923 0.4648931706730769 0.01655486778846154 0.4541910336538461 0.016339870192307693 0.4473110889423077 0.017414860576923076 0.44004892307692306 0.019134846153846155 0.4285823485576923 0.019349846153846155 0.4255245961538462 0.018274853365384616 0.4213201850961538 0.01612487019230769 0.4167335552884615 0.01182490625 0.4110002668269231 0.009459925480769231 0.40526698076923073 0.004514963942307692 0.40335588461538463 0.0017199855769230768 0.40985361057692304 0.0004299975961538462 0.41520467788461535 0 0.4324045408653846 0.00021499759615384615 0.4580132259615385 0.0019349855769230768 0.46756870432692305 0.0025799783653846155 0.4725375528846154 0.006664947115384615 0.47521308653846156 0.007309942307692307 0.4733019903846154 0.0077399375 0.47062645673076925 0.012039903846153848 0.4679509230769231 0.013759889423076923 0.4648931706730769
8 0.05976952163461539 0.42361350000000003 0.06406948798076922 0.41788021153846155 0.06363949038461539 0.41291136298076925 0.05632955048076923 0.4045025408653846 0.04944960336538461 0.39609372115384617 0.0434296514423077 0.39150709134615386 0.039774682692307696 0.38806711778846154 0.03590471153846154 0.3903604326923077 0.03246474038461538 0.3838627067307692 0.02902476682692308 0.3964759399038461 0.03332473317307692 0.4025914471153846 0.04020467788461538 0.4110002668269231 0.04557963461538461 0.41520467788461535 0.051814586538461535 0.4217024038461539 0.05632955048076923 0.42361350000000003 0.05976952163461539 0.42361350000000003
5 0.03289473798076923 0.4167335552884615 0.03418472596153846 0.41291136298076925 0.031174749999999998 0.4045025408653846 0.027519778846153847 0.4045025408653846 0.025154798076923078 0.4117647067307692 0.024509802884615385 0.41749799278846156 0.02837977403846154 0.41864465144230767 0.03289473798076923 0.4167335552884615
4 0.03762469951923077 0.4580132259615385 0.03461472355769231 0.4480755264423077 0.03654970673076923 0.4389022668269231 0.037194701923076924 0.4316401033653846 0.03246474038461538 0.43125788221153843 0.02171482692307692 0.43125788221153843 0.021499826923076924 0.45342659375 0.0234348125 0.45954210096153847 0.027089783653846154 0.4622176346153846 0.03138975 0.46527538942307695 0.035689713942307695 0.45992431971153847 0.03762469951923077 0.4580132259615385
6 0.007094942307692308 0.6147230817307693 0.006019951923076924 0.6189274927884616 0.012039903846153848 0.6223674663461539 0.01805985576923077 0.6208385889423076 0.024079807692307695 0.6212208076923077 0.030099759615384615 0.6196919302884615 0.03224974278846154 0.6166341778846154 0.035044718749999995 0.6166341778846154 0.044719641826923076 0.6143408629807692 0.05611455048076923 0.6116653293269231 0.061274509615384616 0.609372014423077 0.06170450721153846 0.5990520961538461 0.06320949519230769 0.5849099879807692 0.061059512019230766 0.5795589182692308 0.06191950480769231 0.5719145360576923 0.05998451923076923 0.56732790625 0.05353457211538462 0.5646523725961539 0.05116959134615384 0.5615946177884615 0.04708462259615384 0.5543324543269231 0.039344685096153846 0.5501280432692307 0.03525971875 0.5570079879807692 0.02923976682692308 0.5612123990384615 0.024509802884615385 0.5593013028846154 0.019779841346153848 0.5566257692307692 0.01805985576923077 0.5593013028846154 0.012684899038461539 0.5562435504807692 0.006664947115384615 0.5528035769230769 0.0010749903846153845 0.5432480985576923 0.00021499759615384615 0.5822344543269231 0 0.6013454110576923 0.0004299975961538462 0.6078431370192308 0.002149983173076923 0.609372014423077 0.007094942307692308 0.6147230817307693
10 0.06471448317307692 0.6185452740384616 0.06449948317307692 0.6120475480769231 0.06170450721153846 0.6066964807692308 0.05396456730769231 0.6128119855769231 0.04708462259615384 0.6120475480769231 0.044719641826923076 0.6185452740384616 0.042354661057692304 0.6319229447115385 0.04858961057692308 0.640713985576923 0.05525455769230769 0.6376562307692308 0.06234950240384615 0.6315407259615384 0.06148950721153846 0.625043 0.06471448317307692 0.6185452740384616
4 0.031819745192307694 0.6514161225961538 0.031604747596153844 0.6468294927884616 0.031604747596153844 0.641096204326923 0.025369798076923078 0.6258074375 0.015909872596153847 0.6307762860576923 0.013974887019230768 0.6361273557692309 0.017414860576923076 0.6449183966346154 0.021284829326923074 0.6510339038461539 0.027734778846153847 0.6521805600961539 0.031819745192307694 0.6514161225961538
6 0.013114894230769232 0.7041623677884616 0.020639834134615384 0.7095134350961538 0.026014790865384614 0.7194511322115384 0.028164774038461536 0.7160111610576922 0.027734778846153847 0.7041623677884616 0.02730478125 0.696517983173077 0.030529754807692308 0.6877269423076923 0.031604747596153844 0.6774070264423078 0.02923976682692308 0.6636471346153846 0.025154798076923078 0.6517983413461538 0.016769865384615383 0.641860641826923 0.008814930288461538 0.6368917932692307 0.001504987980769231 0.6326873822115384 0.0004299975961538462 0.6667048894230769 0 0.6831403125000001 0.0006449951923076923 0.6969002019230769 0.006234949519230769 0.7003401754807693 0.013114894230769232 0.7041623677884616
7 0.05310457451923077 0.7607308028846155 0.04815961538461539 0.7660818701923078 0.0436446514423077 0.7611130216346154 0.03762469951923077 0.7565263918269232 0.02902476682692308 0.7458242548076923 0.02730478125 0.74085540625 0.02880976923076923 0.7225088870192308 0.02171482692307692 0.7171578173076922 0.009459925480769231 0.7072201201923077 0.0008599927884615384 0.7041623677884616 0.0004299975961538462 0.7301532692307693 0.0006449951923076923 0.7611130216346154 0.01096491346153846 0.7672285288461538 0.01956484375 0.7733440360576923 0.030744754807692308 0.7832817331730768 0.04385964903846154 0.7744906923076923 0.05224458173076923 0.7668463100961538 0.05310457451923077 0.7607308028846155
6 0.0670794639423077 0.753850858173077 0.06750945913461538 0.7465886947115384 0.057189543269230765 0.7431487211538462 0.051814586538461535 0.7393265288461539 0.04407464663461538 0.7293888317307692 0.04149466826923077 0.724419983173077 0.03783969711538461 0.7171578173076922 0.03525971875 0.7175400384615384 0.03482972115384615 0.7274777355769231 0.03783969711538461 0.7362687764423076 0.035474716346153845 0.7423842836538461 0.03246474038461538 0.741237625 0.03289473798076923 0.7496464471153845 0.04987960096153846 0.7634063365384616 0.05267457932692307 0.7584374879807693 0.05632955048076923 0.7645529951923078 0.06428448557692308 0.7614952403846154 0.0670794639423077 0.753850858173077
4 0.06213450240384615 0.7890150216346155 0.06815445432692308 0.7886328028846153 0.06922944711538462 0.7783128846153846 0.06815445432692308 0.7699040625 0.06428448557692308 0.7641707764423077 0.05955452403846154 0.7641707764423077 0.053319574519230764 0.7676107475961539 0.044719641826923076 0.7752551322115384 0.03289473798076923 0.7848106105769231 0.03848469230769231 0.7905438990384616 0.042999656250000004 0.7928372139423078 0.046224629807692305 0.7943660889423078 0.055684555288461536 0.7951305288461538 0.05783453846153846 0.7909261177884616 0.06213450240384615 0.7890150216346155
13 0.1842535264423077 0.7725795961538461 0.18339353365384614 0.7683751875 0.1797385625 0.76875740625 0.17737358173076923 0.76952184375 0.17586859375 0.7764017884615384 0.17457860336538464 0.77028628125 0.17414860576923077 0.7576730504807692 0.17156862740384618 0.7523219807692307 0.16877364903846154 0.754615295673077 0.16490368028846153 0.7611130216346154 0.16490368028846153 0.7660818701923078 0.16554867548076924 0.7756373509615385 0.16812865384615383 0.784428391826923 0.17178362500000002 0.7871039254807692 0.17780357692307694 0.7832817331730768 0.18167354567307692 0.7809884182692308 0.1829635360576923 0.7790773221153846 0.1842535264423077 0.7725795961538461
6 0.20489336057692306 0.7121889687499999 0.2124183004807692 0.7152467235576924 0.21650326682692309 0.7053090240384615 0.2182232548076923 0.6969002019230769 0.21628826923076924 0.6861980649038462 0.2096233221153846 0.6858158461538462 0.203173375 0.6888736009615385 0.1975834182692308 0.6873447235576923 0.19263845913461536 0.6770248052884615 0.18489852163461537 0.668998204326923 0.1790935673076923 0.6678515456730769 0.16877364903846154 0.670144860576923 0.16769865865384614 0.68352253125 0.1707086346153846 0.7007223942307692 0.1818885456730769 0.7076023389423077 0.1952184375 0.7091312163461538 0.20489336057692306 0.7121889687499999
6 0.036979704326923074 0.6617360384615385 0.03848469230769231 0.6667048894230769 0.0436446514423077 0.6709093004807692 0.04170966586538461 0.6735848341346155 0.036979704326923074 0.6712915192307692 0.03590471153846154 0.6754959302884616 0.041279670673076925 0.68352253125 0.03590471153846154 0.6877269423076923 0.03611971153846154 0.6946068870192307 0.03654970673076923 0.7060734615384615 0.03805469471153846 0.7171578173076922 0.04407464663461538 0.7293888317307692 0.05396456730769231 0.7404731875 0.07245442067307692 0.7332110240384615 0.07954936298076923 0.7293888317307692 0.08191434375 0.7228911057692307 0.08277433653846153 0.7171578173076922 0.08363433173076923 0.7095134350961538 0.08578431490384616 0.7056912427884616 0.08965428365384616 0.6949891057692308 0.09481424038461538 0.6804647788461539 0.08685930528846154 0.6743492716346153 0.08105435096153846 0.6751137091346154 0.07094943269230769 0.6751137091346154 0.06578947355769231 0.6774070264423078 0.06277949759615385 0.6739670528846153 0.061274509615384616 0.6651760120192307 0.06686446394230769 0.6582960673076923 0.07288441586538462 0.6552383125 0.07718438221153846 0.6483583677884616 0.07782937740384616 0.641860641826923 0.07417440625 0.6365095745192307 0.06557447596153845 0.6273363149038461 0.05783453846153846 0.6365095745192307 0.05439456490384616 0.6449183966346154 0.04901960817307693 0.641096204326923 0.040849673076923075 0.6303940673076922 0.035044718749999995 0.62466078125 0.02687478605769231 0.6204563701923077 0.024509802884615385 0.6238963413461539 0.02902476682692308 0.6300118485576923 0.03138975 0.6361273557692309 0.03461472355769231 0.6468294927884616 0.03461472355769231 0.6552383125 0.036979704326923074 0.6617360384615385
4 0.09868421153846155 0.6525627788461539 0.09739422115384616 0.6441539567307693 0.09352425240384615 0.6395673269230768 0.0864293076923077 0.6399495480769232 0.08384932932692307 0.6342162596153845 0.07954936298076923 0.6345984783653846 0.07761437980769231 0.6468294927884616 0.07868937019230769 0.6533272187500001 0.08277433653846153 0.6563849711538462 0.09008427884615385 0.6556205336538461 0.09567423557692309 0.6563849711538462 0.09868421153846155 0.6525627788461539
7 0.12104403125 0.6915491346153846 0.12899896875 0.6850514086538462 0.1311489519230769 0.6831403125000001 0.12125902884615385 0.6800825600961539 0.125129 0.670144860576923 0.12727898076923078 0.6628826971153846 0.1300739591346154 0.6579138485576923 0.1332989326923077 0.6506516826923078 0.13630890865384615 0.6495050264423077 0.1395338846153846 0.6395673269230768 0.13458892307692308 0.6357451370192307 0.12620399038461538 0.641860641826923 0.11695906490384617 0.6426250817307693 0.10577915384615386 0.6372740120192308 0.1008341923076923 0.6414784230769232 0.09868421153846155 0.6453006153846155 0.09954420432692308 0.6563849711538462 0.1008341923076923 0.6647937932692307 0.09975920192307693 0.6770248052884615 0.10212418269230769 0.6873447235576923 0.11437908413461538 0.6923135721153847 0.11867905048076924 0.6881091610576924 0.12104403125 0.6915491346153846
6 0.08470932211538461 0.6334518221153846 0.08470932211538461 0.6235141225961538 0.08857929086538462 0.6231319038461538 0.09588923317307693 0.62618965625 0.09717922355769232 0.62466078125 0.09653422836538463 0.6166341778846154 0.09545923557692307 0.6089897956730769 0.08599931250000001 0.6017276298076923 0.07632438942307693 0.5937010288461538 0.06922944711538462 0.5898788365384615 0.06363949038461539 0.5879677403846154 0.06170450721153846 0.5944654663461538 0.06557447596153845 0.6066964807692308 0.07288441586538462 0.6265718774038462 0.07460440384615384 0.6326873822115384 0.08470932211538461 0.6334518221153846
8 0.11158410817307693 0.609372014423077 0.11115411057692308 0.6055498221153847 0.10362917067307692 0.5979054399038461 0.08341933173076922 0.5845277692307692 0.07417440625 0.5757367283653847 0.06363949038461539 0.5696212211538462 0.06234950240384615 0.5742078509615385 0.06277949759615385 0.5822344543269231 0.07008943990384615 0.5864388653846154 0.08148434855769231 0.59599434375 0.09459924278846153 0.6066964807692308 0.10771413942307692 0.6166341778846154 0.11050911538461539 0.6154875216346153 0.11158410817307693 0.609372014423077
9 0.10814413461538462 0.5413370024038462 0.1100791201923077 0.5333104014423077 0.10857413221153847 0.5268126754807693 0.10771413942307692 0.5187860721153846 0.10427416586538461 0.5145816610576923 0.09975920192307693 0.51075946875 0.09395424759615384 0.51037725 0.09094427163461538 0.5126705649038461 0.08836429326923077 0.5180216346153846 0.08621431009615385 0.525283798076923 0.08513931971153846 0.5321637427884616 0.08707430288461539 0.5390436875 0.09137426923076923 0.5443947572115385 0.09696422355769231 0.5485991658653846 0.10384416826923076 0.5455414134615384 0.10814413461538462 0.5413370024038462
8 0.15329377403846153 0.62618965625 0.1517887860576923 0.6154875216346153 0.14942380528846153 0.6116653293269231 0.14297385576923077 0.6208385889423076 0.1384588918269231 0.62466078125 0.13372893028846153 0.6273363149038461 0.1311489519230769 0.6292474110576923 0.13136394951923075 0.6353629182692307 0.13544891586538463 0.6342162596153845 0.13888888942307692 0.6368917932692307 0.14641382932692307 0.6326873822115384 0.1507137932692308 0.6303940673076922 0.15329377403846153 0.62618965625
6 0.17199862500000002 0.5998165336538461 0.16920364663461537 0.5856744254807692 0.16490368028846153 0.5814700144230769 0.15716374278846154 0.5868210841346154 0.15264877884615385 0.5925543701923077 0.1507137932692308 0.6001987548076924 0.14877881009615385 0.6066964807692308 0.15372376923076925 0.6170163966346155 0.1569487451923077 0.62618965625 0.1608187139423077 0.6269540961538461 0.16963364182692306 0.6219852451923077 0.17565359375 0.6173986153846154 0.17500860096153847 0.610900889423077 0.17199862500000002 0.5998165336538461
4 0.1277089783653846 0.7095134350961538 0.12104403125 0.7171578173076922 0.1160990721153846 0.7194511322115384 0.12147402884615384 0.7305354879807692 0.12899896875 0.724802201923077 0.1341589278846154 0.7221266682692308 0.1277089783653846 0.7095134350961538
7 0.12985896153846152 0.6284829711538461 0.1328689375 0.62542521875 0.1401788798076923 0.6212208076923077 0.14447884375 0.6181630552884615 0.14297385576923077 0.6059320408653847 0.13544891586538463 0.6017276298076923 0.12856897115384616 0.5963765624999999 0.1216890264423077 0.5937010288461538 0.11631406971153847 0.5914077139423077 0.10685414423076924 0.5833811105769231 0.10061919471153846 0.5940832475961538 0.11201410336538462 0.6044031658653846 0.11201410336538462 0.610900889423077 0.1100791201923077 0.6196919302884615 0.11953904326923077 0.625043 0.12985896153846152 0.6284829711538461
7 0.1479188173076923 0.5765011658653847 0.14404884855769232 0.5703856586538462 0.13695390384615386 0.5657990288461539 0.13243893990384617 0.5669456875 0.12899896875 0.5795589182692308 0.12641898798076923 0.5864388653846154 0.12706398317307693 0.5929365889423077 0.13458892307692308 0.6013454110576923 0.13781389663461538 0.6032565072115385 0.14168386778846154 0.6021098509615385 0.14705882451923077 0.5872033028846154 0.1479188173076923 0.5765011658653847
9 0.1999484014423077 0.6047853846153847 0.19715342307692307 0.6013454110576923 0.18769349759615384 0.5986698774038461 0.18532851682692308 0.5990520961538461 0.18231854086538463 0.6074609182692308 0.1797385625 0.6200741514423077 0.18468352163461538 0.6258074375 0.1919934639423077 0.6277185336538461 0.19844341346153846 0.6269540961538461 0.1999484014423077 0.6219852451923077 0.19951840384615385 0.6158697403846154 0.1999484014423077 0.6047853846153847
10 0.18038355769230768 0.5910254951923076 0.1762985889423077 0.59599434375 0.17522359855769232 0.6036387259615384 0.18038355769230768 0.6059320408653847 0.18382352884615386 0.6044031658653846 0.18446852403846153 0.5986698774038461 0.18317853365384615 0.5894966177884615 0.18038355769230768 0.5910254951923076
9 0.1666236658653846 0.6319229447115385 0.15759374038461538 0.6292474110576923 0.15221878125000002 0.6292474110576923 0.14985380048076924 0.6357451370192307 0.15049879567307692 0.6460650528846154 0.1528637764423077 0.654473875 0.15630375000000002 0.6590605048076923 0.16253869951923078 0.6598249423076923 0.1674836610576923 0.6521805600961539 0.16877364903846154 0.6430073004807693 0.1666236658653846 0.6319229447115385
13 0.21435328605769233 0.5952299038461539 0.20661334615384613 0.5971409999999999 0.2018833846153846 0.6017276298076923 0.1997334014423077 0.6166341778846154 0.20102339182692308 0.6284829711538461 0.21263329807692305 0.6391851081730769 0.22316821394230768 0.640713985576923 0.2298331610576923 0.6368917932692307 0.23047815624999998 0.6204563701923077 0.22617818990384614 0.610136451923077 0.21435328605769233 0.5952299038461539
11 0.22252321875 0.6525627788461539 0.21370829086538462 0.6525627788461539 0.20811833413461536 0.6548560937500001 0.21779325721153847 0.6602071634615385 0.22252321875 0.6617360384615385 0.2266081875 0.6582960673076923 0.2259631923076923 0.6533272187500001 0.22252321875 0.6525627788461539
0 0.2896026826923077 0.6326873822115384 0.2878826971153846 0.62618965625 0.27240281971153846 0.6303940673076922 0.2515479879807692 0.6269540961538461 0.23391812980769233 0.6223674663461539 0.23112315144230772 0.6258074375 0.23004815865384615 0.640331766826923 0.24703302403846153 0.6414784230769232 0.2672428629807692 0.6441539567307693 0.27992775961538463 0.6460650528846154 0.2818627451923077 0.6395673269230768 0.2896026826923077 0.6326873822115384
13 0.31583247355769234 0.5910254951923076 0.30615755048076926 0.5780300432692308 0.29519263942307694 0.5749722884615385 0.2857327139423077 0.5784122620192308 0.27928276682692305 0.5921721514423077 0.27820777403846153 0.6013454110576923 0.2835827307692308 0.6116653293269231 0.2949776394230769 0.6189274927884616 0.30336257211538464 0.6177808365384615 0.3093825240384615 0.6139586442307693 0.3143274855769231 0.6078431370192308 0.31583247355769234 0.5910254951923076
9 0.3433522524038462 0.6399495480769232 0.3364723076923077 0.641860641826923 0.33518231971153845 0.6563849711538462 0.3442122451923077 0.6602071634615385 0.3485122115384615 0.6590605048076923 0.3498022019230769 0.6537094375 0.3502321971153846 0.641096204326923 0.3433522524038462 0.6399495480769232
7 0.3581871346153846 0.6384206706730768 0.35689714423076924 0.62618965625 0.35560715625 0.6177808365384615 0.35044719711538463 0.6147230817307693 0.3448572403846154 0.610900889423077 0.34227726201923075 0.6154875216346153 0.3366873052884615 0.6139586442307693 0.33088235336538463 0.6166341778846154 0.32335741346153846 0.6204563701923077 0.3248624014423077 0.6284829711538461 0.3255073966346154 0.6376562307692308 0.32830237259615386 0.6391851081730769 0.3345373245192308 0.640713985576923 0.34313725480769236 0.6399495480769232 0.35152218749999997 0.641860641826923 0.35646714903846155 0.6472117115384616 0.3588321298076923 0.6495050264423077 0.3581871346153846 0.6384206706730768
0 0.3235724110576923 0.6196919302884615 0.3349673197115385 0.6135764254807692 0.34034227644230775 0.6158697403846154 0.3448572403846154 0.6120475480769231 0.3549621610576923 0.6154875216346153 0.35646714903846155 0.6227496850961539 0.37474200240384614 0.6296296298076923 0.34227726201923075 0.5982876586538461 0.3263673894230769 0.5956121249999999 0.3171224639423077 0.6005809735576924 0.31497248076923073 0.6063142596153847 0.3093825240384615 0.6147230817307693 0.30486756009615384 0.6173986153846154 0.29605263221153844 0.6193097115384615 0.29712762259615383 0.6212208076923077 0.30873753125 0.6231319038461538 0.31647746875 0.6281007524038462 0.31991743990384613 0.6265718774038462 0.3235724110576923 0.62618965625 0.3235724110576923 0.6196919302884615
7 0.3313123485576923 0.5829988918269231 0.33238734134615383 0.5696212211538462 0.3317423461538462 0.5627412764423076 0.3231424158653846 0.555479110576923 0.31733746153846154 0.5593013028846154 0.3145424831730769 0.5657990288461539 0.3121775024038461 0.5738256322115385 0.3130374951923077 0.5799411394230769 0.31475748076923077 0.5860566442307692 0.31669246634615383 0.5921721514423077 0.31948744471153845 0.5910254951923076 0.32421740624999995 0.5910254951923076 0.3302373581730769 0.5891143990384615 0.3313123485576923 0.5829988918269231
4 0.3502321971153846 0.5447769759615384 0.3465772283653846 0.5459236322115385 0.33905228846153845 0.5432480985576923 0.33045235576923077 0.5405725649038462 0.3302373581730769 0.5455414134615384 0.3302373581730769 0.5615946177884615 0.3371173028846154 0.56732790625 0.3409872716346154 0.5657990288461539 0.34356725240384617 0.5612123990384615 0.3474372211538462 0.5520391394230769 0.3502321971153846 0.5447769759615384
13 0.2936876514423077 0.49126629326923077 0.28379772836538464 0.493941826923077 0.27777777884615384 0.5027328677884616 0.2743378052884615 0.5126705649038461 0.27455280288461537 0.526048235576923 0.27713278365384614 0.5352214951923077 0.28164774759615385 0.5447769759615384 0.2900326802884615 0.5505102620192308 0.29583763221153847 0.5516569206730769 0.3027175793269231 0.5485991658653846 0.3089525288461538 0.5443947572115385 0.31239249999999996 0.5291059903846154 0.31024251923076923 0.51037725 0.30379256971153845 0.49891067548076923 0.2936876514423077 0.49126629326923077
7 0.28250774038461535 0.49547070192307696 0.27326281490384613 0.4908840721153846 0.2668128653846154 0.5050261826923077 0.2579979350961538 0.5023506466346154 0.2577829375 0.5206971682692307 0.2584279326923077 0.5313993052884615 0.26530787740384615 0.5310170841346153 0.27498280048076923 0.5321637427884616 0.27498280048076923 0.51037725 0.28250774038461535 0.49547070192307696
6 0.27025283894230767 0.48362190865384613 0.27713278365384614 0.48782631971153845 0.2807877548076923 0.47444864903846157 0.2779927764423077 0.46145319711538463 0.2706828341346154 0.4641287307692308 0.27025283894230767 0.48362190865384613
7 0.2760577908653846 0.3861560216346154 0.2734778125 0.3842449254807692 0.26810285576923076 0.4056491995192308 0.25821293509615384 0.40335588461538463 0.2554179567307692 0.4079425144230769 0.25498795913461536 0.42399571875 0.2644478846153846 0.4411955817307692 0.26917784615384616 0.43049344471153844 0.27498280048076923 0.4274356923076923 0.2767027860576923 0.41826243269230773 0.27498280048076923 0.4102358293269231 0.2760577908653846 0.3861560216346154
4 0.2668128653846154 0.3574895841346154 0.26939284375 0.37354278846153843 0.28551771634615386 0.3643695288461538 0.2831527355769231 0.3471696658653846 0.2822927427884615 0.3433474759615385 0.27498280048076923 0.34525857211538463 0.2668128653846154 0.3574895841346154
7 0.32335741346153846 0.3540496129807692 0.3267973846153846 0.33914306490384616 0.32099243269230765 0.32308986057692307 0.3177674567307692 0.31773879086538465 0.31024251923076923 0.3211787644230769 0.29992260096153844 0.33379199759615386 0.2947626418269231 0.3486985432692308 0.29605263221153844 0.36819172115384613 0.30121259134615386 0.3819516105769231 0.3113175096153846 0.38271605048076923 0.3169074639423077 0.37048503605769234 0.32335741346153846 0.3540496129807692
2 0.3670020649038461 0.2405305192307692 0.3648520817307693 0.22715284855769233 0.3575421394230769 0.21453961778846153 0.3474372211538462 0.21453961778846153 0.3371173028846154 0.22753506971153847 0.32615239182692307 0.23861942548076923 0.3252923966346154 0.2527615336538461 0.3207774326923077 0.26040591586538464 0.3197024423076923 0.2634636706730769 0.32507739903846156 0.27225471153846154 0.32980736057692306 0.26652142307692306 0.3349673197115385 0.2749302451923077 0.3392672860576923 0.2745480264423077 0.3474372211538462 0.2649925456730769 0.3571121442307692 0.2531437524038461 0.3670020649038461 0.2405305192307692
2 0.2801427596153846 0.29251232692307694 0.2835827307692308 0.27760577884615384 0.2794977644230769 0.27187249038461536 0.27369281009615387 0.2734013677884616 0.26251289903846153 0.28295684615384614 0.26702786298076925 0.30168558653846156 0.26960784375 0.3116232860576923 0.27992775961538463 0.3108588461538462 0.2767027860576923 0.30168558653846156 0.2801427596153846 0.29251232692307694
4 0.3063725480769231 0.29289454567307693 0.3022875817307692 0.28677903846153846 0.29777261778846154 0.27837021634615383 0.29261265865384617 0.27645912259615385 0.28809769471153845 0.2745480264423077 0.2835827307692308 0.27722356009615384 0.27971276201923073 0.29404120432692304 0.27777777884615384 0.30283224278846155 0.2829377355769231 0.30971218990384614 0.2923976610576923 0.3165921346153846 0.29454764423076923 0.31697435336538465 0.29777261778846154 0.3043611201923077 0.3014275889423077 0.2951878605769231 0.3063725480769231 0.29289454567307693
7 0.3059425528846154 0.26078813461538464 0.30099759134615384 0.24129495913461538 0.2994926033653846 0.23594388942307692 0.2904626754807692 0.2405305192307692 0.2831527355769231 0.24282383413461536 0.2829377355769231 0.2527615336538461 0.2760577908653846 0.25467262980769234 0.2726178197115385 0.2592592596153846 0.27713278365384614 0.2649925456730769 0.28487272115384615 0.2741658076923077 0.29196766346153846 0.2760769014423077 0.29841761298076924 0.27684134134615385 0.3027175793269231 0.27149027163461537 0.30916752644230766 0.26728586057692305 0.3059425528846154 0.26078813461538464
10 0.3338923293269231 0.2906012307692308 0.3332473341346154 0.28601460096153847 0.32722738221153846 0.2917478894230769 0.31991743990384613 0.30856553124999997 0.31905744711538464 0.3204143245192308 0.32185242548076926 0.3211787644230769 0.32464740384615387 0.3204143245192308 0.3274423798076923 0.3139165985576923 0.33238734134615383 0.2993922716346154 0.3338923293269231 0.2906012307692308
4 0.24853801201923076 0.31773879086538465 0.24918300721153847 0.3276764903846154 0.2579979350961538 0.3265298317307692 0.25606295192307693 0.31353437980769233 0.2519779831730769 0.30665443509615387 0.24767801923076924 0.30856553124999997 0.24853801201923076 0.31773879086538465
11 0.2603629158653846 0.20383748076923075 0.2577829375 0.19581087740384615 0.24853801201923076 0.1847265216346154 0.24617303125 0.18166876923076922 0.23993807932692307 0.1770821394230769 0.2324131418269231 0.1835798653846154 0.23348813221153847 0.19313534375 0.23950808413461538 0.20230860336538464 0.2526229783653846 0.21492183653846153 0.25885793028846155 0.20918854807692308 0.2603629158653846 0.20383748076923075
9 0.16834365384615382 0.18625539903846156 0.1646886826923077 0.1889309326923077 0.1612487091346154 0.19428200240384616 0.15823873317307693 0.20651301442307693 0.16017371875 0.21950846634615384 0.16834365384615382 0.22409509615384618 0.17328861298076925 0.2164507139423077 0.1769435841346154 0.2084241105769231 0.1769435841346154 0.1969575360576923 0.17350361298076925 0.1893131514423077 0.16834365384615382 0.18625539903846156
6 0.20618335096153845 0.7993349375 0.20661334615384613 0.7928372139423078 0.2059683533653846 0.7859572692307691 0.20123838942307692 0.7821350769230769 0.1898434807692308 0.7775484471153846 0.18790849759615383 0.7794595432692308 0.1861885096153846 0.7848106105769231 0.1868335048076923 0.7897794591346153 0.19629343028846155 0.7962771850961539 0.1997334014423077 0.8000993774038462 0.20080839423076924 0.8065971033653846 0.20618335096153845 0.7993349375
12 0.19177846634615386 0.7446775985576923 0.1851135192307692 0.7423842836538461 0.1790935673076923 0.7358865576923077 0.1775885793269231 0.7377976538461539 0.1829635360576923 0.7439131586538461 0.1861885096153846 0.7519397620192307 0.19005847836538464 0.7500286658653846 0.19177846634615386 0.7446775985576923
7 0.2586429302884615 0.7511753245192309 0.25821293509615384 0.7450598173076923 0.2554179567307692 0.7400909687499999 0.24896800721153844 0.7358865576923077 0.24380805048076923 0.7351221177884616 0.2356381153846154 0.7435309399038462 0.2360681105769231 0.7504108846153846 0.24058307451923078 0.7630241177884615 0.24853801201923076 0.7699040625 0.2584279326923077 0.7634063365384616 0.2586429302884615 0.7511753245192309
6 0.36119711057692305 0.3643695288461538 0.3616271057692308 0.3590184615384615 0.36334709374999996 0.3433474759615385 0.3659270721153846 0.32691205048076927 0.36528207692307696 0.30894775 0.35732714182692304 0.3058899975961538 0.3429222572115385 0.3055077788461538 0.34120227163461536 0.3276764903846154 0.33991228125000006 0.3471696658653846 0.33883728846153843 0.3582540216346154 0.3409872716346154 0.36628062499999997 0.34378225 0.3685739399038462 0.3489422091346154 0.3636050913461538 0.3517371850961538 0.3582540216346154 0.35539215625000004 0.353667391826923 0.36119711057692305 0.3643695288461538
7 0.3207774326923077 0.4025914471153846 0.3263673894230769 0.4006803509615385 0.33152734855769234 0.3949470625 0.3358273125 0.3895959951923077 0.3381922932692308 0.38309826923076923 0.3392672860576923 0.36589840625000003 0.3343223245192308 0.3571073653846154 0.3244324038461538 0.3548140504807692 0.3160474711538462 0.37048503605769234 0.3121775024038461 0.3842449254807692 0.3128224975961539 0.38844933653846153 0.31583247355769234 0.39532928125000005 0.3207774326923077 0.4025914471153846
7 0.31948744471153845 0.41749799278846156 0.3220674230769231 0.41061804807692304 0.3235724110576923 0.4056491995192308 0.3177674567307692 0.3980048173076923 0.3119625048076923 0.3934181850961539 0.30916752644230766 0.3865382403846154 0.3014275889423077 0.38462714423076927 0.29734262019230767 0.3907426514423077 0.29992260096153844 0.40220922596153846 0.3059425528846154 0.41864465144230767 0.31475748076923077 0.42361350000000003 0.31948744471153845 0.41749799278846156
8 0.3274423798076923 0.4427244591346154 0.3349673197115385 0.4389022668269231 0.33754730048076925 0.43469785576923076 0.33733230048076923 0.4243779375 0.33797729567307694 0.40985361057692304 0.32894736778846156 0.41367580288461536 0.3197024423076923 0.41635133653846157 0.31583247355769234 0.42399571875 0.31948744471153845 0.43928448557692307 0.32249742067307696 0.44616443028846153 0.3274423798076923 0.4427244591346154
4 0.3216374278846154 0.4541910336538461 0.3179824567307692 0.43928448557692307 0.31325249278846157 0.4308756634615385 0.30379256971153845 0.42476015865384614 0.29605263221153844 0.42476015865384614 0.29024767788461536 0.42399571875 0.28551771634615386 0.4316401033653846 0.2863777091346154 0.4434888966346154 0.2947626418269231 0.45266215625 0.30379256971153845 0.4564843485576923 0.30701754326923075 0.4648931706730769 0.31475748076923077 0.4733019903846154 0.3216374278846154 0.4541910336538461
0 0.34829721394230767 0.4488399639423077 0.35152218749999997 0.4541910336538461 0.3575421394230769 0.46145319711538463 0.3627020985576923 0.4541910336538461 0.3627020985576923 0.4415778004807692 0.3616271057692308 0.43469785576923076 0.35646714903846155 0.42590681490384613 0.35689714423076924 0.4197913076923077 0.35582215384615384 0.41138248557692303 0.3538871682692308 0.4067958557692308 0.3420622644230769 0.40182700721153847 0.3401272788461539 0.4094713918269231 0.33733230048076923 0.4220846225961538 0.33754730048076925 0.4324045408653846 0.34356725240384617 0.43928448557692307 0.3457172331730769 0.4373733894230769 0.34765221875 0.4316401033653846 0.3485122115384615 0.44234223798076927 0.34829721394230767 0.4488399639423077
4 0.35453216346153843 0.46030653846153846 0.35216718269230773 0.4549554711538461 0.3485122115384615 0.4438711153846154 0.33625731009615384 0.45151549999999996 0.3360423125 0.4645109495192308 0.33690230528846155 0.4733019903846154 0.3498022019230769 0.47521308653846156 0.3528121778846154 0.47139089423076924 0.35453216346153843 0.46030653846153846
7 0.3235724110576923 0.4801819375 0.3334623317307692 0.4778886201923077 0.3371173028846154 0.47291977163461535 0.3360423125 0.4641287307692308 0.3364723076923077 0.45075106009615384 0.3334623317307692 0.44998662259615385 0.3248624014423077 0.4492221826923077 0.3227124182692308 0.4549554711538461 0.32013243990384616 0.4622176346153846 0.3177674567307692 0.46833314182692304 0.3179824567307692 0.47827084134615383 0.3235724110576923 0.4801819375
7 0.34507224038461537 0.3861560216346154 0.34034227644230775 0.38233382932692306 0.3360423125 0.38768489903846154 0.33045235576923077 0.39532928125000005 0.32722738221153846 0.3987692548076923 0.3255073966346154 0.4110002668269231 0.3364723076923077 0.40908917067307693 0.33840729326923075 0.4087069519230769 0.34120227163461536 0.40297366586538463 0.34829721394230767 0.4006803509615385 0.35195218509615384 0.3907426514423077 0.34507224038461537 0.3861560216346154
7 0.30508256009615387 0.49891067548076923 0.3111025120192308 0.50999503125 0.31239249999999996 0.522608264423077 0.31905744711538464 0.5340748389423077 0.3300223605769231 0.5390436875 0.3381922932692308 0.5443947572115385 0.3442122451923077 0.5459236322115385 0.35152218749999997 0.5485991658653846 0.35861713221153846 0.5485991658653846 0.36141210817307695 0.5367503725961538 0.3627020985576923 0.5214616057692308 0.359477125 0.5195505096153846 0.3560371514423077 0.5157283197115384 0.3495872043269231 0.5161105384615385 0.3433522524038462 0.5023506466346154 0.3358273125 0.480946375 0.32507739903846156 0.48285747115384614 0.3177674567307692 0.47827084134615383 0.3128224975961539 0.4786530600961539 0.3078775360576923 0.4794174975961539 0.30443756490384616 0.48667966105769234 0.30508256009615387 0.49891067548076923
7 0.36399208894230767 0.5134350024038462 0.3685070528846154 0.5172571947115384 0.36786205769230773 0.5214616057692308 0.37216202163461537 0.5180216346153846 0.3745270048076923 0.5172571947115384 0.3766769855769231 0.5073194975961539 0.3781819735576923 0.5004395528846154 0.3756019951923077 0.49279516826923075 0.37151702884615384 0.48706188221153845 0.3627020985576923 0.48667966105769234 0.3551771586538462 0.49279516826923075 0.3506621947115385 0.5050261826923077 0.3493722043269231 0.5122883461538461 0.35302717548076923 0.5149638798076923 0.35689714423076924 0.5157283197115384 0.3609821129807692 0.5184038533653846 0.36399208894230767 0.5134350024038462
7 0.40032679807692306 0.4897374158653846 0.40290677644230766 0.4794174975961539 0.4005417956730769 0.4717731153846154 0.39473684134615383 0.4637465120192308 0.39280185817307695 0.4557199086538462 0.3833419326923077 0.4557199086538462 0.37710698317307695 0.46030653846153846 0.37624699038461534 0.46680426442307693 0.374957 0.47215533413461536 0.3723770216346154 0.4817108125 0.3740970072115385 0.48782631971153845 0.37990196153846156 0.4992928942307693 0.38226694230769226 0.4996751129807692 0.38785689663461537 0.5008217716346154 0.3938768485576923 0.495852923076923 0.40032679807692306 0.4897374158653846
8 0.40699174519230774 0.45227993749999995 0.40204678365384616 0.44616443028846153 0.39817681490384615 0.44578221153846154 0.3925868581730769 0.45189771875 0.3940918461538461 0.4618354158653846 0.40118679086538467 0.47444864903846157 0.41021671875000004 0.4790352788461538 0.41537667788461535 0.480946375 0.4164516682692308 0.47215533413461536 0.41774165865384616 0.4671864855769231 0.41344169230769234 0.4587776634615385 0.40699174519230774 0.45227993749999995
13 0.443326454326923 0.49814623798076924 0.44891640865384613 0.49241294951923076 0.4553663581730769 0.48285747115384614 0.4585913317307692 0.4702442379807692 0.45235638221153845 0.4583954447115385 0.44246646153846153 0.45266215625 0.43171654567307693 0.45457325240384616 0.4216116274038461 0.4622176346153846 0.41795665625 0.4710086754807692 0.4155916754807692 0.4794174975961539 0.41709666346153845 0.4897374158653846 0.4216116274038461 0.4935596081730769 0.42655658653846157 0.4973817980769231 0.4340815264423077 0.5015862091346154 0.443326454326923 0.49814623798076924
4 0.42849157211538463 0.5925543701923077 0.42913656730769234 0.6036387259615384 0.44139146875 0.6001987548076924 0.44160646634615386 0.5979054399038461 0.4390264879807692 0.5963765624999999 0.4379514951923077 0.5837633293269231 0.42849157211538463 0.5925543701923077
0 0.4837461298076923 0.5585368653846154 0.47385620913461535 0.5684745625000001 0.46826625480769235 0.5734434134615385 0.47428620673076927 0.5856744254807692 0.48310113461538456 0.6089897956730769 0.48976608173076924 0.6269540961538461 0.5035259711538461 0.6173986153846154 0.5121259038461539 0.6097542331730769 0.5046009639423077 0.5868210841346154 0.49234606009615384 0.553950235576923 0.4837461298076923 0.5585368653846154
2 0.39043687740384614 0.5696212211538462 0.3893618846153846 0.5631234951923078 0.3865669086538462 0.5455414134615384 0.37947196394230764 0.5405725649038462 0.3708720336538462 0.5401903461538462 0.36743206009615387 0.5440125360576923 0.3680770552884616 0.5512747019230769 0.3702270384615384 0.5612123990384615 0.37345201201923073 0.5726789735576923 0.38033195673076925 0.5891143990384615 0.38355693028846155 0.5940832475961538 0.38785689663461537 0.5948476850961538 0.39000687980769233 0.5910254951923076 0.39151186778846153 0.5856744254807692 0.39043687740384614 0.5696212211538462
7 0.41903164663461534 0.6426250817307693 0.4201066394230769 0.6514161225961538 0.42462160336538457 0.6468294927884616 0.4278465769230769 0.6399495480769232 0.43451152403846155 0.6338340408653846 0.4379514951923077 0.6300118485576923 0.4418214663461538 0.6372740120192308 0.4418214663461538 0.6319229447115385 0.44031647836538457 0.6258074375 0.4349415216346154 0.6216030264423077 0.42849157211538463 0.6139586442307693 0.42462160336538457 0.6028742884615385 0.4211816298076923 0.610900889423077 0.41752665865384614 0.6166341778846154 0.4145166826923077 0.6212208076923077 0.4095717235576923 0.6288651923076922 0.4136566899038462 0.6365095745192307 0.41903164663461534 0.6426250817307693
0 0.4504213966346154 0.696517983173077 0.45020639903846155 0.6831403125000001 0.44311145432692306 0.6682337644230769 0.4353715168269231 0.6552383125 0.4321465432692308 0.6510339038461539 0.4127966971153846 0.6586782860576924 0.40914172596153847 0.6697626418269231 0.4147316826923077 0.6797003413461538 0.42139662980769227 0.7014868317307692 0.4302115576923077 0.7213622283653846 0.44246646153846153 0.7056912427884616 0.4504213966346154 0.696517983173077
6 0.41666666586538464 0.7656996514423077 0.41064671394230773 0.7656996514423077 0.40527175721153846 0.7737262548076923 0.40677674519230766 0.7813706370192308 0.41172170673076924 0.7851928293269231 0.41989164182692307 0.7817528581730768 0.4222566225961539 0.7714329399038462 0.4229016177884616 0.7656996514423077 0.41666666586538464 0.7656996514423077
6 0.3917268653846154 0.8474945528846154 0.3912968701923077 0.8352635408653846 0.38635190865384617 0.82609028125 0.3820519447115384 0.8459656778846154 0.37882696875 0.8589611274038462 0.37624699038461534 0.8662232932692308 0.3876418990384615 0.8601077860576923 0.3940918461538461 0.8604900048076923 0.3917268653846154 0.8474945528846154
7 0.33410732692307693 0.8975652644230769 0.33690230528846155 0.8918319759615384 0.33410732692307693 0.88495203125 0.33045235576923077 0.8746321129807693 0.3235724110576923 0.8765432091346154 0.3203474375 0.8796009639423077 0.3156174759615385 0.8872453461538462 0.31583247355769234 0.8925964158653846 0.31948744471153845 0.8990941418269232 0.32378740865384614 0.899476360576923 0.3295923629807692 0.9021518942307692 0.33410732692307693 0.8975652644230769
0 0.3074475408653846 0.8773076490384616 0.29884760817307693 0.8746321129807693 0.29024767788461536 0.8792187427884616 0.29261265865384617 0.8975652644230769 0.2949776394230769 0.8971830456730768 0.30336257211538464 0.8895386610576923 0.31174750721153843 0.8872453461538462 0.3128224975961539 0.8803654014423077 0.3074475408653846 0.8773076490384616
6 0.3022875817307692 0.8536100600961538 0.30916752644230766 0.8494056490384616 0.3063725480769231 0.8360279783653847 0.30207258413461535 0.8367924158653846 0.2990626081730769 0.8406146081730769 0.3022875817307692 0.8536100600961538
0 0.22832817307692307 0.8020104735576923 0.22897316826923075 0.8310591298076923 0.25240798076923077 0.824943622596154 0.25240798076923077 0.8150059254807692 0.24789301682692308 0.8062148846153847 0.23649810817307693 0.7997171586538462 0.22832817307692307 0.8020104735576923
7 0.3252923966346154 0.8046860072115384 0.32185242548076926 0.8023926923076924 0.3151874783653846 0.8016282548076923 0.3104575168269231 0.8039215697115385 0.3080925360576923 0.812712610576923 0.3095975240384616 0.82609028125 0.3136824903846154 0.8237969663461538 0.3207774326923077 0.82685471875 0.3267973846153846 0.8188281153846154 0.3287323701923077 0.8123303894230769 0.3252923966346154 0.8046860072115384
7 0.44397144711538467 0.724802201923077 0.44354145192307687 0.7194511322115384 0.43558651442307694 0.7198333533653846 0.42741658173076924 0.7190689134615386 0.4254815961538462 0.7274777355769231 0.4269865841346154 0.7355043389423077 0.43193154567307696 0.7393265288461539 0.43773649759615385 0.7370332139423077 0.4422514615384615 0.7320643653846154 0.44397144711538467 0.724802201923077
7 0.45450636298076924 0.45151549999999996 0.46009631971153847 0.4679509230769231 0.4643962860576923 0.4702442379807692 0.4699862403846154 0.45954210096153847 0.47622118990384615 0.44501777403846154 0.47901616826923077 0.42934678846153845 0.48073615384615387 0.4197913076923077 0.48224114182692307 0.4110002668269231 0.4800911586538461 0.39685815865384616 0.4777261778846154 0.38462714423076927 0.4764361875 0.37048503605769234 0.4753611971153846 0.3555784879807692 0.47106123076923073 0.3448763533653846 0.4624613004807693 0.32996980528846154 0.45708634375 0.3349386538461539 0.4471964230769231 0.34755188701923073 0.44074647355769236 0.36016511778846155 0.4499913990384616 0.3853915841346154 0.4542913653846154 0.3934181850961539 0.45063639423076923 0.4010625697115385 0.4514963870192308 0.4201735264423077 0.4553663581730769 0.4358445144230769 0.45450636298076924 0.45151549999999996
4 0.43773649759615385 0.3035966826923077 0.4467664254807693 0.2951878605769231 0.45214138221153843 0.2890723533653846 0.4487014110576923 0.2741658076923077 0.4482714134615385 0.2630814519230769 0.44311145432692306 0.23632611057692307 0.43601651201923075 0.24473493028846155 0.4368765048076923 0.25085043749999997 0.43451152403846155 0.2539081899038461 0.43107155048076923 0.25658372596153844 0.43429652644230765 0.28219240865384615 0.43773649759615385 0.3035966826923077
6 0.47794117548076925 0.2539081899038461 0.4835311322115385 0.24779268509615385 0.4921310625 0.23861942548076923 0.49793601682692307 0.2344150144230769 0.49643102884615387 0.22753506971153847 0.4835311322115385 0.23900164423076922 0.47428620673076927 0.24511714903846155 0.4665462668269231 0.2527615336538461 0.4596663221153846 0.2630814519230769 0.44977640144230774 0.2749302451923077 0.45085139423076925 0.2844857235576923 0.4536463701923077 0.2886901346153846 0.46418128605769227 0.2734013677884616 0.47342621153846154 0.26002369711538464 0.47794117548076925 0.2539081899038461
7 0.4527863774038462 0.20918854807692308 0.4478414182692308 0.21836180769230767 0.45235638221153845 0.22485953365384617 0.4626762980769231 0.22294843749999999 0.47299621634615385 0.20727745192307692 0.4760061923076923 0.1969575360576923 0.4781561754807692 0.1839620841346154 0.47794117548076925 0.17134885096153846 0.4777261778846154 0.15682452403846153 0.47514619951923076 0.14612238701923078 0.45708634375 0.14879792067307693 0.44805641586538464 0.15491342788461537 0.4463364302884615 0.15950005769230768 0.44805641586538464 0.17478882451923078 0.44913140625 0.19657531730769232 0.4527863774038462 0.20918854807692308
0 0.42419160576923076 0.16485112500000002 0.4201066394230769 0.19045981009615384 0.4385964903846154 0.19657531730769232 0.4401014783653846 0.19389978125 0.44160646634615386 0.17249550961538462 0.42419160576923076 0.16485112500000002
6 0.47579119471153847 0.14688682451923077 0.48847609134615383 0.14726904326923076 0.49793601682692307 0.1407713173076923 0.499871 0.13694912740384615 0.4917010673076923 0.13656690625 0.48546611538461537 0.13694912740384615 0.4753611971153846 0.13809578365384614 0.46590127403846154 0.13847800240384614 0.4538613701923077 0.14191797596153846 0.45171138701923075 0.13274471634615384 0.4465514278846153 0.12548255048076923 0.4304265576923077 0.11401597596153847 0.4276315793269231 0.11363375721153846 0.42677158653846153 0.12777586778846153 0.4381664951923077 0.13542025 0.44741142067307693 0.14612238701923078 0.4461214302884615 0.15223789423076922 0.44805641586538464 0.15453120913461538 0.45988131971153845 0.14956235817307692 0.47579119471153847 0.14688682451923077
8 0.4796611634615384 0.1396246610576923 0.48159614663461536 0.13083362019230768 0.4850361201923077 0.12013148317307693 0.48159614663461536 0.11554485336538461 0.47665118749999996 0.11363375721153846 0.4745012043269231 0.12318923798076924 0.4704162355769231 0.12357145673076923 0.46482628125 0.11898482692307691 0.4643962860576923 0.11172266105769231 0.4611713100961538 0.10790047115384614 0.4519263846153846 0.10637159375 0.44805641586538464 0.11286931971153846 0.4444014447115385 0.12127814182692308 0.45235638221153845 0.12777586778846153 0.4607413149038461 0.1319802764423077 0.4740712067307692 0.13847800240384614 0.4796611634615384 0.1396246610576923
6 0.6316649471153847 0.06967855288461539 0.6084451322115385 0.08878951201923077 0.5918902644230769 0.10407827884615384 0.5798503605769231 0.11822038701923078 0.5650154807692307 0.13427359375 0.5555555552884616 0.14726904326923076 0.5579205360576923 0.16561556490384616 0.5607155144230769 0.17593548076923077 0.5630804951923077 0.18013989182692305 0.6015651875 0.1445935096153846 0.6258599927884615 0.12357145673076923 0.6402648774038462 0.10981156490384615 0.6374698990384615 0.08840729326923077 0.6316649471153847 0.06967855288461539
4 0.5858703125 0.21453961778846153 0.5908152740384616 0.20651301442307693 0.5996302019230769 0.1896953701923077 0.5882352932692307 0.1740243846153846 0.5847953221153847 0.1851087403846154 0.5798503605769231 0.19466422115384616 0.578130375 0.20383748076923075 0.5811403509615385 0.21033520673076925 0.5858703125 0.21453961778846153
10 0.5338407283653847 0.12166036057692307 0.5359907115384616 0.1266292091346154 0.5445906442307693 0.11019378605769231 0.5349157211538461 0.10025608653846155 0.5288957692307692 0.11248710096153847 0.5338407283653847 0.12166036057692307
6 0.5699604399038461 0.29671673798076925 0.5755503966346154 0.2951878605769231 0.5845803221153847 0.28563238221153847 0.5942552451923077 0.28104575240384616 0.58974028125 0.2684325192307692 0.5792053653846154 0.27684134134615385 0.5723254206730769 0.2848679423076923 0.5671654615384616 0.29289454567307693 0.5540505673076923 0.3039789014423077 0.5454506370192308 0.31544547596153844 0.5379256971153846 0.3250009543269231 0.5286807716346154 0.3418185985576923 0.5215858269230769 0.35596070673076924 0.52739078125 0.3628406538461538 0.5342707259615385 0.3509918581730769 0.5402906778846154 0.33761418749999994 0.5488906081730769 0.3250009543269231 0.560500516826923 0.3035966826923077 0.5699604399038461 0.29671673798076925
8 0.5706054350961538 0.3689561586538461 0.5697454423076923 0.35290295432692304 0.55856553125 0.3548140504807692 0.5448056418269231 0.35596070673076924 0.5392156850961538 0.3628406538461538 0.5396456826923077 0.3701028173076923 0.545020639423077 0.3750716658653846 0.5503955961538461 0.37277835096153844 0.5630804951923077 0.37201391346153845 0.5706054350961538 0.3689561586538461
8 0.5880202956730769 0.4266712524038461 0.5908152740384616 0.4220846225961538 0.5923202620192307 0.4067958557692308 0.59382525 0.3918893100961538 0.5961902307692308 0.3804227331730769 0.5944702451923077 0.3701028173076923 0.59361025 0.36016511778846155 0.5910302716346154 0.3613117764423077 0.5869453052884616 0.36704506249999996 0.5837203293269231 0.37545388461538465 0.5822153413461538 0.3918893100961538 0.5802803581730769 0.41635133653846157 0.5798503605769231 0.4243779375 0.5880202956730769 0.4266712524038461
8 0.603500173076923 0.33379199759615386 0.5985552115384615 0.33761418749999994 0.5899552812500001 0.3494629831730769 0.5856553149038461 0.35863624278846157 0.5875903004807692 0.3636050913461538 0.5953302379807692 0.36092955769230767 0.60543515625 0.3471696658653846 0.6103801177884616 0.3410541610576923 0.6088751298076923 0.33302755769230774 0.603500173076923 0.33379199759615386
8 0.6110251129807692 0.353667391826923 0.6112401105769231 0.37239613221153844 0.6105951153846154 0.3892137740384615 0.6161850697115384 0.39150709134615386 0.6213450288461538 0.3796582956730769 0.6215600264423077 0.36666284375 0.6204850360576923 0.3483163245192307 0.6161850697115384 0.3494629831730769 0.6110251129807692 0.353667391826923
10 0.6353199182692308 0.3311164615384615 0.6323099423076923 0.32996980528846154 0.6297299615384616 0.33761418749999994 0.6277949783653847 0.3483163245192307 0.6305899543269231 0.3548140504807692 0.6391898870192307 0.3548140504807692 0.6432748533653846 0.3548140504807692 0.6456398341346153 0.3456407908653846 0.6452098389423077 0.33761418749999994 0.6353199182692308 0.3311164615384615
8 0.6086601298076924 0.38118717307692307 0.6052201586538462 0.37124947355769233 0.5994152043269231 0.37048503605769234 0.5979102163461538 0.38118717307692307 0.5946852427884616 0.3957115 0.5946852427884616 0.4110002668269231 0.5970502235576923 0.4167335552884615 0.6000601995192307 0.4159691177884615 0.6013501899038461 0.4071780769230769 0.6041451658653846 0.39685815865384616 0.6047901610576922 0.38883155528846153 0.6086601298076924 0.38118717307692307
2 0.6645596826923076 0.4037381033653846 0.6636996899038461 0.3980048173076923 0.6525197788461538 0.39532928125000005 0.6452098389423077 0.3895959951923077 0.6348899206730769 0.38844933653846153 0.6239250096153846 0.38692045913461537 0.6209150336538461 0.3903604326923077 0.6196250432692308 0.40297366586538463 0.6217750264423076 0.40756029567307694 0.6327399375 0.4094713918269231 0.6443498461538462 0.40908917067307693 0.6507997932692308 0.40526698076923073 0.6596147235576922 0.40335588461538463 0.6645596826923076 0.4037381033653846
8 0.5121259038461539 0.48820853846153844 0.5205108365384615 0.48056415625000004 0.5263157884615385 0.4786530600961539 0.5301857596153846 0.4736842115384615 0.537065704326923 0.46107097836538463 0.5357757139423077 0.4557199086538462 0.5248108004807692 0.4625998557692308 0.5129858966346154 0.46833314182692304 0.5048159615384615 0.4733019903846154 0.5039559687499999 0.48285747115384614 0.5067509447115385 0.48744410096153845 0.5121259038461539 0.48820853846153844
8 0.5170708629807692 0.5042617427884616 0.5185758509615385 0.5080839350961539 0.5241658076923077 0.5111416899038461 0.5284657716346154 0.5015862091346154 0.5357757139423077 0.48362190865384613 0.5362057115384615 0.4767419639423077 0.5377106971153846 0.46986201923076926 0.5362057115384615 0.4648931706730769 0.5338407283653847 0.4656576081730769 0.5258857932692308 0.4794174975961539 0.5222308221153846 0.4862974423076923 0.517715858173077 0.49661736057692313 0.5170708629807692 0.5042617427884616
2 0.5854403173076923 0.4893551971153846 0.5830753365384616 0.47597752644230773 0.5620055048076923 0.4733019903846154 0.5564155480769231 0.4778886201923077 0.54287065625 0.4767419639423077 0.5422256634615384 0.4843863461538461 0.5542655649038462 0.4889729783653846 0.5583505336538461 0.49279516826923075 0.5673804615384616 0.49470626442307697 0.5822153413461538 0.4962351418269231 0.5854403173076923 0.4893551971153846
4 0.564370485576923 0.49699957932692307 0.5639404879807692 0.49891067548076923 0.5951152379807693 0.5080839350961539 0.5951152379807693 0.5042617427884616 0.5989852091346154 0.4717731153846154 0.5992002067307692 0.44043114423076923 0.58200034375 0.4396667043269231 0.5660904711538461 0.4373733894230769 0.5656604759615385 0.44578221153846154 0.5654454759615384 0.4694798004807692 0.5628654975961539 0.4733019903846154 0.5828603365384615 0.4736842115384615 0.5863003100961538 0.4885907572115385 0.58200034375 0.49661736057692313 0.564370485576923 0.49699957932692307
5 0.6045751634615384 0.46030653846153846 0.6022101826923077 0.4656576081730769 0.6030701754807692 0.4740664302884615 0.6060801514423078 0.4736842115384615 0.6103801177884616 0.4717731153846154 0.6118851057692308 0.46603982692307694 0.6090901274038462 0.45992431971153847 0.6045751634615384 0.46030653846153846
2 0.6729446153846154 0.4671864855769231 0.6768145865384615 0.45151549999999996 0.6770295841346154 0.4434888966346154 0.6692896466346153 0.4366089519230769 0.6617647067307693 0.43393341826923076 0.6484348124999999 0.42934678846153845 0.6396198822115384 0.4274356923076923 0.6374698990384615 0.4320223221153846 0.6456398341346153 0.4385200480769231 0.6510147908653846 0.44501777403846154 0.6555297548076923 0.45457325240384616 0.6729446153846154 0.4671864855769231
2 0.6626246995192309 0.42055574759615383 0.6684296514423077 0.41940908894230766 0.6682146538461539 0.41520467788461535 0.6628396971153846 0.4132935817307692 0.6490798076923077 0.4102358293269231 0.6353199182692308 0.4087069519230769 0.6226350192307692 0.41291136298076925 0.6230650144230769 0.42820012980769234 0.6333849326923077 0.42590681490384613 0.6421998629807693 0.42590681490384613 0.6486498100961539 0.42590681490384613 0.6546697620192308 0.4220846225961538 0.6626246995192309 0.42055574759615383
2 0.6729446153846154 0.5581546466346153 0.6748796009615384 0.5528035769230769 0.6727296177884615 0.5424836610576923 0.6662796706730769 0.5424836610576923 0.6516597860576923 0.5443947572115385 0.6456398341346153 0.5443947572115385 0.6391898870192307 0.5505102620192308 0.6340299278846153 0.5485991658653846 0.6331699350961538 0.5558613317307692 0.6426298581730769 0.5570079879807692 0.6475748197115384 0.5573902067307692 0.6529497764423078 0.5612123990384615 0.6641296874999999 0.5581546466346153 0.6729446153846154 0.5581546466346153
2 0.6432748533653846 0.5302526466346154 0.6467148269230769 0.5287237692307692 0.6499398004807693 0.524901579326923 0.6510147908653846 0.5176394134615385 0.6490798076923077 0.51075946875 0.6449948389423077 0.5023506466346154 0.640909872596154 0.4935596081730769 0.6363949086538461 0.4905018533653846 0.6320949423076924 0.4897374158653846 0.6301599591346154 0.49126629326923077 0.630804954326923 0.4985284567307692 0.6318799447115384 0.5061728389423077 0.6359649134615384 0.5145816610576923 0.6400498798076922 0.522990483173077 0.6432748533653846 0.5302526466346154
2 0.7484090120192307 0.4285823485576923 0.7514189879807692 0.4217024038461539 0.7449690408653846 0.41291136298076925 0.73830409375 0.4079425144230769 0.7363691081730769 0.39762259615384615 0.7213192283653846 0.3838627067307692 0.712934295673077 0.38118717307692307 0.7084193317307693 0.38844933653846153 0.7086343317307692 0.40182700721153847 0.7211042307692307 0.41291136298076925 0.7281991754807693 0.4190268701923077 0.7331441346153846 0.41826243269230773 0.7370141033653846 0.41940908894230766 0.7456140360576923 0.4255245961538462 0.7484090120192307 0.4285823485576923
2 0.7370141033653846 0.45151549999999996 0.7445390432692308 0.44654664903846153 0.7445390432692308 0.43928448557692307 0.7419590649038461 0.43011122596153845 0.7385190913461539 0.42896456730769233 0.728629170673077 0.4350800745192308 0.7211042307692307 0.44081336298076923 0.7161592716346153 0.44578221153846154 0.7088493293269231 0.45342659375 0.701109391826923 0.46068875961538464 0.7019693846153847 0.4671864855769231 0.7069143437500001 0.4656576081730769 0.716804264423077 0.4622176346153846 0.7215342283653846 0.4622176346153846 0.7273391802884616 0.4580132259615385 0.7370141033653846 0.45151549999999996
8 0.728414173076923 0.3326453389423077 0.7331441346153846 0.3276764903846154 0.7436790504807692 0.3165921346153846 0.7518489855769231 0.3100944086538462 0.7610939110576923 0.2986278341346154 0.7615239086538461 0.2906012307692308 0.755718954326923 0.2837212860576923 0.7539989687499999 0.27684134134615385 0.7507739927884616 0.2737835865384616 0.7443240456730769 0.27989909375 0.7357241153846155 0.2906012307692308 0.7266941874999999 0.30092114903846157 0.7178792572115384 0.30971218990384614 0.7135792908653846 0.3158276947115385 0.7092793269230769 0.32958758653846154 0.7084193317307693 0.3349386538461539 0.7060543509615385 0.33799640625 0.7071293437499999 0.3456407908653846 0.7107843149038462 0.3414363798076923 0.7163742692307692 0.3425830360576923 0.724329204326923 0.33990750240384615 0.728414173076923 0.3326453389423077
8 0.8124785 0.31047662740384613 0.8172084615384616 0.30283224278846155 0.8133384927884616 0.2951878605769231 0.8077485384615385 0.30206780528846155 0.80065359375 0.3039789014423077 0.7935586514423077 0.31544547596153844 0.7851737187500001 0.3207965456730769 0.7720588245192308 0.33379199759615386 0.7686188509615385 0.33952528365384615 0.7625988990384616 0.3479341057692308 0.7636738894230769 0.35290295432692304 0.7709838317307691 0.3678095024038462 0.7793687644230769 0.36398731009615387 0.7946336418269231 0.34449413221153846 0.8036635697115385 0.33073424278846153 0.8096835216346154 0.3261476129807692 0.8124785 0.31047662740384613
8 0.7954936370192307 0.25964147836538465 0.7944186442307692 0.24588158894230772 0.7849587211538461 0.24970378125 0.7744238052884616 0.25237931490384613 0.7671138629807692 0.26231701201923074 0.7645338846153845 0.2638458894230769 0.7647488822115385 0.2703436153846154 0.7720588245192308 0.26652142307692306 0.7776487788461538 0.26690364182692305 0.7849587211538461 0.2642281081730769 0.7914086682692307 0.2638458894230769 0.7954936370192307 0.25964147836538465
8 0.7836687307692307 0.24358827403846156 0.7858187139423076 0.23938386298076922 0.7907636730769231 0.23135725961538461 0.7952786370192307 0.22294843749999999 0.7978586177884615 0.21492183653846153 0.7974286201923076 0.21033520673076925 0.7952786370192307 0.20918854807692308 0.7931286538461539 0.20383748076923075 0.7890436875 0.20918854807692308 0.7840987259615384 0.21759737019230768 0.7802287572115384 0.23135725961538461 0.7774337812500001 0.23709054807692306 0.7742088052884615 0.24435271153846155 0.7720588245192308 0.250086 0.7770037836538461 0.25429041105769234 0.7797987620192307 0.250086 0.7836687307692307 0.24358827403846156
2 0.7417440649038463 0.23135725961538461 0.7488390096153845 0.2344150144230769 0.7533539735576924 0.23135725961538461 0.7570089447115385 0.2344150144230769 0.7606639134615385 0.23556167067307693 0.7660388725961538 0.23517945192307693 0.7664688677884615 0.2260061923076923 0.7559339519230769 0.22103734375 0.7527089783653846 0.21415739903846154 0.7380890961538462 0.20460191826923074 0.7275541802884615 0.2015441658653846 0.720889233173077 0.20727745192307692 0.7193842451923077 0.21568627403846152 0.7221792235576923 0.21950846634615384 0.732499139423077 0.22447731490384618 0.7417440649038463 0.23135725961538461
2 0.7041193677884615 0.307418875 0.704979360576923 0.3139165985576923 0.7069143437500001 0.31620991586538466 0.7099243197115384 0.3123877235576923 0.7122893028846153 0.30932996874999996 0.7185242524038462 0.2906012307692308 0.7228242163461539 0.27301914903846153 0.7249741995192308 0.26193479326923075 0.7202442379807692 0.2581126009615385 0.7142242860576923 0.2577303822115385 0.7103543173076924 0.2707258341346154 0.7079893365384616 0.28104575240384616 0.7066993461538461 0.2879256971153846 0.704979360576923 0.2990100528846154 0.7041193677884615 0.307418875
7 0.7748538004807692 0.4694798004807692 0.7840987259615384 0.4641287307692308 0.7883986923076923 0.45763100480769225 0.7901186802884616 0.4480755264423077 0.7881836947115384 0.43928448557692307 0.7825937403846154 0.4308756634615385 0.7782937740384616 0.4274356923076923 0.7716288269230769 0.4350800745192308 0.7703388365384616 0.4434888966346154 0.7662538701923077 0.45380881490384617 0.76173890625 0.4625998557692308 0.7684038533653846 0.4671864855769231 0.7748538004807692 0.4694798004807692
4 0.8277433774038462 0.3983870360576923 0.8275283798076922 0.38844933653846153 0.8197884423076923 0.3750716658653846 0.8174234615384616 0.3708672548076923 0.8124785 0.37277835096153844 0.8090385288461538 0.38309826923076923 0.8060285528846154 0.3899782139423077 0.8012985889423077 0.3972403774038461 0.7991486057692309 0.40526698076923073 0.8021585817307693 0.4079425144230769 0.8077485384615385 0.41826243269230773 0.8133384927884616 0.43011122596153845 0.8176384591346154 0.41864465144230767 0.8184984519230769 0.4071780769230769 0.8212934302884616 0.4002981298076923 0.8277433774038462 0.3983870360576923
7 0.8139834879807691 0.5084661538461538 0.8066735456730769 0.5023506466346154 0.7873237019230769 0.5122883461538461 0.7707688341346154 0.5180216346153846 0.7679738557692308 0.5306348653846154 0.763888889423077 0.5577724254807692 0.7662538701923077 0.5765011658653847 0.7739938076923077 0.5929365889423077 0.7914086682692307 0.5822344543269231 0.8036635697115385 0.5665634663461538 0.8114035096153847 0.5463058509615385 0.8139834879807691 0.5268126754807693 0.8139834879807691 0.5084661538461538
8 0.8423632620192307 0.539808125 0.84386825 0.5287237692307692 0.8408582740384615 0.526430454326923 0.828173375 0.5298704278846154 0.8193584447115385 0.5275771129807693 0.8141984855769231 0.5321637427884616 0.8114035096153847 0.5455414134615384 0.8159184735576923 0.5470702908653846 0.8238734086538462 0.5455414134615384 0.8359133125 0.5421014399038462 0.8423632620192307 0.539808125
7 0.83978328125 0.493941826923077 0.8344083245192307 0.4817108125 0.8305383557692309 0.4748308677884615 0.8223684206730769 0.4897374158653846 0.8159184735576923 0.5012039903846154 0.8167784663461538 0.5176394134615385 0.8212934302884616 0.5287237692307692 0.8313983485576923 0.5271948942307693 0.8348383221153846 0.5195505096153846 0.8391382860576923 0.5046439639423077 0.83978328125 0.493941826923077
7 0.8423632620192307 0.49470626442307697 0.8464482283653846 0.4996751129807692 0.85547815625 0.49661736057692313 0.8640780865384615 0.4950884831730769 0.8692380456730769 0.4897374158653846 0.8681630552884615 0.48209303125 0.8640780865384615 0.47139089423076924 0.8623581009615384 0.45954210096153847 0.8584881322115384 0.4618354158653846 0.853543170673077 0.4549554711538461 0.8466632259615385 0.4488399639423077 0.8421482620192309 0.4587776634615385 0.8348383221153846 0.4671864855769231 0.8320433437499999 0.4733019903846154 0.8350533197115385 0.48362190865384613 0.8380632956730769 0.4889729783653846 0.8423632620192307 0.49470626442307697
8 0.8107585144230769 0.3483163245192307 0.8010835913461538 0.3517562980769231 0.7997936009615384 0.3525207355769231 0.7991486057692309 0.3620762139423077 0.8055985552884616 0.36704506249999996 0.8126934975961538 0.3678095024038462 0.8221534230769231 0.36704506249999996 0.8238734086538462 0.3571073653846154 0.820003439903846 0.3517562980769231 0.8107585144230769 0.3483163245192307
4 0.8636480913461538 0.2906012307692308 0.8657980745192309 0.27760577884615384 0.8578431370192308 0.2833390673076923 0.8567681466346154 0.2902190120192308 0.8569831442307693 0.3039789014423077 0.8477382187500001 0.32156098317307696 0.8270983822115384 0.32920536538461537 0.8169934639423077 0.32958758653846154 0.8043085649038461 0.32996980528846154 0.7879686971153846 0.3494629831730769 0.7892586850961538 0.3525207355769231 0.8038785697115384 0.3486985432692308 0.8154884759615384 0.3422008173076923 0.8354833173076923 0.33876084615384616 0.8522531826923078 0.33302755769230774 0.8587031298076924 0.3227076418269231 0.8636480913461538 0.2906012307692308
8 0.8894478846153846 0.353667391826923 0.880632954326923 0.3490807620192308 0.8690230480769231 0.3486985432692308 0.8599931201923077 0.3494629831730769 0.853328173076923 0.35596070673076924 0.8544031658653846 0.3678095024038462 0.8681630552884615 0.3693383774038462 0.8756879951923077 0.37239613221153844 0.8804179567307693 0.3697205985576923 0.8862229110576922 0.3689561586538461 0.8894478846153846 0.353667391826923
2 0.8709580312499999 0.4132935817307692 0.8776229783653846 0.40144478846153847 0.8836429302884615 0.38883155528846153 0.8909528725961539 0.36628062499999997 0.8924578605769231 0.3605473389423077 0.888802889423077 0.3590184615384615 0.8834279326923077 0.3701028173076923 0.8769779831730768 0.37545388461538465 0.8698830408653847 0.3861560216346154 0.86321809375 0.3995336923076923 0.8642930865384616 0.4067958557692308 0.8709580312499999 0.4132935817307692
11 0.9481424158653847 0.3227076418269231 0.9419074639423077 0.32232542067307696 0.9227726177884615 0.32996980528846154 0.9193326442307692 0.33761418749999994 0.9139576875 0.3582540216346154 0.9096577235576924 0.3834804879807692 0.915892673076923 0.3857738028846154 0.9326625384615385 0.3838627067307692 0.943412451923077 0.3555784879807692 0.9477124182692307 0.33952528365384615 0.9481424158653847 0.3227076418269231
9 0.9481424158653847 0.2760769014423077 0.9436274519230768 0.2688147379807692 0.9380374951923076 0.2680503004807692 0.9307275552884615 0.27645912259615385 0.9272875817307693 0.2852501634615385 0.9255675961538461 0.3001567091346154 0.9285775721153846 0.30971218990384614 0.9330925360576923 0.3142988197115385 0.943197454326923 0.3112410649038461 0.9494324038461539 0.3043611201923077 0.9520123846153846 0.2898367932692308 0.9481424158653847 0.2760769014423077
8 0.9447024423076923 0.10675381249999999 0.9393274855769231 0.10369606009615384 0.9371775024038461 0.10942934615384615 0.9324475408653845 0.11325153846153846 0.9242776057692308 0.1273936466346154 0.9156776754807693 0.14918013942307692 0.9126676995192308 0.16294002884615383 0.9223426201923076 0.17134885096153846 0.9298675600961539 0.15644230528846154 0.9367475072115384 0.13580246875000002 0.9427674567307692 0.12242479807692308 0.943412451923077 0.1109582235576923 0.9447024423076923 0.10675381249999999
9 0.9051427596153846 0.10713603125000001 0.8939628485576924 0.105989375 0.8872979014423077 0.11248710096153847 0.884502923076923 0.12242479807692308 0.8821379423076923 0.13121583894230768 0.8834279326923077 0.14191797596153846 0.8913828677884615 0.1556778653846154 0.8993378052884615 0.1560600841346154 0.9085827307692308 0.1449757283653846 0.9128826971153846 0.12968696153846154 0.9113777091346154 0.11745594951923076 0.9051427596153846 0.10713603125000001
7 0.8146284831730769 0.21033520673076925 0.8258083942307692 0.21148186298076924 0.837633298076923 0.2137751778846154 0.8481682139423078 0.20689523317307693 0.8587031298076924 0.19581087740384615 0.8660130721153846 0.18701983653846155 0.8737530096153846 0.1831976466346154 0.873108014423077 0.17211329086538463 0.8720330240384615 0.16255781009615383 0.8670880625 0.14574016826923078 0.8524681802884615 0.13771356490384615 0.8423632620192307 0.14153575721153847 0.8311833509615384 0.1533845504807692 0.8266683870192307 0.16064671394230767 0.8202184375 0.16523334375 0.8159184735576923 0.1736421658653846 0.8109735120192307 0.1820509879807692 0.8064585480769231 0.19542865865384615 0.8101135192307692 0.21033520673076925 0.8146284831730769 0.21033520673076925
10 0.8718180264423077 0.14765126201923076 0.8700980384615384 0.1556778653846154 0.8720330240384615 0.15758896153846152 0.8808479543269231 0.16485112500000002 0.8862229110576922 0.15644230528846154 0.8851479182692308 0.14803348317307694 0.8782679735576924 0.13580246875000002 0.8726780192307693 0.13809578365384614 0.8718180264423077 0.14765126201923076
4 0.8608531129807692 0.10216718269230769 0.8501031995192307 0.11172266105769231 0.8412882692307692 0.12089592067307693 0.8359133125 0.12815808653846153 0.8307533533653846 0.1392424423076923 0.8296783629807692 0.14650460576923077 0.8363433100961538 0.1445935096153846 0.83978328125 0.14230019471153846 0.8492432067307691 0.13847800240384614 0.8574131418269231 0.13656690625 0.8642930865384616 0.1396246610576923 0.8651530793269231 0.12586477163461537 0.8713880288461537 0.12318923798076924 0.8759029927884616 0.11325153846153846 0.8748280024038462 0.10254940144230769 0.8709580312499999 0.09796277163461539 0.8608531129807692 0.10216718269230769
7 0.8430082548076924 0.07923403365384615 0.8496732019230768 0.07808737499999999 0.8599931201923077 0.07885181250000001 0.8690230480769231 0.07617627884615384 0.8739680072115384 0.07885181250000001 0.8829979350961538 0.0738829639423077 0.8931028557692307 0.06585636298076923 0.9047127620192307 0.05668310096153846 0.9133126947115385 0.05133203365384616 0.91782765625 0.03298551442307692 0.9150326802884615 0.022665596153846154 0.9083677331730768 0.01655008894230769 0.896327829326923 0.004319076923076924 0.8915978677884616 0.002407980769230769 0.8832129350961538 0.002407980769230769 0.8690230480769231 0.002407980769230769 0.8522531826923078 0.002407980769230769 0.8344083245192307 0.0020257620192307693 0.8313983485576923 0.020754500000000002 0.8374183004807693 0.024576692307692306 0.8417182668269232 0.028781103365384617 0.8402132788461538 0.046745403846153846 0.8365583076923078 0.061651951923076924 0.8430082548076924 0.07923403365384615
3 0.9055727548076924 0.59675878125 0.9066477475961539 0.5891143990384615 0.9032077740384616 0.5833811105769231 0.8980478149038462 0.5822344543269231 0.8939628485576924 0.5887321778846154 0.8881578942307692 0.6001987548076924 0.8853629158653846 0.6086075745192308 0.8784829711538461 0.6181630552884615 0.8778379783653846 0.62542521875 0.8817079471153846 0.6303940673076922 0.8860079110576924 0.62618965625 0.8926728581730768 0.6166341778846154 0.9055727548076924 0.59675878125
8 0.8853629158653846 0.6066964807692308 0.8857929134615384 0.6005809735576924 0.8834279326923077 0.5990520961538461 0.8763329903846154 0.6070786995192308 0.8664430697115384 0.6143408629807692 0.8623581009615384 0.6200741514423077 0.86321809375 0.6238963413461539 0.8655830745192308 0.6315407259615384 0.8696680432692308 0.6292474110576923 0.8743980048076924 0.6231319038461538 0.8791279663461539 0.6177808365384615 0.8819229447115385 0.6135764254807692 0.8853629158653846 0.6066964807692308
6 0.8774079807692308 0.5864388653846154 0.8709580312499999 0.5910254951923076 0.8602081177884616 0.59599434375 0.8584881322115384 0.6005809735576924 0.8614981081730769 0.610900889423077 0.8642930865384616 0.6116653293269231 0.8733230144230769 0.6066964807692308 0.87891296875 0.6032565072115385 0.8797729615384615 0.5994343149038461 0.8774079807692308 0.5864388653846154
7 0.8604231177884615 0.6380384519230768 0.8623581009615384 0.6277185336538461 0.8595631225961539 0.6162519591346154 0.8507481947115385 0.6112831105769231 0.8421482620192309 0.6128119855769231 0.8318283461538462 0.6170163966346155 0.8273133822115385 0.6288651923076922 0.8309683533653847 0.6384206706730768 0.8365583076923078 0.641096204326923 0.8447282427884615 0.6430073004807693 0.8516081875 0.6430073004807693 0.8604231177884615 0.6380384519230768
8 0.9309425528846155 0.4893551971153846 0.9311575504807692 0.4832396899038462 0.9296525625 0.4778886201923077 0.9186876514423077 0.47635974519230767 0.9107327139423076 0.47597752644230773 0.9047127620192307 0.4736842115384615 0.8989078076923077 0.48362190865384613 0.9023477812499999 0.4862974423076923 0.9068627451923077 0.4889729783653846 0.9150326802884615 0.49126629326923077 0.9208376322115384 0.4935596081730769 0.9283625721153845 0.49241294951923076 0.9309425528846155 0.4893551971153846
7 0.8911678701923077 0.5348392764423078 0.8896628822115384 0.5470702908653846 0.8922428629807692 0.553568016826923 0.9010577908653846 0.5516569206730769 0.904282766826923 0.5508924807692307 0.9130976947115385 0.5485991658653846 0.9247076033653846 0.5390436875 0.92578259375 0.5363681538461539 0.9212676298076924 0.5184038533653846 0.9195476442307692 0.5145816610576923 0.923632610576923 0.5061728389423077 0.927502579326923 0.5027328677884616 0.9290075673076923 0.5008217716346154 0.931587548076923 0.5050261826923077 0.9376074999999999 0.5073194975961539 0.9386824903846154 0.5019684278846154 0.9393274855769231 0.49241294951923076 0.9371775024038461 0.4893551971153846 0.9313725480769232 0.4901196346153846 0.92578259375 0.493941826923077 0.9193326442307692 0.4950884831730769 0.9040677668269231 0.48744410096153845 0.8997678028846153 0.49241294951923076 0.8892328870192308 0.5012039903846154 0.8855779158653847 0.5073194975961539 0.8892328870192308 0.5149638798076923 0.8918128653846153 0.5195505096153846 0.8924578605769231 0.5279593317307693 0.8911678701923077 0.5348392764423078
7 0.9505073966346154 0.526048235576923 0.9573873413461539 0.522990483173077 0.9638372884615385 0.5119061274038461 0.9692122451923078 0.5126705649038461 0.9705022355769231 0.5004395528846154 0.9711472307692308 0.4897374158653846 0.9713622283653846 0.4797997163461538 0.9593223245192307 0.47139089423076924 0.9505073966346154 0.4786530600961539 0.9447024423076923 0.48667966105769234 0.9423374615384615 0.4992928942307693 0.9382524927884616 0.51037725 0.9427674567307692 0.5187860721153846 0.9505073966346154 0.526048235576923
7 0.949980826923077 0.4201099278846154 0.9541750552884616 0.40572971634615385 0.9481833004807693 0.3865560985576923 0.9299084447115384 0.39134950240384614 0.9167265841346153 0.3998711105769231 0.9062410120192308 0.40572971634615385 0.9023463701923077 0.4227729302884615 0.8996500817307692 0.43395754086538463 0.9089373028846153 0.4467399519230769 0.9176253485576923 0.4467399519230769 0.9230179278846153 0.44034874759615383 0.9376977283653846 0.4312945384615385 0.9442886586538461 0.4291641370192308 0.949980826923077 0.4201099278846154
7 0.9511791778846154 0.44620735336538464 0.9541750552884616 0.43875094471153847 0.9484828870192307 0.4318271394230769 0.9400944302884615 0.4302293389423077 0.9332039110576923 0.4323597403846154 0.9218195769230769 0.4419465480769231 0.9188236995192308 0.4456747524038462 0.9182245240384616 0.4579245625 0.9212204014423077 0.4669787716346154 0.9305076225961538 0.46910917307692307 0.9427907211538462 0.4707069735576923 0.9484828870192307 0.45685936057692306 0.9511791778846154 0.44620735336538464
5 0.8960550288461538 0.4584571634615384 0.9020467836538462 0.4685765721153846 0.9122327668269231 0.45739196153846157 0.9095364783653845 0.4467399519230769 0.9002492572115385 0.44407694951923077 0.8960550288461538 0.4584571634615384
2 0.8592057331730769 0.4014689110576923 0.8514164519230769 0.3940125048076923 0.827749016826923 0.3822952956730769 0.8280486057692307 0.40040371153846155 0.8376354134615384 0.4105231201923077 0.8499185120192307 0.4179795264423077 0.8541127403846154 0.4174469254807692 0.8592057331730769 0.4014689110576923
11 0.8475218100961539 0.5378146346153846 0.8361374759615384 0.5415428365384616 0.8196601466346153 0.54953184375 0.8205589110576923 0.5708358629807692 0.8535135649038461 0.5692380625 0.8577077932692307 0.5474014423076923 0.8562098557692307 0.5340864302884616 0.8508172764423076 0.5330212283653846 0.8475218100961539 0.5378146346153846
8 0.8100733389423076 0.5814878725961539 0.8139679807692308 0.5724336658653846 0.8157655072115385 0.5671076586538462 0.8094741634615384 0.5639120576923077 0.8013852932692308 0.5724336658653846 0.793296423076923 0.5804226706730768 0.7885030192307692 0.5878790793269231 0.7917984855769231 0.600128889423077 0.7962923028846153 0.5979984879807693 0.8100733389423076 0.5814878725961539
7 0.813668391826923 0.6443347283653846 0.8139679807692308 0.6342153197115384 0.8070774615384615 0.6283567139423076 0.8004865312499999 0.629954516826923 0.7888026081730769 0.637410923076923 0.7906001346153846 0.6491281322115385 0.7941951875 0.6555193389423077 0.8040815841346153 0.6555193389423077 0.8097737524038462 0.6549867379807692 0.813668391826923 0.6443347283653846
7 0.7813129134615384 0.6469977307692307 0.7861063173076922 0.6416717259615384 0.7917984855769231 0.6320849182692307 0.7977902403846154 0.6198351057692307 0.8010857067307692 0.6129113004807692 0.7950939495192307 0.6022592908653845 0.7831104399038461 0.600128889423077 0.7693294038461538 0.602791891826923 0.7630380600961538 0.6113135000000001 0.7609409447115384 0.6230307091346153 0.7612405336538461 0.6331501177884615 0.7681310528846154 0.6475303317307692 0.7813129134615384 0.6469977307692307
5 0.7498561971153846 0.6240959110576922 0.7507549615384614 0.6091830985576923 0.7438644423076923 0.6123786995192307 0.7408685649038461 0.6246285120192308 0.7498561971153846 0.6240959110576922
5 0.7588438317307692 0.6139765024038462 0.7516537235576923 0.6145091009615384 0.7504553725961538 0.6272915144230768 0.7606413581730769 0.6267589134615386 0.7588438317307692 0.6139765024038462
7 0.8004865312499999 0.7348768100961538 0.7891021947115384 0.7364746105769231 0.7768190961538461 0.7471266201923077 0.7729244567307691 0.7716262427884615 0.7849079663461538 0.7860064543269231 0.7852075552884615 0.7705610408653847 0.7876042572115385 0.7551156274038462 0.798089829326923 0.760974233173077 0.805879110576923 0.7577786298076923 0.8004865312499999 0.7348768100961538
7 0.7510545480769231 0.7817456514423077 0.7537508389423077 0.7705610408653847 0.75974259375 0.7631046346153846 0.75974259375 0.7465940192307693 0.7504553725961538 0.7327464086538461 0.7459615576923077 0.7311486057692308 0.7432652668269231 0.7492570216346154 0.7405689759615384 0.7753544447115384 0.7426660913461538 0.7806804495192308 0.7510545480769231 0.7817456514423077
9 0.7555483653846153 0.7023881802884616 0.7450627932692307 0.7125075889423077 0.7450627932692307 0.7295508052884615 0.7531516634615384 0.7364746105769231 0.75974259375 0.7311486057692308 0.7636372355769231 0.7215617980769231 0.7642364110576924 0.709311985576923 0.7555483653846153 0.7023881802884616
11 0.7747219831730768 0.7529852259615384 0.7708273413461538 0.7391376129807692 0.7618397091346154 0.7332790072115384 0.7549491899038461 0.7407354158653846 0.75824465625 0.7508548245192308 0.7618397091346154 0.7599090312500001 0.7696289903846154 0.7615068341346153 0.7747219831730768 0.7529852259615384
5 0.7714265168269231 0.6853449663461538 0.7666331129807692 0.694399173076923 0.767531875 0.7002577788461538 0.7744223942307692 0.7098445865384615 0.7774182716346154 0.7087793870192307 0.7813129134615384 0.695464375 0.7714265168269231 0.6853449663461538
7 0.5515290961538462 0.5900094807692308 0.5407439375 0.5825530745192308 0.5362501201923077 0.5868138774038462 0.5290600144230769 0.5985310889423077 0.5350517692307692 0.6139765024038462 0.5452377524038462 0.6230307091346153 0.5533266225961538 0.6262263125 0.5578204399038461 0.6193025072115385 0.5608163173076923 0.6038570937500001 0.5515290961538462 0.5900094807692308
6 0.5437398149038462 0.5623142548076923 0.5329546538461538 0.5468688413461538 0.5011983509615384 0.5250322211538462 0.4853201995192308 0.5127824110576923 0.4823243221153846 0.5229018197115385 0.4901136033653846 0.5335538293269231 0.5110847475961539 0.5532600480769231 0.5263637235576923 0.565509858173077 0.5389464086538461 0.5788248701923077 0.5584196153846154 0.6033244927884616 0.5662088966346154 0.5884116778846153 0.5536262115384616 0.5804226706730768 0.5431406394230769 0.5719010649038462 0.5437398149038462 0.5623142548076923
8 0.5596179663461538 0.5607164543269231 0.5587192019230769 0.5532600480769231 0.5578204399038461 0.5474014423076923 0.557221264423077 0.5388798341346154 0.5536262115384616 0.5378146346153846 0.5512295072115385 0.5458036418269231 0.5479340432692308 0.5516622451923077 0.5449381658653846 0.5633794567307693 0.5443389903846154 0.5724336658653846 0.5494319807692307 0.5793574711538462 0.557221264423077 0.5798900721153847 0.5584196153846154 0.5692380625 0.5596179663461538 0.5607164543269231
4 0.5665084831730769 0.5170432139423077 0.5587192019230769 0.5149128125 0.5536262115384616 0.527162625 0.5515290961538462 0.5388798341346154 0.5587192019230769 0.5447384399038462 0.5593183774038462 0.5734988653846154 0.5710023004807693 0.5745640673076923 0.5751965288461538 0.5724336658653846 0.5772936442307692 0.5527274471153846 0.5769940552884616 0.5399450360576923 0.5754961177884615 0.5244996225961539 0.5665084831730769 0.5170432139423077
7 0.6000623149038462 0.5218366201923077 0.5988639639423077 0.5101194086538462 0.5883783918269231 0.5063912067307692 0.5787915817307693 0.5069238052884615 0.57669446875 0.5170432139423077 0.5778928197115385 0.5410102355769231 0.5859816899038461 0.5420754375 0.5940705576923077 0.5468688413461538 0.5994631394230769 0.5420754375 0.6000623149038462 0.5218366201923077
8 0.5470352788461539 0.709311985576923 0.5536262115384616 0.7173009927884616 0.5587192019230769 0.709311985576923 0.5593183774038462 0.6991925769230769 0.5530270336538462 0.6933339735576923 0.5494319807692307 0.7002577788461538 0.5470352788461539 0.709311985576923
4 0.5497315697115385 0.8003866682692308 0.557221264423077 0.7860064543269231 0.5470352788461539 0.7769522475961538 0.5386468221153846 0.77215884375 0.53595053125 0.7860064543269231 0.5497315697115385 0.8003866682692308
0 0.5410435240384616 0.8195602860576923 0.5326550673076923 0.8243536899038462 0.5272624879807692 0.8392665024038461 0.5335538293269231 0.8520489134615384 0.5413431129807692 0.8499185120192307 0.5488328052884616 0.8382013028846154 0.5548245625 0.8286144927884614 0.55003115625 0.8222232884615385 0.5410435240384616 0.8195602860576923
7 0.5784919951923077 0.7918650600961539 0.570403125 0.8131690793269232 0.5617150793269231 0.7987888653846155 0.5617150793269231 0.8067778725961539 0.5617150793269231 0.820625485576923 0.5671076610576923 0.8318100961538462 0.572799826923077 0.8312774951923078 0.5796903461538462 0.817962483173077 0.5868804519230769 0.8131690793269232 0.5883783918269231 0.7982562668269231 0.5784919951923077 0.7918650600961539
7 0.5904755048076923 0.7860064543269231 0.5835849879807692 0.7897346586538462 0.5895767427884615 0.8014518677884616 0.5970664375 0.809440875 0.6054548942307693 0.80198446875 0.6090499471153846 0.7923976610576923 0.6075520072115385 0.7828108533653846 0.5967668485576924 0.7769522475961538 0.5904755048076923 0.7860064543269231
8 0.6557856394230769 0.7838760528846154 0.6488951201923077 0.7998540673076923 0.6575831658653846 0.8057126730769231 0.66117821875 0.7955932644230769 0.6656720360576922 0.7806804495192308 0.6593806923076924 0.7780174471153847 0.6557856394230769 0.7838760528846154
6 0.6980275144230769 0.70292078125 0.6902382331730769 0.6933339735576923 0.6791534855769231 0.7103771875 0.6851452403846154 0.7178335937500001 0.6980275144230769 0.70292078125
7 0.7450627932692307 0.6006614903846154 0.7453623822115384 0.5857486754807693 0.7127073149038462 0.5612490552884615 0.7085130865384616 0.5585860528846154 0.6995254519230769 0.5804226706730768 0.6917361706730769 0.6054548942307693 0.6782547211538461 0.631019716346154 0.6758580192307692 0.6438021274038461 0.6752588437499999 0.6613779447115384 0.6833477139423076 0.6603127427884616 0.6896390576923076 0.6565845384615384 0.7070151466346153 0.6544541370192308 0.7276867019230769 0.6283567139423076 0.7450627932692307 0.6006614903846154
8 0.7741228076923077 0.0941584375 0.7687302259615384 0.09043023557692308 0.7621392956730768 0.07818042307692306 0.75345125 0.07125661778846154 0.7399698004807692 0.06220240865384615 0.7363747475961537 0.06326761057692308 0.7339780456730769 0.079245625 0.7381722740384615 0.08563682932692308 0.7468603197115384 0.0920280360576923 0.7546496009615384 0.10108224519230768 0.7603417692307691 0.10054964423076923 0.7696289903846154 0.10427784615384615 0.7741228076923077 0.0941584375
7 0.7513541370192307 0.1341034735576923 0.7603417692307691 0.13197307211538462 0.7693294038461538 0.12504926442307693 0.7750215697115385 0.11386465625 0.7762199206730769 0.10161484374999999 0.77382321875 0.10001704326923076 0.7705277548076922 0.10481044711538462 0.7615401201923077 0.1032126466346154 0.7546496009615384 0.10587564903846153 0.7483582596153846 0.1069408485576923 0.7450627932692307 0.12398406490384616 0.74416403125 0.1372990769230769 0.7420669158653846 0.1484836875 0.7468603197115384 0.1484836875 0.7513541370192307 0.1341034735576923
4 0.8172634447115384 0.08776723317307693 0.8070774615384615 0.09575624038461537 0.8037819951923078 0.10427784615384615 0.798089829326923 0.11386465625 0.8028832331730769 0.12664706730769232 0.8085753990384615 0.1394294783653846 0.8226560240384615 0.12931006971153847 0.8331415961538462 0.12078846153846154 0.8313440697115385 0.10587564903846153 0.8232552019230769 0.08084342548076923 0.8172634447115384 0.08776723317307693
6 0.7567467163461538 0.38176269471153845 0.7621392956730768 0.3822952956730769 0.7678314639423077 0.38762130048076926 0.7747219831730768 0.38495829807692306 0.7786166225961538 0.37643668990384616 0.7762199206730769 0.36738248076923075 0.765135173076923 0.35673047115384615 0.7588438317307692 0.3530022692307692 0.7498561971153846 0.3370242548076923 0.7405689759615384 0.347676264423077 0.7348768100961538 0.36631728125 0.7351763966346153 0.3801648942307692 0.741767329326923 0.39454510576923074 0.7465607331730768 0.3918821033653846 0.7516537235576923 0.3881539014423077 0.7567467163461538 0.38176269471153845
9 0.7492570216346154 0.9670906177884616 0.7465607331730768 0.9756122235576924 0.7477590841346153 0.9857316322115385 0.7519533125 0.9915902379807692 0.7603417692307691 0.9862642331730769 0.7612405336538461 0.9761448245192308 0.7567467163461538 0.9606994110576923 0.7492570216346154 0.9670906177884616
7 0.6429033653846153 0.9175587716346154 0.632118204326923 0.9074393629807692 0.6246285120192308 0.897319954326923 0.62043428125 0.9138305697115385 0.6210334591346154 0.9250151778846154 0.6315190288461537 0.9388627908653846 0.6420046009615384 0.9324715865384616 0.6453000673076923 0.9260803798076923 0.6429033653846153 0.9175587716346154