7 0.7258771923076923 0.45484080528846155 0.7197855745192308 0.5028002115384616 0.7250069615384616 0.5461183822115385 0.7371901971153847 0.5693245456730769 0.7650375937499999 0.5755128557692308 0.7754803677884615 0.5569479254807692 0.7885338341346154 0.5244592956730769 0.7911445288461538 0.48423527884615386 0.7928849903846154 0.4532937283653846 0.7885338341346154 0.4192580216346154 0.7746101370192308 0.4285404879807692 0.7650375937499999 0.4471054182692308 0.7554650504807692 0.4424641850961538 0.7458925096153847 0.43163464182692307 0.7258771923076923 0.45484080528846155
7 0.9129768870192307 0.4517466514423077 0.9164578100961538 0.4734057355769231 0.9321219711538462 0.47804696874999997 0.937343358173077 0.48268820192307693 0.9503968245192307 0.47649989182692304 0.9530075192307692 0.45484080528846155 0.9521372884615384 0.43627587500000004 0.9756335288461538 0.42699340865384616 0.9643205240384615 0.41461678846153843 0.9434349759615385 0.4099755552884616 0.9208089663461538 0.40842847836538465 0.9103661923076923 0.42389925480769236 0.9112364254807692 0.4440112620192308 0.9129768870192307 0.4517466514423077
7 0.9712823725961539 0.6482255024038461 0.9904274567307693 0.6652433557692308 0.9982595384615384 0.6652433557692308 0.9982595384615384 0.5832482427884615 0.9912976875 0.5817011658653846 0.9834656081730769 0.6002660985576923 0.9782442211538461 0.6018131754807692 0.9721526033653846 0.6265664158653846 0.9678014471153846 0.6343018028846154 0.9712823725961539 0.6482255024038461
7 0.8294346971153845 0.7998391033653847 0.8468393197115385 0.8214981899038462 0.8538011706730769 0.8122157235576922 0.86163325 0.7967449495192308 0.8692014375 0.7770314182692307 0.8583353100961539 0.7559577115384616 0.8390072403846154 0.739503079326923 0.8233430793269231 0.7209381466346154 0.8129003052884615 0.7503326225961539 0.8120300745192307 0.7766329399038461 0.8294346971153845 0.7998391033653847
7 0.5988234471153846 0.8648163629807691 0.6031746033653846 0.8849283701923076 0.6223196875 0.8895696033653846 0.6362433870192308 0.8926637572115385 0.6405945408653846 0.8849283701923076 0.6484266225961538 0.8864754471153845 0.6597396274038462 0.8586280504807693 0.6614800889423077 0.8477985096153847 0.6519075456730768 0.8292335769230769 0.6414647740384616 0.8307806562500001 0.6353731562499999 0.8416101971153847 0.6353731562499999 0.8555338966346154 0.6249303822115385 0.8354218870192308 0.610136451923077 0.8400631201923077 0.6005639086538461 0.8508926634615384 0.5988234471153846 0.8648163629807691
7 0.8522782644230769 0.4681882163461539 0.8667458581730769 0.4681882163461539 0.8697916658653846 0.45465128846153846 0.8804519975961539 0.4478828245192308 0.875883283653846 0.44111436057692305 0.8720760240384616 0.43434589663461537 0.8606542403846155 0.43569958894230765 0.8591313365384615 0.4126868100961539 0.8530397163461539 0.3964424951923077 0.8439022908653846 0.37884448798076925 0.8301961490384616 0.3910277235576923 0.8210587235576923 0.4099794230769231 0.8271503413461538 0.43434589663461537 0.8408564807692307 0.45465128846153846 0.8522782644230769 0.4681882163461539
7 0.9017726610576923 0.558885639423077 0.8949195913461538 0.5791910336538462 0.906341375 0.5967890408653846 0.9139558966346153 0.6049111971153847 0.9078642788461538 0.6130333557692308 0.9017726610576923 0.6346924399038462 0.9032955649038462 0.6482293701923076 0.906341375 0.6780106129807693 0.9139558966346153 0.6766569206730769 0.9307078461538462 0.6793643052884615 0.9581201274038461 0.6753032259615386 0.9558357692307692 0.6333387475961539 0.9535514134615385 0.6211555120192307 0.9649731971153847 0.6252165913461538 0.9657346490384615 0.6035575048076923 0.9535514134615385 0.5859594975961538 0.9428910817307692 0.5791910336538462 0.9329922019230769 0.5724225697115385 0.9246162283653846 0.5561782548076923 0.9078642788461538 0.5507634831730769 0.9017726610576923 0.558885639423077
8 0.9162402524038461 0.5480560961538461 0.9284234903846154 0.5575319471153846 0.9406067259615385 0.571068875 0.9520285096153847 0.5818984182692307 0.956597221153846 0.5697151826923077 0.956597221153846 0.5561782548076923 0.9383223677884616 0.5439950192307692 0.9192860625 0.5345191682692307 0.9109100865384616 0.5304580889423077 0.9086257307692308 0.5399339399038461 0.9162402524038461 0.5480560961538461
8 0.9741106225961539 0.4939083822115385 0.9649731971153847 0.5115063894230769 0.956597221153846 0.5263970120192307 0.9543128653846153 0.5507634831730769 0.9626888389423077 0.558885639423077 0.9741106225961539 0.5439950192307692 0.9832480504807692 0.5223359326923077 0.9931469302884615 0.4979694615384615 0.9901011201923077 0.4817251466346154 0.9832480504807692 0.4776640673076923 0.9741106225961539 0.4939083822115385
8 0.8004995120192308 0.5534708677884616 0.82410453125 0.5453487115384615 0.8347648629807692 0.5372265528846154 0.8309576033653846 0.5196285456730769 0.7974537043269231 0.5277507043269231 0.78527046875 0.5399339399038461 0.784509014423077 0.5494097908653847 0.7944078942307692 0.5494097908653847 0.8004995120192308 0.5534708677884616
8 0.7822246586538462 0.7050844711538461 0.7890777283653846 0.7050844711538461 0.7906006346153845 0.6901938485576923 0.798976608173077 0.6698884567307692 0.8020224182692307 0.6387535192307693 0.8050682259615385 0.61032596875 0.7867933725961538 0.6035575048076923 0.784509014423077 0.6252165913461538 0.7791788509615384 0.6549978341346154 0.7814632067307692 0.6861327692307693 0.7822246586538462 0.7050844711538461
8 0.7814632067307692 0.6157407403846153 0.7913620865384616 0.5859594975961538 0.784509014423077 0.5846058052884615 0.7685185192307693 0.6035575048076923 0.7517665697115384 0.6238628990384616 0.7593810913461538 0.6401072115384616 0.7677570673076922 0.6346924399038462 0.7814632067307692 0.6157407403846153
8 0.9025341129807691 0.7903671225961539 0.8675073100961538 0.802550358173077 0.8675073100961538 0.8201483653846153 0.8933966850961539 0.8093188221153846 0.90481846875 0.8011966634615385 0.9025341129807691 0.7903671225961539
8 0.9223318701923078 0.7605858774038462 0.8895894254807692 0.8282705216346155 0.8964424951923077 0.8458685288461538 0.9093871826923077 0.8242094423076923 0.9329922019230769 0.7727691129807692 0.9223318701923078 0.7605858774038462
8 0.7517665697115384 0.9352122596153846 0.7449134999999999 0.9162605576923077 0.7395833341346154 0.9081384014423077 0.7441520456730769 0.9514565745192307 0.7525280216346153 0.9771767379807692 0.7609039951923078 0.9663471947115384 0.7601425432692307 0.9595787307692307 0.7517665697115384 0.9352122596153846
8 0.7357760721153846 0.20421810576923077 0.7411062379807691 0.20827918509615387 0.7570967355769231 0.21910872836538461 0.7715643269230769 0.20692549278846156 0.7875548245192309 0.20151072115384616 0.7966922524038461 0.18932748557692308 0.8004995120192308 0.17714425 0.798976608173077 0.17172947836538463 0.7837475625000001 0.16766839903846156 0.7738486850961538 0.17714425 0.7593810913461538 0.18255902163461538 0.74339059375 0.19338856490384615 0.7357760721153846 0.20421810576923077
8 0.6702911802884616 0.1514240841346154 0.6832358677884615 0.15954624278846152 0.703795076923077 0.15548516346153846 0.7251157403846153 0.1514240841346154 0.7388218822115384 0.13517976923076921 0.7342531682692308 0.13517976923076921 0.7357760721153846 0.11622806971153846 0.7274000985576923 0.11216699038461539 0.7114096009615385 0.11622806971153846 0.6916118413461538 0.12028914903846154 0.6794286057692307 0.1311186923076923 0.6702911802884616 0.14330192788461538 0.6702911802884616 0.1514240841346154
8 0.9139558966346153 0.12028914903846154 0.9261391322115385 0.09456898317307692 0.9307078461538462 0.07967836298076923 0.9307078461538462 0.07290989903846154 0.9170017067307692 0.08509313461538462 0.907102826923077 0.10133744951923077 0.9010112091346154 0.11758176201923076 0.9032955649038462 0.12570392067307692 0.9139558966346153 0.12028914903846154
8 0.8774061899038461 0.08373944230769231 0.8728374759615385 0.07967836298076923 0.8614156923076923 0.08103205528846155 0.8598927884615384 0.09050790624999999 0.8682687620192309 0.0986300625 0.8774061899038461 0.0972763701923077 0.8774061899038461 0.08373944230769231
2 0.8667458581730769 0.37072232932692306 0.8766447379807693 0.35583170913461537 0.8880665216346154 0.3233430793269231 0.8941581394230769 0.3030376875 0.8880665216346154 0.30033030048076925 0.8796905456730768 0.31522092307692307 0.8705531177884616 0.33552631490384616 0.8598927884615384 0.35312432211538464 0.8568469783653847 0.36801494471153845 0.8667458581730769 0.37072232932692306
8 0.745674951923077 0.7971355865384615 0.7609039951923078 0.82285575 0.7685185192307693 0.8160872860576922 0.7685185192307693 0.7984892788461538 0.7563352836538461 0.7808912716346155 0.7418676899038462 0.7565248004807692 0.7312073581730769 0.7592321850961539 0.7327302620192307 0.7822449639423077 0.745674951923077 0.7971355865384615
8 0.7449134999999999 0.8458685288461538 0.7464364038461538 0.8255631370192307 0.74339059375 0.8011966634615385 0.7342531682692308 0.7781838846153846 0.7251157403846153 0.787659735576923 0.7258771923076923 0.8039040504807692 0.7312073581730769 0.835038985576923 0.7411062379807691 0.8512833004807692 0.7449134999999999 0.8458685288461538
8 0.6565850384615385 0.7727691129807692 0.6718140841346153 0.7795375793269231 0.6878045817307693 0.7795375793269231 0.6878045817307693 0.7619395721153845 0.6718140841346153 0.7551711057692307 0.6581079447115384 0.7551711057692307 0.6482090649038461 0.7565248004807692 0.6466861610576923 0.76735434375 0.6565850384615385 0.7727691129807692
8 0.7525280216346153 0.8756497716346154 0.7639498052884615 0.8729423870192308 0.7685185192307693 0.8675276153846153 0.7776559447115384 0.8594054591346154 0.7768944927884616 0.8512833004807692 0.7601425432692307 0.849929608173077 0.7494822115384616 0.8553443798076923 0.7411062379807691 0.86211284375 0.7441520456730769 0.8797108509615386 0.7525280216346153 0.8756497716346154
8 0.5652107692307692 0.15007039182692308 0.5682565793269231 0.14059454086538462 0.5743481971153847 0.11216699038461539 0.5674951274038461 0.10404483413461539 0.5598806033653847 0.11216699038461539 0.5568347956730769 0.1324723846153846 0.5515046298076923 0.15277777884615384 0.553788985576923 0.15819255048076922 0.5652107692307692 0.15007039182692308
8 0.54160575 0.15819255048076922 0.553788985576923 0.12705761298076923 0.5454130120192308 0.11352068509615384 0.5324683245192308 0.1460093125 0.5271381586538462 0.16089993509615383 0.527899610576923 0.17172947836538463 0.5355141322115384 0.16631470673076926 0.54160575 0.15819255048076922
8 0.5195236346153846 0.17443686298076924 0.5271381586538462 0.15413147115384615 0.5355141322115384 0.1365334639423077 0.5370370360576924 0.11893545673076923 0.5400828461538462 0.10675221875 0.527899610576923 0.10945960576923076 0.5233308966346154 0.12164284134615386 0.51419346875 0.14736300721153844 0.5058174951923077 0.16631470673076926 0.5195236346153846 0.17443686298076924
8 0.5644493173076923 0.08780051923076923 0.5621649615384615 0.07020251201923076 0.54160575 0.08103205528846155 0.5309454182692307 0.09592267788461539 0.5347526802884615 0.10269114182692309 0.5530275336538462 0.09592267788461539 0.5644493173076923 0.08780051923076923
8 0.5164778269230769 0.02959172596153846 0.4814510240384615 0.03636018990384615 0.4799281177884615 0.04583604086538462 0.48449683173076924 0.05801927644230769 0.5172392788461538 0.0512508125 0.5164778269230769 0.02959172596153846
8 0.435763889423077 0.03771388221153846 0.4281493653846154 0.024176954326923076 0.42053484375 0.013347411057692308 0.41139741826923076 0.02282326201923077 0.41748903605769233 0.044482348557692314 0.4258650096153846 0.059372968750000005 0.43195662740384616 0.052604504807692305 0.435763889423077 0.03771388221153846
8 0.4083516081730769 0.06614143269230768 0.42053484375 0.07426359134615385 0.42358065384615384 0.06478774038461538 0.4083516081730769 0.032299112980769235 0.3954069206730769 0.028238033653846153 0.39464546875 0.035006497596153846 0.392361110576923 0.0512508125 0.4083516081730769 0.06614143269230768
8 0.4281493653846154 0.22046242067307692 0.4380482451923077 0.20692549278846156 0.44566276923076925 0.19474225721153846 0.44337841105769227 0.18526640625 0.4304337235576923 0.1906811778846154 0.40911306009615384 0.21234026442307694 0.4068287043269231 0.22181611538461538 0.4121588701923077 0.2312919639423077 0.4281493653846154 0.22046242067307692
8 0.37484770913461535 0.5764836466346154 0.36875609134615384 0.5670077980769231 0.3550499519230769 0.6035575048076923 0.352004141826923 0.6265702836538461 0.3603801177884615 0.6333387475961539 0.3718019014423077 0.606264889423077 0.37484770913461535 0.5764836466346154
8 0.4525158389423077 0.4153941947115385 0.44718567307692303 0.39373511057692306 0.4403326033653846 0.4275774302884615 0.4410940552884615 0.4708956033653846 0.45480019471153843 0.46548083173076926 0.45784600480769233 0.4492365168269231 0.4525158389423077 0.4153941947115385
8 0.5309454182692307 0.5439950192307692 0.5309454182692307 0.5304580889423077 0.5134320168269231 0.51556746875 0.4982029735576923 0.5196285456730769 0.49972587740384616 0.5358728605769231 0.514954923076923 0.5412876322115385 0.5309454182692307 0.5439950192307692
8 0.3055555552884615 0.035006497596153846 0.30327119951923076 0.0038715625 0.28347343990384616 0.006578947115384616 0.2857577980769231 0.02011587740384615 0.29032650961538464 0.05801927644230769 0.29794103365384617 0.05801927644230769 0.3055555552884615 0.035006497596153846
0 0.12737573076923075 0.16766839903846156 0.14412768028846154 0.17172947836538463 0.15021929807692308 0.20151072115384616 0.13955896634615386 0.22858457932692305 0.15250365384615383 0.23264565625 0.16773269951923078 0.2177550360576923 0.1646868918269231 0.18932748557692308 0.15935672596153846 0.1460093125 0.15402656009615387 0.10269114182692309 0.12356846875 0.12299653365384616 0.07788133653846155 0.14194823557692307 0.09996344951923077 0.17985163461538461 0.1075779735576923 0.16496101442307692 0.12737573076923075 0.16766839903846156
0 0.32687621874999995 0.3463558581730769 0.35581140384615384 0.33552631490384616 0.3573343076923077 0.2989766081730769 0.35809575961538465 0.25159735817307693 0.33601364423076924 0.25430474278846155 0.3200231490384615 0.26919536538461536 0.3169773389423077 0.29491552884615385 0.3169773389423077 0.3504169375 0.32687621874999995 0.3463558581730769
0 0.22560306971153846 0.401857266826923 0.22788742788461538 0.37478340865384613 0.23093323557692308 0.34229478125 0.23093323557692308 0.3125135360576923 0.22103435576923078 0.29491552884615385 0.1860075528846154 0.30709876442307693 0.1860075528846154 0.3395873942307693 0.18067738701923078 0.3774907956730769 0.1829617451923077 0.41133311778846154 0.22560306971153846 0.401857266826923
0 0.03371710576923077 0.14465562019230768 0.003259014423076923 0.12705761298076923 0.001736110576923077 0.15277777884615384 0.011634990384615386 0.16225362740384613 0.03904727163461538 0.17985163461538461 0.04513888942307693 0.15819255048076922 0.03371710576923077 0.14465562019230768
13 0.049707603365384614 0.06343404807692307 0.07255117067307693 0.06614143269230768 0.09234892788461538 0.04718973317307692 0.09311037980769231 0.018762182692307693 0.08473440625 0.0038715625 0.061890838942307694 0.0011641754807692308 0.04666179326923077 0.013347411057692308 0.04057017548076923 0.03636018990384615 0.049707603365384614 0.06343404807692307
11 0.3215460528846154 0.10810591346153846 0.34438962019230773 0.10133744951923077 0.3542885 0.08509313461538462 0.3481968822115385 0.048543425480769224 0.3477095528846154 0.03573749278846154 0.3306834783653846 0.024176954326923076 0.3169773389423077 0.026884341346153844 0.2994639375 0.0512508125 0.29641812980769233 0.07967836298076923 0.30860136538461536 0.0999837548076923 0.3215460528846154 0.10810591346153846
13 0.06201267067307692 0.06714316586538462 0.08942495192307692 0.04873294230769231 0.0942982451923077 0.027073858173076924 0.08576998076923077 0.0032488629807692305 0.06079434615384616 0.0010829543269230768 0.043128653846153844 0.02165908653846154 0.043128653846153844 0.05198180528846154 0.06201267067307692 0.06714316586538462
7 0.38974171634615384 0.42668399278846153 0.4122807019230769 0.4277669495192308 0.42324561298076924 0.41802036057692304 0.42141812980769233 0.3573749182692308 0.4013157884615385 0.3400476490384615 0.38669590625 0.3378817403846154 0.3757309951923077 0.36495559855769233 0.3745126706730769 0.3779510504807692 0.3848684206730769 0.3941953653846154 0.38974171634615384 0.42668399278846153
7 0.45248537980769227 0.9205111538461538 0.4561403509615385 0.9443361490384615 0.4719785576923077 0.9248429711538461 0.4695419110576923 0.9010179759615385 0.47136939663461536 0.8847736634615385 0.46893274759615383 0.865280485576923 0.45735867548076925 0.8392895817307693 0.4506578942307692 0.8024691346153846 0.44273879086538465 0.8327918557692308 0.4372563365384616 0.8706952572115385 0.42872806971153843 0.8999350216346154 0.4451754375 0.8891054807692308 0.45248537980769227 0.9205111538461538
7 0.3757309951923077 0.8728611658653846 0.3848684206730769 0.8663634399038462 0.40070662740384616 0.86419753125 0.4116715408653846 0.8631145769230769 0.40497075961538465 0.8479532163461538 0.39766081971153844 0.8338748100961539 0.38791423076923076 0.8252111754807692 0.3678118918269231 0.8252111754807692 0.3617202740384616 0.8338748100961539 0.3702485384615385 0.8468702620192308 0.3757309951923077 0.8728611658653846
7 0.36293859615384616 0.8880225264423077 0.3702485384615385 0.8609486682692308 0.36050194951923076 0.8241282211538461 0.34161793269230767 0.8425384447115385 0.33308966826923075 0.8674463942307693 0.32456140384615384 0.89235434375 0.33187134615384617 0.9021009302884615 0.3495370360576923 0.9064327475961539 0.36293859615384616 0.8880225264423077
7 0.30933235817307697 0.89235434375 0.3172514615384615 0.9259259254807692 0.3361354783653846 0.9205111538461538 0.34161793269230767 0.9085986562499999 0.3239522427884615 0.8956032067307693 0.3300438605769231 0.8587827596153846 0.3209064326923077 0.8479532163461538 0.3324805072115385 0.823045266826923 0.32943469711538464 0.8165475408653846 0.3172514615384615 0.8327918557692308 0.31055068269230773 0.8587827596153846 0.30933235817307697 0.89235434375
4 0.3068957115384615 0.9400043317307692 0.3032407403846154 0.9237600168269231 0.3068957115384615 0.9172622908653847 0.3038499014423077 0.8977691129807692 0.29044834375 0.9085986562499999 0.2831384014423077 0.9194281995192307 0.28009259375 0.9378384230769231 0.3026315793269231 0.9443361490384615 0.3068957115384615 0.9400043317307692
4 0.2880116947115385 0.8771929831730769 0.27643762259615384 0.8858566177884615 0.27643762259615384 0.9118475192307692 0.28496588701923076 0.9161793365384615 0.2965399615384615 0.89452025 0.2880116947115385 0.8771929831730769
7 0.01998050721153846 0.778644141826923 0.002314814903846154 0.7656486899038462 0.002314814903846154 0.79163959375 0.015716375 0.7981373197115385 0.035209552884615386 0.8089668605769231 0.04191033173076923 0.7905566394230769 0.01998050721153846 0.778644141826923
11 0.13815789423076924 0.7017543870192308 0.15216861538461537 0.6746805288461538 0.15826023317307694 0.6356941730769231 0.15765107211538462 0.6064544086538461 0.1326754375 0.6086203173076923 0.11318226201923078 0.6129521346153847 0.10952729086538461 0.63461121875 0.11013645192307692 0.6876759807692309 0.13815789423076924 0.7017543870192308
7 0.23318713461538462 0.3075590216346154 0.24719785576923076 0.30106129567307693 0.2441520456730769 0.2729044831730769 0.24841618028846155 0.25341130528846156 0.23440545913461538 0.2555772139423077 0.22161306009615386 0.2501624423076923 0.21064814903846155 0.26640675721153845 0.21369395673076924 0.29023175240384613 0.23318713461538462 0.3075590216346154
7 0.18689083894230768 0.3313840144230769 0.17531676442307692 0.3086419759615385 0.16557017548076924 0.3227203822115384 0.15826023317307694 0.3367987860576923 0.15886939663461538 0.3454624206730769 0.17653508653846156 0.3541260552884615 0.18689083894230768 0.3313840144230769
2 0.3129873293269231 0.6335282644230769 0.34039961057692303 0.63461121875 0.34039961057692303 0.6270305384615384 0.32760721153846156 0.6151180408653846 0.3038499014423077 0.6064544086538461 0.2855750480769231 0.6042885 0.2843567259615385 0.6259475841346155 0.3129873293269231 0.6335282644230769
2 0.2648635480769231 0.4656703485576923 0.2423245625 0.46242148557692303 0.23562378125 0.4829976177884615 0.26973684134615383 0.49274420673076924 0.2679093557692308 0.4829976177884615 0.2648635480769231 0.4656703485576923
11 0.19420077884615386 0.4537578509615384 0.17592592548076924 0.43534762740384614 0.16252436538461537 0.4559237596153846 0.16374268990384613 0.4873294350961539 0.17775341105769232 0.4970760240384615 0.19054581009615384 0.49166125240384617 0.19541910336538462 0.47758284615384616 0.19420077884615386 0.4537578509615384
7 0.2503259831730769 0.06403772115384615 0.2626738581730769 0.06140350961538461 0.2839122019230769 0.05789122355769231 0.28490003124999996 0.04384208653846154 0.2789730528846154 0.01310960096153846 0.26613126201923076 0.010475387019230769 0.25822862259615387 0.013987670673076923 0.24933815384615385 0.03242716346153846 0.2503259831730769 0.06403772115384615
8 0.4172692427884615 0.1957483798076923 0.42714754326923077 0.19135802403846155 0.44147107692307697 0.17730888701923078 0.42220839182692305 0.16589396394230768 0.41430575240384615 0.15360096875 0.39998221875 0.16150360817307693 0.3994883052884616 0.1781869591346154 0.4029457091346154 0.1957483798076923 0.4172692427884615 0.1957483798076923
6 0.3609629375 0.2071633028846154 0.3688655769230769 0.23526157692307692 0.3817073653846154 0.2668721346153846 0.39356132451923076 0.30287304807692306 0.4093666033653846 0.3344836057692308 0.42418405288461536 0.3573134543269231 0.43455626682692305 0.34502045913461543 0.4236901370192308 0.32131254086538463 0.4068970288461538 0.291458125 0.39109174999999996 0.25106685576923077 0.37182906490384615 0.20189487740384615 0.36195076682692306 0.19487031009615385 0.3609629375 0.2071633028846154
2 0.5367966658653847 0.42053456971153846 0.5526019447115385 0.43194949278846156 0.5698889687500001 0.4477547716346154 0.5911273125000001 0.4574135528846154 0.5950786322115384 0.43546177644230766 0.5886577355769231 0.43019335096153843 0.5659376490384616 0.4196564975961538 0.5511201995192307 0.41351000240384617 0.540747985576923 0.40911964663461536 0.5367966658653847 0.42053456971153846
2 0.570876798076923 0.3704845192307692 0.5679133076923077 0.35116695673076925 0.5634680721153846 0.3248248245192308 0.5570471778846154 0.30814147355769234 0.5491445384615384 0.31516604326923076 0.5471688798076924 0.32745903846153845 0.5530958581730769 0.36345995192307695 0.5614924134615384 0.37838715865384615 0.570876798076923 0.3704845192307692
2 0.5926090552884615 0.3678503052884615 0.5886577355769231 0.3415081754807692 0.5822368413461538 0.30989761778846153 0.570876798076923 0.31428797115384616 0.5689011370192307 0.32043446875 0.5713707139423077 0.3625818798076923 0.5802611826923078 0.3757529471153846 0.5926090552884615 0.3678503052884615
2 0.46023984615384617 0.23613964903846155 0.47703295432692305 0.24316421634615384 0.4962956370192308 0.24579843028846152 0.4987652115384615 0.2378957908653846 0.4967895528846154 0.22121243990384618 0.47999644471153846 0.21418787259615385 0.4607337596153846 0.21682208413461537 0.44641022596153845 0.21418787259615385 0.44492848076923075 0.22472472596153845 0.46023984615384617 0.23613964903846155
7 0.5145704927884616 0.2493107139423077 0.5209913870192308 0.22209051201923075 0.5274122812500001 0.1887238125 0.4864173389423077 0.1667720360576923 0.48345384855769236 0.18345538461538463 0.476045125 0.21594401442307692 0.49925912740384615 0.24404228846153847 0.5145704927884616 0.2493107139423077
2 0.5782855216346154 0.2203343701923077 0.5703828822115384 0.22472472596153845 0.5852003317307692 0.25194492788461537 0.586682076923077 0.2598475673076923 0.596560375 0.28179934375 0.6069325913461538 0.2984826923076923 0.6163169759615384 0.2800432019230769 0.6113778245192308 0.2686282764423077 0.6029812716346153 0.2466765 0.5906333966346154 0.23526157692307692 0.5782855216346154 0.2203343701923077
2 0.5782855216346154 0.1957483798076923 0.5970542908653846 0.20804137500000003 0.6103899951923076 0.21506594230769233 0.61236565625 0.20628523317307693 0.6014995264423078 0.18960188221153845 0.5812490120192307 0.16501589423076923 0.5674193942307693 0.15623518269230768 0.558528923076923 0.1781869591346154 0.5782855216346154 0.1957483798076923
2 0.6094021658653846 0.2378957908653846 0.6094021658653846 0.22560279567307692 0.5837185865384615 0.19838259375 0.5723585432692307 0.20101680528846153 0.5733463725961538 0.22121243990384618 0.5945847163461538 0.22823700961538462 0.6094021658653846 0.2378957908653846
7 0.4543128653846154 0.3687283774038462 0.47308163461538466 0.37750908894230767 0.48295993269230764 0.34502045913461543 0.47851469951923076 0.3292151802884616 0.46023984615384617 0.3221906105769231 0.4503615456730769 0.33184939423076926 0.4380136706730769 0.34589853125 0.4543128653846154 0.3687283774038462
7 0.3066322908653846 0.10881934615384616 0.3041627163461538 0.1325272644230769 0.3160166754807693 0.16325974999999998 0.32046190865384616 0.17291853365384616 0.35503595673076926 0.14921061298076924 0.3654081706730769 0.12813690865384617 0.3752864711538461 0.08598949759615385 0.3693594903846154 0.060525437499999994 0.3520724663461538 0.055257012019230764 0.35404812740384617 0.0833552860576923 0.34219416826923077 0.1017947764423077 0.3254010600961538 0.10618513221153845 0.3130531850961538 0.1053070625 0.3066322908653846 0.10881934615384616
6 0.4676485697115385 0.03242716346153846 0.47703295432692305 0.025402596153846154 0.4962956370192308 0.012231528846153845 0.5056800216346153 0.004328889423076923 0.5058766009615385 0 0.48493559375 0.004328889423076923 0.4711059735576923 0.01310960096153846 0.46468507932692305 0.021012240384615386 0.4676485697115385 0.03242716346153846
6 0.44986762980769235 0.13077112259615384 0.4385075865384615 0.11760005528846153 0.42862928605769235 0.13955183173076924 0.43307452163461535 0.1571132548076923 0.44492848076923075 0.1737966033653846 0.45628852644230766 0.14745447115384616 0.44986762980769235 0.13077112259615384
4 0.41578749759615385 0.11760005528846153 0.4068970288461538 0.09916056490384614 0.3989943894230769 0.12286848317307693 0.4024517932692308 0.14042990384615386 0.41233009374999996 0.14745447115384616 0.41825707211538465 0.12901498076923076 0.41578749759615385 0.11760005528846153
3 0.42270230769230765 0.2493107139423077 0.4192449038461538 0.23262736538461537 0.4093666033653846 0.23877386057692307 0.40837877403846157 0.25282299759615384 0.4113422644230769 0.27038441826923076 0.4212205625 0.27038441826923076 0.42270230769230765 0.2493107139423077
6 0.45530069471153845 0.2721405625 0.4572763557692308 0.26423792307692306 0.4444345673076923 0.25896949519230766 0.42862928605769235 0.25896949519230766 0.4306049471153846 0.2686282764423077 0.4399893317307692 0.2686282764423077 0.45530069471153845 0.2721405625
8 0.49777738221153844 0.9535236995192308 0.48740516826923075 0.9728412620192307 0.4745633798076923 0.9991833942307693 0.49382606250000005 0.9991833942307693 0.5056800216346153 0.9614263389423077 0.49777738221153844 0.9535236995192308
4 0.32589497355769226 0.7357620769230769 0.3046566298076923 0.7445427884615385 0.3036688004807692 0.7770314182692307 0.30910186538461537 0.7875682692307693 0.32836454807692306 0.7656164927884616 0.32589497355769226 0.7357620769230769
2 0.21624585096153848 0.1957483798076923 0.2226667451923077 0.1755527451923077 0.2276058942307692 0.13779568990384614 0.21822151201923076 0.12638076682692306 0.2048858076923077 0.13077112259615384 0.20093448798076924 0.15535711057692309 0.19895882692307693 0.18696766826923075 0.20883712740384613 0.20277294951923078 0.21624585096153848 0.1957483798076923
13 0.12536549759615384 0.23701771875000002 0.11499328365384616 0.21770015625 0.10264540865384617 0.22560279567307692 0.09721234375 0.2378957908653846 0.11054804807692308 0.2598475673076923 0.11795677163461539 0.25370106971153844 0.12536549759615384 0.23701771875000002
6 0.2621799423076923 0.21945629807692307 0.2502436634615385 0.24258176201923076 0.26909475240384617 0.2598475673076923 0.27551564663461536 0.24579843028846152 0.27452781730769227 0.22999315144230767 0.2621799423076923 0.21945629807692307
6 0.26613126201923076 0.27653091586538464 0.2740339014423077 0.28794584134615386 0.2947783317307692 0.2791651298076923 0.3041627163461538 0.2791651298076923 0.3016931394230769 0.26599406490384614 0.2957661610576923 0.25282299759615384 0.2853939471153846 0.2545791418269231 0.2814426274038462 0.26248178125 0.2760095625 0.2686282764423077 0.26711909375 0.26950634855769234 0.26613126201923076 0.27653091586538464
9 0.11449936778846154 0.1096974158653846 0.10412715384615384 0.09740442307692308 0.09029753365384616 0.09564827884615384 0.08535838461538461 0.11672198557692307 0.09622451442307692 0.13077112259615384 0.10709064423076924 0.1272588389423077 0.11449936778846154 0.1096974158653846
7 0.021149439903846153 0.044720158653846154 0.00040500961538461535 0.04032980288461538 0.00040500961538461535 0.08159914182692307 0.006331990384615385 0.08774563942307692 0.02312509855769231 0.08950178125 0.02954599278846154 0.06228157932692308 0.021149439903846153 0.044720158653846154
7 0.15648213942307693 0.08774563942307692 0.17376916346153845 0.08686756971153847 0.1792022283653846 0.09740442307692308 0.1915501033653846 0.11584391346153847 0.19797099759615386 0.11233162980769232 0.20587363701923078 0.09389213701923077 0.20241623317307691 0.07457457451923076 0.21822151201923076 0.0824772139423077 0.2276058942307692 0.09916056490384614 0.24044768509615383 0.0921359951923077 0.24341117548076924 0.07106229086538461 0.2345207043269231 0.045598230769230766 0.21575193509615384 0.04032980288461538 0.20883712740384613 0.04384208653846154 0.2093310408653846 0.005206961538461539 0.1985916826923077 0 0.16586652403846153 0.006963103365384615 0.16784218509615384 0.05789122355769231 0.16290303365384615 0.07018421875 0.15648213942307693 0.08774563942307692
4 0.18463529326923078 0.0824772139423077 0.19500750721153848 0.05964736778846154 0.18117788942307692 0.044720158653846154 0.16537261057692307 0.06403772115384615 0.1594456298076923 0.07896493028846155 0.16092737499999998 0.08686756971153847 0.17574482451923076 0.08598949759615385 0.18463529326923078 0.0824772139423077
4 0.1638908653846154 0.033305235576923074 0.1683360985576923 0.05613508173076923 0.18414137740384615 0.03769559134615385 0.1742630793269231 0.018378026442307693 0.1638908653846154 0.033305235576923074
4 0.22118500000000002 0.11496584375 0.2226667451923077 0.09828249278846155 0.22118500000000002 0.07720878846153846 0.2048858076923077 0.07545264663461539 0.2048858076923077 0.08598949759615385 0.20537972115384615 0.11057548798076923 0.20982495673076923 0.11760005528846153 0.22118500000000002 0.11496584375
2 0.09474276923076924 0.05174472596153846 0.10116366346153846 0.029792951923076922 0.09671842788461538 0.02452452403846154 0.08535838461538461 0.05174472596153846 0.07548008653846154 0.07457457451923076 0.08190098076923077 0.08072107211538461 0.09474276923076924 0.05174472596153846
0 0.09721234375 0.0008166057692307692 0.050863362980769225 0 0.0334973125 0.002572747596153846 0.03003990865384615 0.012231528846153845 0.021643353365384612 0.03242716346153846 0.01621028846153846 0.04823244230769231 0.02460684375 0.049988584134615384 0.03942429326923077 0.05174472596153846 0.07202268028846154 0.06228157932692308 0.08288881009615384 0.0631596514423077 0.09474276923076924 0.02452452403846154 0.09671842788461538 0.018378026442307693 0.09721234375 0.0008166057692307692
2 0.6849711562499999 0.22823700961538462 0.67262328125 0.21945629807692307 0.6676841322115384 0.2273589375 0.6573119182692307 0.24492035817307695 0.6760806850961539 0.27126249038461536 0.6879346442307692 0.26950634855769234 0.6968251153846154 0.2791651298076923 0.7101608197115384 0.29760462259615383 0.7150999687499999 0.2809212716346154 0.7042338389423077 0.2721405625 0.7022581802884615 0.2598475673076923 0.6958372836538461 0.24843264423076925 0.6849711562499999 0.22823700961538462
2 0.6494092788461538 0.3037511201923077 0.6652145576923078 0.30901954567307693 0.6716354519230769 0.3160441153846154 0.6810198365384615 0.3248248245192308 0.7042338389423077 0.33009325 0.7042338389423077 0.30638533173076926 0.6795380913461538 0.291458125 0.6696597908653845 0.2932142668269231 0.6568180024038461 0.2905800528846154 0.6494092788461538 0.2923361947115385 0.6494092788461538 0.3037511201923077
2 0.6424944687499999 0.3379958894230769 0.6587936610576922 0.3309713221153846 0.6686719615384615 0.31955639903846156 0.6681780456730769 0.3107756875 0.6444701274038462 0.30901954567307693 0.6286648485576923 0.31692218509615383 0.6227378701923078 0.3257028966346154 0.6227378701923078 0.3423862451923077 0.6424944687499999 0.3379958894230769
2 0.6992946899038461 0.03593944951923077 0.6992946899038461 0.04911051442307693 0.7170756274038462 0.06403772115384615 0.72744784375 0.07457457451923076 0.7348565673076923 0.07281843269230769 0.7476983557692307 0.08423335576923076 0.7506618461538461 0.07281843269230769 0.7353504831730769 0.05876929567307692 0.7299174182692307 0.04823244230769231 0.7190512884615384 0.03593944951923077 0.7067034134615385 0.027158737980769232 0.6992946899038461 0.03593944951923077
2 0.7457226971153846 0.030671021634615384 0.7516496754807692 0.009597317307692308 0.737326141826923 0.010475387019230769 0.722014778846154 0.013987670673076923 0.722014778846154 0.033305235576923074 0.72744784375 0.03769559134615385 0.7383139711538462 0.033305235576923074 0.7457226971153846 0.030671021634615384
2 0.6721293653846154 0.12023426923076924 0.6765746009615385 0.12462462499999999 0.6844772403846153 0.12023426923076924 0.6943555408653845 0.10355091826923077 0.6988007740384615 0.0833552860576923 0.7067034134615385 0.06667193509615385 0.698306860576923 0.06755000721153846 0.6904042211538461 0.07457457451923076 0.6834894110576923 0.09037985336538462 0.6765746009615385 0.10355091826923077 0.6721293653846154 0.12023426923076924
8 0.766467125 0.13077112259615384 0.7768393389423077 0.12462462499999999 0.77535759375 0.10706320432692308 0.7565888245192307 0.11145355769230769 0.7412774615384615 0.11672198557692307 0.7417713774038461 0.1334053341346154 0.7511557620192307 0.13428340625 0.766467125 0.13077112259615384
4 0.7832602331730769 0.34589853125 0.7941263629807692 0.3371178197115385 0.8074620673076923 0.32131254086538463 0.8148707908653846 0.29672655048076924 0.8148707908653846 0.27565284615384616 0.7995594278846153 0.27565284615384616 0.7872115528846154 0.28267741346153846 0.7788149999999999 0.29584848076923076 0.7773332548076923 0.31780025721153843 0.7832602331730769 0.34589853125
7 0.7363383124999999 0.3362397475961538 0.7313991634615384 0.34677660096153845 0.7259660985576922 0.35467924038461535 0.7269539278846153 0.36345995192307695 0.7363383124999999 0.38365558653846155 0.7615279759615384 0.35906959615384615 0.7639975504807693 0.3379958894230769 0.75411925 0.32833710817307693 0.7501679302884615 0.3292151802884616 0.7506618461538461 0.3116537596153846 0.7437470360576923 0.31428797115384616 0.7363383124999999 0.3362397475961538
8 0.7936324471153846 0.27565284615384616 0.8040046634615384 0.27828706009615384 0.8069681514423077 0.26599406490384614 0.8000533437499999 0.2545791418269231 0.7842480649038461 0.23613964903846155 0.7763454254807692 0.2422861466346154 0.7852358942307693 0.26248178125 0.7936324471153846 0.27565284615384616
2 0.813389048076923 0.13955183173076924 0.8069681514423077 0.11496584375 0.795608108173077 0.10881934615384616 0.7906689591346154 0.11584391346153847 0.7921507043269231 0.14042990384615386 0.8049924927884615 0.15360096875 0.813389048076923 0.13955183173076924
2 0.7630097211538461 0.10706320432692308 0.7699245288461539 0.09916056490384614 0.7817784879807692 0.08862371153846153 0.7802967451923077 0.07457457451923076 0.7763454254807692 0.06403772115384615 0.7595523149038462 0.0833552860576923 0.7501679302884615 0.10091670673076923 0.75411925 0.11145355769230769 0.7630097211538461 0.10706320432692308
12 0.6163169759615384 0.7954709086538462 0.6197743798076923 0.8077639038461538 0.6252074447115384 0.8262033966346153 0.6296526778846154 0.8253253245192307 0.6252074447115384 0.8033735480769231 0.6227378701923078 0.7884463413461538 0.6192804639423077 0.7700068485576923 0.613353485576923 0.7770314182692307 0.6163169759615384 0.7954709086538462
6 0.5881638221153846 0.7928366971153846 0.5881638221153846 0.780543701923077 0.5822368413461538 0.7647384230769231 0.5723585432692307 0.7708849206730769 0.5590228389423078 0.7787875600961538 0.5624802427884615 0.8007393365384616 0.570876798076923 0.7989831947115384 0.5881638221153846 0.7928366971153846
5 0.7610340600961538 0.8744973052884616 0.7501679302884615 0.8797657307692308 0.7496740168269231 0.9113762884615385 0.7659732091346154 0.9043517211538461 0.7669610408653846 0.8955710096153846 0.7610340600961538 0.8744973052884616
5 0.7279417572115385 0.950889485576923 0.7318930769230769 0.9772316177884615 0.737326141826923 0.9754754759615385 0.7447348653846154 0.9658166947115384 0.7407835456730769 0.9447429879807692 0.7279417572115385 0.950889485576923
6 0.8074620673076923 0.844642889423077 0.7931385336538461 0.8235691826923077 0.7719001899038461 0.8683508076923078 0.7684427860576922 0.8823999447115385 0.7788149999999999 0.9025955769230769 0.7906689591346154 0.88503415625 0.8074620673076923 0.844642889423077
6 0.8677196923076923 0.7313717235576923 0.8598170528846154 0.7357620769230769 0.8627805432692307 0.7638603509615384 0.8914276129807692 0.7647384230769231 0.889451951923077 0.7304936514423077 0.8677196923076923 0.7313717235576923
4 0.6834894110576923 0.9974272524038461 0.6805259206730769 0.9728412620192307 0.6750928557692308 0.9605482668269231 0.6662023870192308 0.9561579134615384 0.6568180024038461 0.9763535456730769 0.6494092788461538 0.9947930384615385 0.6834894110576923 0.9974272524038461
11 0.693861625 0.83674025 0.7007764350961538 0.8534235985576923 0.7116425624999999 0.8815218725961539 0.7185573725961538 0.8920587259615385 0.7313991634615384 0.8832780144230769 0.7407835456730769 0.8613262379807692 0.7363383124999999 0.8437648173076924 0.7289295865384615 0.8244472548076923 0.7141121394230769 0.8024954783653846 0.6988007740384615 0.8226911129807692 0.693861625 0.83674025
9 0.6943555408653845 0.9131324302884616 0.7022581802884615 0.8841560865384616 0.6889224759615384 0.8560578125 0.6741050264423076 0.8551797403846154 0.6676841322115384 0.8683508076923078 0.6647206418269231 0.8885464423076923 0.6711415360576923 0.9078640048076922 0.6795380913461538 0.9166447139423077 0.6943555408653845 0.9131324302884616
5 0.6869468149038462 0.8859122283653846 0.6775624302884615 0.8692288774038462 0.6681780456730769 0.8797657307692308 0.6691658774038461 0.8876683701923077 0.6785502596153846 0.8990832932692308 0.6829954951923077 0.8964490817307692 0.6869468149038462 0.8859122283653846
11 0.6829954951923077 0.950889485576923 0.7012703485576923 0.9447429879807692 0.7067034134615385 0.9315719230769232 0.70275209375 0.8938148677884615 0.6928737956730769 0.8595700961538462 0.6790441754807692 0.8420086754807692 0.6597814927884615 0.8481551730769231 0.6518788533653846 0.863960451923077 0.6533605985576922 0.8903025841346154 0.6607693221153846 0.9306938509615384 0.6662023870192308 0.9544017692307692 0.6829954951923077 0.950889485576923
5 0.7630097211538461 0.5935145673076924 0.7506618461538461 0.5829777139423077 0.7427592067307691 0.6031733485576922 0.743253122596154 0.61546634375 0.7565888245192307 0.6181005576923078 0.7630097211538461 0.5935145673076924
10 0.6469397019230769 0.4899021826923077 0.6518788533653846 0.5057074615384616 0.6612632379807692 0.5004390360576922 0.6553362572115385 0.4811214735576923 0.6469397019230769 0.4899021826923077
4 0.5931029711538461 0.626881266826923 0.6143413149038461 0.6813216730769232 0.6489153629807694 0.6321496947115384 0.6755867716346154 0.5882461418269231 0.6879346442307692 0.5662943653846153 0.6859589855769231 0.5557575120192307 0.6563240865384615 0.5083416754807693 0.6375553197115384 0.49253639663461535 0.6118717403846154 0.5294153798076923 0.5861881610576923 0.5680505072115385 0.5758159471153846 0.5926364951923077 0.5931029711538461 0.626881266826923
5 0.68151375 0.5820996442307692 0.6894163894230769 0.59614878125 0.6978129447115384 0.5820996442307692 0.6889224759615384 0.57068471875 0.68151375 0.5820996442307692
10 0.6854650697115384 0.6066856322115385 0.6785502596153846 0.623368983173077 0.6820076658653846 0.6356619783653846 0.6874407307692307 0.6382961899038461 0.6918859639423077 0.6137102019230769 0.6854650697115384 0.6066856322115385
5 0.7057155841346153 0.6339058365384616 0.6904042211538461 0.6356619783653846 0.6889224759615384 0.6470769014423077 0.6973190288461539 0.6558576129807693 0.70275209375 0.6549795408653847 0.7057155841346153 0.6339058365384616
11 0.6953433701923076 0.6303935504807693 0.7057155841346153 0.6330277644230768 0.7042338389423077 0.6804436009615386 0.7101608197115384 0.7015173076923078 0.7210269471153846 0.7217129399038461 0.7407835456730769 0.7287375096153846 0.7481922716346154 0.7252252259615385 0.75411925 0.6997611658653846 0.758564485576923 0.7041515192307692 0.7728880192307692 0.7111760889423077 0.7778271682692307 0.7023953774038462 0.767454954326923 0.6760532451923077 0.7630097211538461 0.6628821802884615 0.7600462307692308 0.6514672572115384 0.7556009951923077 0.6444426875 0.7521435913461538 0.6312716225961539 0.7467105264423076 0.6242470528846155 0.7388078870192308 0.6137102019230769 0.7467105264423076 0.5882461418269231 0.7422652908653846 0.5733189326923077 0.72744784375 0.5654162932692308 0.7101608197115384 0.5785873581730769 0.698306860576923 0.6014172067307693 0.6933677091346154 0.6260031971153845 0.6953433701923076 0.6303935504807693
7 0.7397957163461538 0.7190787283653847 0.7481922716346154 0.7138103004807692 0.7556009951923077 0.6909804543269231 0.7536253365384616 0.6742971033653846 0.7467105264423076 0.6488330432692307 0.7323869927884614 0.6312716225961539 0.7155938822115384 0.6374181201923077 0.7086790745192307 0.6602479663461539 0.7106547331730769 0.6821997427884615 0.7165817139423076 0.7059076610576922 0.7397957163461538 0.7190787283653847
7 0.7783210841346153 0.7129322307692308 0.7556009951923077 0.6980050216346154 0.7521435913461538 0.7261032956730769 0.7600462307692308 0.7489331442307693 0.7704184447115385 0.7594699975961539 0.75411925 0.7489331442307693 0.7457226971153846 0.7542015697115385 0.7551070817307692 0.7770314182692307 0.7659732091346154 0.7858121274038462 0.7832602331730769 0.780543701923077 0.7906689591346154 0.7831779158653845 0.7961020240384615 0.7682507067307692 0.7862237235576923 0.7524454278846153 0.7847419783653845 0.7304936514423077 0.7783210841346153 0.7129322307692308
7 0.7906689591346154 0.8060077620192309 0.7847419783653845 0.7937147668269231 0.7738758485576922 0.7858121274038462 0.7689366995192307 0.791958625 0.7699245288461539 0.8112761875000001 0.7748636802884616 0.8226911129807692 0.7852358942307693 0.8165446153846154 0.7906689591346154 0.8060077620192309
7 0.68151375 0.6892243124999999 0.6805259206730769 0.7164445144230769 0.6908981346153846 0.7155664447115384 0.7086790745192307 0.7208348701923076 0.7037399230769231 0.6786874591346154 0.7002825192307692 0.6576137548076922 0.6978129447115384 0.6567356826923076 0.6810198365384615 0.6593698966346154 0.68151375 0.6892243124999999
5 0.694849454326923 0.7331278653846154 0.6953433701923076 0.7182006562500001 0.6849711562499999 0.7111760889423077 0.6775624302884615 0.7182006562500001 0.6780563461538461 0.7313717235576923 0.6844772403846153 0.7357620769230769 0.694849454326923 0.7331278653846154
6 0.673611110576923 0.8402525336538461 0.6711415360576923 0.8191788269230769 0.6548423413461539 0.7954709086538462 0.6420005528846153 0.7989831947115384 0.6420005528846153 0.8218130408653846 0.6459518725961538 0.8341060360576923 0.6637328124999999 0.8437648173076924 0.673611110576923 0.8402525336538461
11 0.07893749038461538 0.8463990312499999 0.09820017307692308 0.8437648173076924 0.10462106730769231 0.8279595384615385 0.09968191826923077 0.8121542596153847 0.09029753365384616 0.8051296899038461 0.07498617067307692 0.8139104014423076 0.06658961538461539 0.8288376105769231 0.07103485096153847 0.8411306033653846 0.07893749038461538 0.8463990312499999
11 0.9260016586538462 0.30462918990384613 0.9131598701923077 0.3739968028846154 0.946252173076923 0.4099977163461539 0.9610696225961538 0.3336055360576923 0.9260016586538462 0.30462918990384613
9 0.9274834038461539 0.2686282764423077 0.9284712355769231 0.291458125 0.9442765144230769 0.3055072620192308 0.9561304735576923 0.29584848076923076 0.9605757067307692 0.27038441826923076 0.9521791538461539 0.2545791418269231 0.931928639423077 0.2572133533653846 0.9274834038461539 0.2686282764423077
9 0.8830310576923076 0.08950178125 0.8924154423076923 0.07633071634615385 0.8998241658653847 0.05876929567307692 0.8929093557692307 0.04032980288461538 0.8840188870192307 0.035061377403846156 0.8731527572115384 0.04208594471153847 0.8682136081730769 0.06228157932692308 0.8711770985576923 0.07808685817307692 0.8830310576923076 0.08950178125
7 0.8030168317307692 0.041207875 0.7896811274038461 0.04735437259615384 0.7931385336538461 0.06491579326923078 0.7990655120192307 0.08072107211538461 0.8069681514423077 0.08159914182692307 0.8198099423076923 0.08423335576923076 0.8247490913461538 0.09389213701923077 0.8341334759615384 0.0824772139423077 0.8445056899038461 0.0833552860576923 0.8548779038461538 0.08072107211538461 0.8627805432692307 0.07106229086538461 0.8617927139423076 0.05350087019230769 0.8578413942307692 0.039451733173076924 0.8627805432692307 0.03242716346153846 0.8711770985576923 0.019256098557692305 0.8682136081730769 0.005206961538461539 0.8449996057692307 0.0008166057692307692 0.8316639014423076 0.0034508197115384613 0.8237612620192307 0.012231528846153845 0.8143768774038461 0.03154909375 0.8030168317307692 0.041207875
7 0.8040046634615384 0.11935619711538462 0.8119073028846154 0.1017947764423077 0.809931641826923 0.08598949759615385 0.7946202788461538 0.07545264663461539 0.7837541490384615 0.07281843269230769 0.7827663197115384 0.0947702091346154 0.7891872139423076 0.11057548798076923 0.8040046634615384 0.11935619711538462
6 0.8440117740384616 0.7445427884615385 0.8533961586538462 0.7357620769230769 0.8573474783653846 0.7155664447115384 0.8514204999999999 0.6769313173076923 0.8484570096153846 0.6620041105769231 0.8361091346153846 0.6216128413461538 0.8173403677884615 0.6356619783653846 0.8158586225961538 0.6558576129807693 0.8232673461538462 0.6892243124999999 0.8346273894230769 0.7296155817307692 0.8440117740384616 0.7445427884615385
7 0.8909336971153846 0.6593698966346154 0.8775979927884615 0.6400523341346154 0.8667318629807692 0.6488330432692307 0.852408329326923 0.6576137548076922 0.8563596490384615 0.706785733173077 0.8632744591346154 0.7225910120192308 0.8874762908653846 0.7182006562500001 0.8963667620192308 0.6944927379807692 0.8909336971153846 0.6593698966346154
6 0.5768037764423076 0.6058075625 0.5684072235576922 0.626881266826923 0.5624802427884615 0.6584918245192307 0.592115141826923 0.6813216730769232 0.6173048052884614 0.6944927379807692 0.6410127235576923 0.6918585264423077 0.6444701274038462 0.6760532451923077 0.6474336177884615 0.6435646177884615 0.6212561249999999 0.6734190336538461 0.6118717403846154 0.6804436009615386 0.6024873557692307 0.6558576129807693 0.5891516514423076 0.6260031971153845 0.5768037764423076 0.6058075625
4 0.5111130865384615 0.6031733485576922 0.5155583221153847 0.626881266826923 0.5303757716346154 0.6163444134615385 0.522967045673077 0.59614878125 0.5111130865384615 0.6031733485576922
6 0.17376916346153845 0.5785873581730769 0.18809269711538462 0.5741970048076923 0.19648925240384615 0.5557575120192307 0.21031887259615384 0.5434645168269231 0.2226667451923077 0.5373180192307692 0.23205112980769232 0.5004390360576922 0.22711198076923075 0.4890241105769231 0.2142701923076923 0.48463375721153845 0.2019223173076923 0.5048293918269231 0.1925379326923077 0.5267811658653846 0.18414137740384615 0.5232688822115384 0.17376916346153845 0.559269795673077 0.17376916346153845 0.5785873581730769
6 0.11202979326923077 0.5820996442307692 0.12388375240384615 0.5882461418269231 0.1307985625 0.5777092884615385 0.12388375240384615 0.5662943653846153 0.11499328365384616 0.5504890865384615 0.10116366346153846 0.541708375 0.09276710817307691 0.5355618774038462 0.08881578846153845 0.5452206586538462 0.09375493990384615 0.5601478677884615 0.10313932451923077 0.5777092884615385 0.11202979326923077 0.5820996442307692
6 0.049796507211538464 0.5733189326923077 0.0458451875 0.5891242115384615 0.05522957211538461 0.5777092884615385 0.0651078701923077 0.5680505072115385 0.07893749038461538 0.5662943653846153 0.06609570192307693 0.5557575120192307 0.07202268028846154 0.5478548725961538 0.07794966105769231 0.5329276634615385 0.08041923557692308 0.5100978173076923 0.06609570192307693 0.5338057355769231 0.05868697596153846 0.5425864471153846 0.05226608173076923 0.5540013701923077 0.05621740144230769 0.5654162932692308 0.049796507211538464 0.5733189326923077
12 0.08041923557692308 0.6014172067307693 0.09029753365384616 0.5812215721153846 0.09523668509615385 0.5803435024038461 0.09721234375 0.5750750745192308 0.09375493990384615 0.5645382235576923 0.08733404567307691 0.5759531466346154 0.07745574519230769 0.5882461418269231 0.07646791586538461 0.5996610649038462 0.08041923557692308 0.6014172067307693
4 0.42750974759615384 0.6162009975961538 0.43360136538461536 0.6086203173076923 0.42872806971153843 0.59021009375 0.4250730985576923 0.5837123677884615 0.41471734855769227 0.6032055456730769 0.41106237740384616 0.6140350865384615 0.41654483413461535 0.6237816754807692 0.42750974759615384 0.6162009975961538
6 0.5804093557692307 0.27723630048076925 0.573708576923077 0.27182152884615385 0.5694444447115384 0.2815681177884616 0.5755360625 0.30647606730769233 0.5816276802884615 0.2999783413461538 0.5804093557692307 0.27723630048076925
6 0.7844785576923077 0.13103747115384617 0.7686403509615385 0.13645224278846155 0.7686403509615385 0.14294996634615384 0.7741228076923077 0.1548624639423077 0.7869152043269231 0.14836473798076924 0.7844785576923077 0.13103747115384617
4 0.5 0.39636127403846155 0.48416179326923076 0.40394195432692304 0.48964424999999995 0.4256010384615384 0.501827485576923 0.4385964903846154 0.5085282644230769 0.42235217788461543 0.5 0.39636127403846155