8 0.62087421875 0.005265634615384615 0.6200482379807692 0.0017035889423076924 0.6156429999999999 0.0010841009615384614 0.6115130889423077 0.008517939903846155 0.6051805600961538 0.015022550480769229 0.6043545769230769 0.025089206730769233 0.6076585048076922 0.028806125 0.6090351418269231 0.03438150480769231 0.6123390721153846 0.03716919471153846 0.6153676730769231 0.041970213942307696 0.6200482379807692 0.04073124278846153 0.620598891826923 0.03546560576923077 0.6252794567307693 0.030354841346153846 0.6222508557692308 0.024005103365384615 0.6230768389423077 0.01672613701923077 0.6200482379807692 0.01037639903846154 0.62087421875 0.005265634615384615
6 0.02396449278846154 0.02539894951923077 0.020660564903846153 0.03314253125 0.05259853846153846 0.048165081730769235 0.061684343749999995 0.02865125480769231 0.049294610576923074 0.010995887019230769 0.04323740865384615 0.0010841009615384614 0.0022136322115384613 0.0012389735576923077 0.02479047596153846 0.013783576923076923 0.009096817307692307 0.017500495192307692 0.02396449278846154 0.02539894951923077
6 0.07710267548076924 0.15069010817307693 0.1079393389423077 0.1355126875 0.09444829807692308 0.12033526682692308 0.08068193028846153 0.12296808413461538 0.06581425240384615 0.10779066346153846 0.05149723076923077 0.09602041826923077 0.03470226201923077 0.08982555288461538 0.03029702403846154 0.09385221634615384 0.03800618990384615 0.09834349278846154 0.025341129807692306 0.10020195192307693 0.007169524038461538 0.10329938461538461 0.01157476201923077 0.1212644951923077 0.009922798076923077 0.1285434639423077 0.0016629783653846154 0.14046857932692308 0.021761875 0.14573421634615386 0.050395920673076924 0.15177420913461537 0.07765332932692307 0.16230548076923076 0.07792865624999999 0.15719471634615384 0.06939350961538461 0.15146446634615385 0.07710267548076924 0.15069010817307693
7 0.42263851682692305 0.08316607211538461 0.4091474759615385 0.08425017307692308 0.4207112259615385 0.08998042307692308 0.4474179807692308 0.09199375480769231 0.46421294951923076 0.07635171875 0.4220878629807692 0.06318762980769231 0.41768262500000003 0.07387377403846154 0.42429048076923076 0.07805530769230769 0.42263851682692305 0.08316607211538461
8 0.23789385576923075 0.18832391826923076 0.23183665384615385 0.1926603221153846 0.23514058173076924 0.1960675 0.24174843990384615 0.19513826923076924 0.2541381706730769 0.1943639110576923 0.2654265913461539 0.18832391826923076 0.2877281081730769 0.1813546923076923 0.2838735264423077 0.17407572596153847 0.27588903124999997 0.1692747043269231 0.27038248557692307 0.17128803605769233 0.2632239735576923 0.17593418509615383 0.2516602235576923 0.18089007932692308 0.24340040384615386 0.18290340865384616 0.23789385576923075 0.18832391826923076
8 0.8188605697115385 0.15964636538461538 0.8150293629807692 0.16162901442307692 0.8095124254807692 0.16637013221153846 0.8138033774038462 0.16981821634615385 0.8243775048076922 0.16938720673076924 0.8347983870192308 0.16421507692307694 0.8398555793269231 0.16231862980769232 0.8403153245192307 0.160077375 0.8426140480769231 0.15930155528846154 0.8407750673076924 0.15671549278846156 0.8387828413461539 0.15740510817307693 0.8335724014423077 0.15499144951923077 0.8265229807692307 0.15731890625 0.8188605697115385 0.15964636538461538
7 0.5905206754807693 0.11904515624999999 0.5902141802884615 0.12723436057692308 0.5966506057692308 0.1310272548076923 0.5945051298076923 0.13749241346153845 0.6004818125 0.1362855841346154 0.6161131346153846 0.12283805048076922 0.615346891826923 0.1162866875 0.6067649903846154 0.10490800480769231 0.596190860576923 0.09913246153846153 0.5886816971153845 0.10223573798076924 0.5905206754807693 0.11904515624999999
4 0.8564063894230769 0.1847311875 0.8498167139423077 0.1865414326923077 0.8513491971153846 0.19136875240384615 0.8516556947115385 0.1955064543269231 0.850736204326923 0.20378186057692307 0.850736204326923 0.2060231153846154 0.8610038365384616 0.20895398798076922 0.8634558100961538 0.19274798557692308 0.8642220504807692 0.18886888942307692 0.867133766826923 0.18516219711538462 0.8564063894230769 0.1847311875
9 0.8957911899038462 0.19042052884615385 0.8861365504807692 0.1906791346153846 0.8798533725961538 0.19395481730769232 0.8798533725961538 0.19826492307692306 0.8842975721153846 0.20274743509615384 0.8905807499999999 0.2039542644230769 0.9005418870192308 0.20136819951923077 0.9025341129807691 0.19516164663461538 0.8957911899038462 0.19042052884615385
8 0.9023808653846154 0.1946444326923077 0.9023808653846154 0.20041997596153843 0.9060588221153847 0.2039542644230769 0.9114225120192307 0.20860918028846154 0.916479704326923 0.20636792548076924 0.9095835336538461 0.1924031778846154 0.9023808653846154 0.1946444326923077
7 0.9017678725961538 0.20162680769230767 0.8934924663461538 0.20378186057692307 0.8895080120192307 0.20550590384615383 0.886443045673077 0.21041942548076922 0.8869027908653847 0.21386750961538462 0.8819988485576923 0.21550535096153847 0.8801598677884616 0.2184362235576923 0.8770949038461539 0.21921204326923077 0.8847573173076922 0.2261082139423077 0.8944119567307692 0.22093608653846156 0.8996223966346153 0.22059127884615387 0.9083575456730769 0.21524674519230771 0.9117290072115385 0.20912639423076923 0.9062120721153846 0.2041266682692308 0.9017678725961538 0.20162680769230767
8 0.8055279711538461 0.2199016610576923 0.8099721706730769 0.2221429158653846 0.8180943269230769 0.22748744951923075 0.8308139326923077 0.23429741826923076 0.8378633509615384 0.22903908653846153 0.8378633509615384 0.22740124759615382 0.8246840024038461 0.2220567139423077 0.8188605697115385 0.22102228846153846 0.8145696177884615 0.21912584134615384 0.8115046538461539 0.21860862740384615 0.8061409639423077 0.21774660817307692 0.8043019855769231 0.21860862740384615 0.8055279711538461 0.2199016610576923
8 0.8602375961538461 0.20791956250000002 0.8511959495192307 0.2062817235576923 0.8450660192307692 0.20585071153846152 0.8403153245192307 0.209385 0.845372516826923 0.2103332235576923 0.845372516826923 0.21429852163461538 0.847977735576923 0.2143847235576923 0.8560998942307693 0.21593636298076924 0.8611570865384616 0.21300549038461536 0.8602375961538461 0.20791956250000002
7 0.3237154735576923 0.1924893798076923 0.31973101923076924 0.18886888942307692 0.31789203846153846 0.18093829326923078 0.30762440625000004 0.17749020673076923 0.29965549759615384 0.1783522283653846 0.29674378125 0.1768867932692308 0.30149447596153844 0.17542135576923076 0.29796976682692305 0.1728352908653846 0.28862162259615387 0.1755075576923077 0.28601640384615384 0.18240372836538463 0.27544227403846155 0.18559320913461536 0.2746760336538462 0.19145495432692308 0.26762661298076923 0.19481683653846152 0.26869935096153846 0.19723049759615385 0.26410190384615384 0.19869593509615385 0.26241617307692305 0.2048162860576923 0.2642551514423077 0.20826437259615385 0.27421628846153845 0.20817816826923077 0.2812657067307692 0.21541914903846154 0.2795799783653846 0.21972925721153846 0.2935255673076923 0.2263668221153846 0.30624517307692306 0.22041887259615384 0.31314134374999997 0.21240207451923077 0.3136010889423077 0.20507489182692307 0.31574656490384617 0.198351125 0.3201907644230769 0.19361000721153848 0.3237154735576923 0.1924893798076923
13 0.8366286081730769 0.23196010817307694 0.836396545673077 0.24279448557692307 0.8380209783653847 0.25532581490384615 0.8628515745192308 0.2677266081730769 0.8665645600961539 0.2666823317307693 0.860995079326923 0.2549342115384615 0.8777035192307692 0.25127924038461535 0.8712057932692308 0.243316625 0.8663324975961538 0.24135860576923077 0.8709737307692307 0.23117690144230768 0.8670286826923077 0.227783 0.8366286081730769 0.23196010817307694
7 0.8008911177884616 0.24723266586538462 0.7841826778846154 0.25154031009615385 0.7809338173076923 0.25362886298076925 0.7925368966346155 0.26864035096153843 0.7964819447115384 0.2678571418269231 0.8159751225961538 0.26485484615384614 0.8085491514423077 0.24958228846153846 0.8008911177884616 0.24723266586538462
13 0.7507658028846154 0.24135860576923077 0.7414833389423077 0.2414891394230769 0.7421795216346154 0.24553571394230772 0.748213125 0.24736319951923078 0.7584238365384616 0.24462197115384615 0.7507658028846154 0.24135860576923077
2 0.6465701298076922 0.23013262259615383 0.6486586826923078 0.22190893990384616 0.6451777596153847 0.21968984855769233 0.634502923076923 0.2212562668269231 0.6280051971153846 0.22256161298076924 0.6291655072115384 0.23378759375 0.6354311706730769 0.23548454567307694 0.6416968341346153 0.23822577403846154 0.6465701298076922 0.23013262259615383
8 0.8860577379807691 0.27803884615384616 0.8876821682692307 0.2755586875 0.8860577379807691 0.2712510432692308 0.8816485649038461 0.2698151634615385 0.8767752716346154 0.26485484615384614 0.8719019783653846 0.2604166658653846 0.8672607451923077 0.26028613221153846 0.8665645600961539 0.2635494975961538 0.8654042524038462 0.26707393509615385 0.8619233269230769 0.26903195432692306 0.8630836346153846 0.27033730048076926 0.8665645600961539 0.27281746153846154 0.8716699158653847 0.27229532211538465 0.8730622860576923 0.27595029326923076 0.8737584711538461 0.2802579375 0.8807203197115385 0.28078007451923076 0.8821126899038462 0.2814327475961539 0.8865218605769231 0.2794747283653846 0.8860577379807691 0.27803884615384616
6 0.9979114447115385 0.23913951442307693 0.9897892884615385 0.22621658413461537 0.9816671298076923 0.23209064423076922 0.9851480552884616 0.23848684134615386 0.9923419663461538 0.2562395576923077 0.9990717524038462 0.25349832932692307 0.9979114447115385 0.23913951442307693
0 0.9046051009615385 0.22541413221153844 0.9125007451923076 0.23262214423076924 0.9214318822115384 0.22417639423076924 0.9134068004807693 0.2150753701923077 0.9046051009615385 0.22541413221153844
0 0.9189725817307692 0.23284056730769231 0.9214318822115384 0.22512289903846155 0.9078410216346153 0.2259965985576923 0.9070643990384616 0.22818084375 0.9058994687499999 0.23378707451923075 0.9189725817307692 0.23284056730769231
0 0.9066760889423077 0.22803522836538462 0.9218201923076923 0.2282536514423077 0.9247972379807692 0.2281080360576923 0.9269976634615384 0.21296393269230768 0.9123713076923077 0.21289112500000001 0.9066760889423077 0.22803522836538462
0 0.9013691826923077 0.22250180528846153 0.9055111586538461 0.2392476875 0.9286803413461538 0.22497728365384614 0.9175487788461538 0.2101972235576923 0.9013691826923077 0.22250180528846153
0 0.9049934110576923 0.23742748317307694 0.9000748149038462 0.22272023076923078 0.8955445264423076 0.22767118749999998 0.9011103076923077 0.23800994951923077 0.9049934110576923 0.23742748317307694
9 0.8656402451923076 0.24144488942307693 0.8744507211538461 0.24431001682692305 0.883674189903846 0.24268386298076922 0.8864274615384615 0.23261720673076924 0.8788559591346154 0.22913259375 0.8715597836538461 0.23075874759615383 0.8656402451923076 0.24144488942307693
7 0.3611360120192308 0.24397596875000002 0.33599882451923074 0.22356682451923077 0.31773879086538465 0.23343791346153847 0.32129593990384614 0.23824006490384614 0.3262759495192308 0.24024096153846156 0.32556451923076923 0.24290882211538461 0.33007024278846153 0.2502454423076923 0.3326788173076923 0.2542472355769231 0.3345759639423077 0.2594495673076923 0.33576168028846154 0.26491868269230767 0.34097883173076926 0.26691957932692306 0.36493030288461537 0.25411384375 0.3611360120192308 0.24397596875000002
11 0.4156789639423077 0.22850237019230768 0.4012132259615384 0.22610129326923076 0.3910160649038461 0.22716843750000001 0.3888817740384616 0.22796879567307693 0.3891189182692308 0.23063665865384617 0.4211332596153846 0.25144598076923075 0.4427132980769231 0.2431756081730769 0.4315675649038461 0.23343791346153847 0.4156789639423077 0.22850237019230768
0 0.8099415216346154 0.35384685576923075 0.8278102668269232 0.3495065793269231 0.8310591298076923 0.3657255120192308 0.8351202067307693 0.373263889423077 0.8529889543269231 0.37075109615384616 0.8538011706730769 0.34219663701923075 0.8468973365384616 0.3236933485576923 0.8095354134615385 0.3252923966346154 0.8087231971153847 0.3314601610576923 0.8099415216346154 0.35384685576923075
0 0.8290285889423077 0.3661823822115385 0.8257797259615385 0.3497350144230769 0.7973521778846154 0.35955774759615383 0.7997888245192308 0.3700657884615385 0.8038499014423077 0.3728070168269231 0.8079109807692307 0.3762335528846154 0.8107537355769231 0.3762335528846154 0.8131903822115384 0.3780610384615385 0.8099415216346154 0.3817160096153846 0.8083170889423077 0.3924524855769231 0.8217186490384615 0.4034173966346154 0.848927875 0.39290935576923075 0.8452729038461538 0.39016812980769233 0.8290285889423077 0.3661823822115385
2 0.8333060072115385 0.3229696129807692 0.8378604879807692 0.32314040625 0.8621510504807692 0.2756599447115385 0.8588110985576923 0.2751475649038462 0.8333060072115385 0.3229696129807692
2 0.8029428028846154 0.2637044326923077 0.7974774254807693 0.2642168125 0.7996028485576924 0.28778625 0.8002101129807693 0.35712821875 0.8059791225961538 0.3557618725961538 0.8029428028846154 0.2637044326923077
2 0.8005137451923077 0.35029649759615383 0.8044609615384615 0.3470514302884615 0.7719723341346154 0.28846942067307696 0.7665069567307692 0.29034814423076927 0.8005137451923077 0.35029649759615383
2 0.7980846899038462 0.28846942067307696 0.794744735576923 0.2881278341346154 0.7989955841346154 0.3383409855769231 0.8044609615384615 0.34414794711538466 0.7980846899038462 0.28846942067307696
2 0.6389814975961539 0.3169918557692308 0.6386778653846155 0.32416516346153845 0.6468759302884616 0.3272394375 0.6726846538461538 0.3257023004807692 0.6796681899038461 0.3221156466346154 0.6833117764423077 0.3198953389423077 0.6778463990384616 0.3134052019230769 0.6672192764423077 0.30998934134615386 0.6520376754807693 0.30998934134615386 0.6441432403846155 0.3101601346153846 0.6423214495192308 0.31306361778846153 0.6389814975961539 0.3169918557692308
8 0.6092028701923077 0.3234859182692308 0.6052818293269231 0.3231708341346154 0.6043482475961539 0.32600658653846154 0.6082692908653846 0.32747697836538464 0.6131239134615385 0.3298926201923077 0.6258206177884615 0.33167809374999996 0.6435586634615384 0.3336736225961538 0.64635940625 0.32800211778846156 0.6426250817307693 0.32600658653846154 0.6280612139423076 0.3242211129807692 0.6149910745192307 0.3231708341346154 0.6118168990384615 0.3232758629807692 0.6092028701923077 0.3234859182692308
10 0.6133106298076924 0.3240110576923077 0.6103231682692308 0.32054513701923076 0.5974397475961538 0.3174993269230769 0.5931452716346154 0.3180244663461539 0.5899710961538461 0.31970491346153845 0.5894109471153846 0.3222255841346154 0.593705420673077 0.32516636538461535 0.6009873557692308 0.32800211778846156 0.6026678028846153 0.3295775360576923 0.6093895865384615 0.3286322836538461 0.6133106298076924 0.3240110576923077
7 0.6428117980769231 0.33440881971153846 0.6310486730769231 0.33241328846153845 0.6207792788461538 0.3313630096153846 0.6177918197115384 0.3361942932692308 0.6161113725961538 0.3420758557692307 0.6170449543269231 0.3448065817307692 0.6265674831730769 0.34606691586538463 0.6342228485576923 0.34953283653846157 0.6379571754807691 0.3573048990384615 0.6545749206730769 0.35215853365384614 0.6627904375 0.34585686057692305 0.6672716274038462 0.3429160793269231 0.6616701394230768 0.3380847956730769 0.6517741778846153 0.3359842379807692 0.6428117980769231 0.33440881971153846
4 0.703868014423077 0.32096524759615386 0.7111499471153846 0.32243563942307696 0.7148842740384616 0.3198099423076923 0.7169381514423077 0.31077754326923074 0.7107765144230769 0.309202125 0.7048015961538462 0.3087820120192308 0.6999469735576922 0.3103574302884615 0.6984532427884615 0.3120378774038462 0.6965860793269231 0.3152937427884615 0.7021875673076923 0.31833955048076923 0.703868014423077 0.32096524759615386
7 0.8887171105769232 0.2704468317307692 0.8883436778846154 0.27790381009615384 0.8855429326923077 0.2821049278846154 0.8885303942307693 0.28872168509615387 0.8847960697115386 0.2900870480769231 0.8836757716346154 0.285675875 0.8758336875 0.28662112740384615 0.8726595120192309 0.29302782932692306 0.8765805528846153 0.30573620432692306 0.8754602548076923 0.31382335096153846 0.8805015937499999 0.3156088245192308 0.8984263557692308 0.3018501706730769 0.9062684375000001 0.29271274519230767 0.8995466538461538 0.28273509375 0.8887171105769232 0.2704468317307692
13 0.8831156225961538 0.31634402163461534 0.8872233798076923 0.32579653125 0.8959990432692307 0.32600658653846154 0.8993599375 0.32096524759615386 0.9012270985576923 0.3120378774038462 0.9114964927884616 0.3094121802884615 0.9174714134615385 0.3025853677884615 0.9002935168269232 0.3019551995192308 0.8851694999999999 0.31277307211538463 0.8831156225961538 0.31634402163461534
7 0.9217658870192308 0.2894568798076923 0.9221393197115385 0.29428816346153847 0.9439851225961539 0.29302782932692306 0.9497733269230769 0.28914179567307696 0.9443585552884616 0.2841004567307692 0.9518272043269231 0.2816848149038461 0.9426781081730768 0.27811386778846153 0.9357696081730769 0.2780088389423077 0.9277408076923077 0.27842894951923075 0.9193385769230769 0.27989934134615385 0.9137370889423077 0.2836803461538462 0.9217658870192308 0.2894568798076923
6 0.9124300745192309 0.3098322908653846 0.9025341129807691 0.3129831274038462 0.9010403822115385 0.3181294951923077 0.9006669495192308 0.3254814471153846 0.9008536658653846 0.3323082620192308 0.9107496274038461 0.3377697115384616 0.9329688629807692 0.32611161538461536 0.9208323052884615 0.3097272644230769 0.916724548076923 0.30741664903846155 0.9124300745192309 0.3098322908653846
0 0.9484663125 0.3109875985576923 0.9548146658653847 0.32023005288461537 0.9619098822115385 0.32852725721153847 0.9798346442307693 0.3369294879807692 0.9886103076923077 0.33440881971153846 0.9891704567307692 0.32285575000000005 0.9678848028846154 0.31455854567307695 0.9600427211538461 0.3023753100961538 0.9550013822115384 0.30447586778846153 0.9484663125 0.3109875985576923
8 0.8523074399038462 0.2634099615384615 0.8483863990384616 0.2625697379807692 0.846519235576923 0.26603565865384615 0.844278639423077 0.26750605048076925 0.8455856538461538 0.27380772355769234 0.8470793846153846 0.2788490625 0.8549214663461538 0.2796892860576923 0.8552948990384616 0.26981666346153843 0.8523074399038462 0.2634099615384615
6 0.9344625937500001 0.27317755528846155 0.9256869302884615 0.2766434759615385 0.9275540913461539 0.27821889423076923 0.9641504783653846 0.2750680576923077 0.9639637620192307 0.26551051923076924 0.9432382572115384 0.26845130048076926 0.9436116899038461 0.27191722115384614 0.9413710937499999 0.2734926394230769 0.9344625937500001 0.27317755528846155
6 0.8864765144230768 0.2561630360576923 0.8896506923076923 0.2626747668269231 0.8969326249999999 0.26561554807692306 0.900480233173077 0.26015409615384616 0.9154175336538461 0.2501764471153846 0.9178448461538462 0.24145913221153847 0.9081356009615384 0.24229935576923076 0.8963724759615384 0.24566024759615385 0.8946920312500001 0.24986136298076925 0.8864765144230768 0.2561630360576923
6 0.8999200865384616 0.2811596754807692 0.9243799158653846 0.2776937548076923 0.9335290120192308 0.2711820264423077 0.9335290120192308 0.2638300721153846 0.9292345384615385 0.26015409615384616 0.9372633365384615 0.25742337259615383 0.9144839543269231 0.25175186538461536 0.900480233173077 0.2646702956730769 0.8991732211538461 0.2670859375 0.8954388942307693 0.2754881706730769 0.8999200865384616 0.2811596754807692
1 0.3109201899038462 0.2425366394230769 0.24193199038461538 0.23306079086538461 0.23391010576923074 0.24772579567307693 0.14526829086538462 0.26193957211538466 0.18377333413461538 0.32511190625 0.27762937259615383 0.33255721634615387 0.2696074903846154 0.3156360552884615 0.27803046634615386 0.30728828125 0.27281624278846156 0.3016478966346154 0.2651954543269231 0.29781243269230767 0.2740195264423077 0.2757021153846154 0.2976840817307692 0.2779582692307692 0.30971690865384616 0.27750703846153846 0.3137278485576923 0.2831474254807692 0.3217497331730769 0.28021442548076925 0.3109201899038462 0.2425366394230769
8 0.28605235096153847 0.3573749182692308 0.2800359375 0.35331383894230767 0.2672009230769231 0.35331383894230767 0.2599812283653846 0.35624684134615386 0.2639921706730769 0.36459461298076923 0.2672009230769231 0.3761010024038462 0.26359107692307693 0.3864793149038462 0.27281624278846156 0.39437585817307697 0.27241514903846153 0.3975344735576923 0.2816403149038461 0.39843693509615385 0.2832446923076923 0.39234531730769234 0.28845891586538464 0.38535123798076926 0.28645344471153844 0.3767778509615385 0.2852501634615385 0.37023500000000004 0.28605235096153847 0.3573749182692308
6 0.40477623076923075 0.3711374639423077 0.4188145264423077 0.38760739182692305 0.5130716586538462 0.3774546971153846 0.510264 0.3749729254807692 0.47416552403846157 0.3675276153846154 0.4472922139423077 0.3677532307692308 0.40477623076923075 0.3711374639423077
6 0.4743709615384616 0.40278966346153844 0.47727644951923076 0.4085841298076923 0.4815026129807692 0.4105156177884615 0.4912756153846154 0.40546403365384615 0.4899549375 0.40234393509615385 0.4791253942307692 0.39714377403846157 0.47357855769230767 0.39298364423076926 0.46908825721153846 0.39120073317307696 0.46486209375 0.39194361298076924 0.46618277163461536 0.3953608605769231 0.46618277163461536 0.3992238389423077 0.4743709615384616 0.40278966346153844
7 0.5728933894230769 0.3279073365384615 0.5607431706730769 0.32642157451923076 0.5544039254807692 0.33355322596153847 0.5557246009615384 0.3429135168269231 0.5596866298076922 0.35479960096153845 0.5686672259615384 0.35613678605769233 0.571308579326923 0.3585140024038462 0.5824022572115385 0.3567310889423077 0.5845153389423077 0.35034231971153845 0.5802891754807692 0.3497480144230769 0.581873985576923 0.34469643028846153 0.5800250408653846 0.3384562355769231 0.5728933894230769 0.3279073365384615
7 0.5699879014423077 0.35806827403846153 0.5617997115384615 0.35479960096153845 0.5596866298076922 0.3490051346153846 0.55308325 0.34246778846153847 0.546215735576923 0.3421706370192308 0.5348579206730769 0.3423192115384615 0.5330089759615384 0.3449935817307692 0.5353861923076922 0.3493022860576923 0.5427819783653847 0.3564339375 0.5430461129807692 0.3631198581730769 0.5549321971153847 0.37010293269230765 0.5686672259615384 0.37158869471153844 0.5726292548076923 0.3657942283653846 0.5710444423076922 0.3613369471153846 0.5699879014423077 0.35806827403846153
4 0.13654204807692308 0.31156397115384615 0.12914626201923077 0.31542694711538466 0.1257125048076923 0.32047853365384615 0.1257125048076923 0.3287987932692307 0.13416483173076924 0.3418734855769231 0.1505412139423077 0.3298388245192308 0.16401210817307693 0.32166714182692313 0.16189902644230772 0.3173584375 0.15608805288461539 0.3124554278846154 0.15450324038461538 0.3082952980769231 0.13891926442307692 0.3077009927884615 0.13654204807692308 0.31156397115384615
7 0.7165277860576923 0.3265374975961538 0.704924704326923 0.3293490144230769 0.7047461947115384 0.33125682692307695 0.6942141682692308 0.33577533653846153 0.698676891826923 0.33858685096153845 0.7013545264423077 0.3423020697115385 0.7042106682692307 0.34712181009615384 0.707959358173077 0.3462181105769231 0.7140286610576924 0.3441094735576923 0.7238466538461539 0.3447119399038462 0.7349142091346154 0.3469209879807692 0.7413405312500001 0.3422016586538461 0.7356282451923076 0.33497204567307687 0.7272383245192308 0.3295498365384616 0.7165277860576923 0.3265374975961538
7 0.9805425240384615 0.3555563581730769 0.9705460240384615 0.3542510120192308 0.9739376923076922 0.36077774519230765 0.9787574350961539 0.36790694711538463 0.9810780504807692 0.3738312115384615 0.9787574350961539 0.3782493100961538 0.9800069975961538 0.38387234134615383 0.9896464807692307 0.38547892067307693 0.9896464807692307 0.3813620600961538 0.9992859639423077 0.3776468413461539 0.999107454326923 0.36559748798076924 0.9907175336538461 0.35585759375 0.9805425240384615 0.3555563581730769
10 0.9294889639423077 0.3438082379807692 0.9298459831730769 0.3377835625 0.9235981682692308 0.33517286778846156 0.9096744711538461 0.3378839735576923 0.9078893822115385 0.3423020697115385 0.9127091225961539 0.3455152307692308 0.9216345697115386 0.34491276201923077 0.9294889639423077 0.3438082379807692
8 0.9011060408653846 0.32924860336538464 0.8987854254807692 0.3243284495192308 0.8937871754807692 0.32774243269230774 0.8907525216346154 0.34461152884615387 0.88968146875 0.35766499519230766 0.8973573533653846 0.35736376201923076 0.8986069158653845 0.3355745120192308 0.9011060408653846 0.32924860336538464
6 0.937343358173077 0.3307547716346154 0.9375218677884616 0.3422016586538461 0.9409135384615385 0.3513390841346154 0.9519810913461538 0.35274484375 0.9639411923076923 0.3571629399038461 0.9667973341346153 0.35485348076923073 0.9673328629807691 0.33718109375 0.9544802187499999 0.33296381971153843 0.9418060817307693 0.3249309158653846 0.937343358173077 0.3307547716346154
4 0.7561567740384615 0.3674048894230769 0.75008746875 0.3753373822115385 0.7682953822115385 0.3772451971153846 0.7706159975961538 0.37423285817307694 0.7706159975961538 0.3656978990384615 0.7666888028846154 0.3584682860576923 0.758120372596154 0.3555563581730769 0.75258659375 0.3586691081730769 0.7504444879807692 0.3626855600961539 0.7561567740384615 0.3674048894230769
10 0.864690216346154 0.32061323076923076 0.8655827596153846 0.3285457235576923 0.8679033774038462 0.33045353846153847 0.8745082067307692 0.3313572403846154 0.8796849663461538 0.32914818990384614 0.8832551466346155 0.3232239254807692 0.8796849663461538 0.3190066514423077 0.8752222427884615 0.3180025384615384 0.8668323221153845 0.31870541826923077 0.864690216346154 0.32061323076923076
9 0.8923591033653846 0.3822657596153846 0.8875393605769231 0.3791530096153846 0.8821840937500001 0.3794542451923077 0.8768288245192307 0.3844748076923077 0.8828981298076923 0.3902986634615385 0.8927161201923077 0.3902986634615385 0.89592928125 0.38748714663461536 0.8923591033653846 0.3822657596153846
6 0.9539446899038461 0.36830859134615385 0.9401995024038462 0.3715217524038461 0.9519810913461538 0.38096041346153847 0.9676898798076923 0.3724254543269231 0.9676898798076923 0.3622839158653846 0.9642982091346154 0.35977363221153846 0.9609065408653846 0.36077774519230765 0.9603710120192308 0.36308720432692304 0.9539446899038461 0.36830859134615385
7 0.7964997956730768 0.37453409134615384 0.78561075 0.3767431394230769 0.7779348653846154 0.37814889903846155 0.7752572307692307 0.38156288221153845 0.7818620625 0.38768796875 0.7865032956730769 0.3907003076923077 0.7898949663461539 0.3976286875 0.7964997956730768 0.39853238942307695 0.801498048076923 0.39531922836538463 0.7963212884615385 0.3911019543269231 0.8032831370192308 0.38889290625 0.8038186634615384 0.3845752211538462 0.806496298076923 0.38166329326923076 0.8116730576923078 0.3784501322115385 0.806496298076923 0.3761406730769231 0.7964997956730768 0.37453409134615384
13 0.8007840120192308 0.4166064206730769 0.8027476105769231 0.4263463149038461 0.8079243701923077 0.43317428125 0.8147077091346154 0.4367890889423077 0.8168498173076923 0.43317428125 0.8193489423076923 0.42996112019230764 0.8179208701923077 0.4227315072115384 0.8141721826923077 0.41499983894230774 0.8084598966346154 0.4106821538461538 0.8041756802884615 0.4115858557692308 0.8007840120192308 0.4166064206730769
13 0.8266678100961538 0.40797105048076926 0.8157787620192308 0.4087743389423077 0.810244985576923 0.4101800985576923 0.8139936730769232 0.41489942788461537 0.81863490625 0.42232986298076924 0.8202414879807692 0.42915782932692303 0.8177423605769231 0.43247140384615385 0.8261322812499999 0.4338771610576923 0.8334511490384616 0.4313668798076923 0.8405915072115384 0.42544261298076924 0.8420195793269231 0.4196187572115385 0.8391634350961539 0.41459819471153847 0.8336296586538462 0.4110837980769231 0.8266678100961538 0.40797105048076926
13 0.8536226610576924 0.40596282451923077 0.8584424014423077 0.4087743389423077 0.8643331971153846 0.4026492524038462 0.8636191610576923 0.39461634855769234 0.8598704735576923 0.3904994855769231 0.8541581875 0.38698509134615383 0.8496954639423078 0.38708550240384615 0.8466608124999999 0.39009784134615383 0.8473748461538461 0.39491758173076924 0.8496954639423078 0.40064102644230765 0.8536226610576924 0.40596282451923077
9 0.8748652259615385 0.3805587692307692 0.867546358173077 0.3799563004807692 0.8639761802884615 0.37804848557692305 0.8573713485576923 0.3822657596153846 0.8555862596153846 0.38788879326923076 0.8630836346153846 0.39090113221153844 0.8655827596153846 0.39230688942307695 0.8746867163461538 0.3830690504807693 0.8748652259615385 0.3805587692307692
4 0.8955722644230769 0.38397275240384615 0.9012845504807692 0.3852780985576923 0.9032481490384616 0.3904994855769231 0.9112810504807692 0.3903990745192308 0.9121735961538462 0.38688468028846157 0.9169933389423076 0.38156288221153845 0.9134231586538462 0.3812616466346154 0.9064613100961538 0.37654231730769233 0.9016415673076923 0.3769439615384615 0.892537610576923 0.38106082451923073 0.8955722644230769 0.38397275240384615
6 0.9007490240384615 0.39913485576923075 0.89343015625 0.39602210576923075 0.8859327812500001 0.4017455504807692 0.8902169951923077 0.4056615889423077 0.8932516466346154 0.4110837980769231 0.8855757620192308 0.41771094471153847 0.8805775120192307 0.4209241057692308 0.8825411105769232 0.42584425721153846 0.8870038341346155 0.4265471370192308 0.8970003365384615 0.42684837019230765 0.9077108725961539 0.40977845192307694 0.9021770961538462 0.4046574759615385 0.8978928798076923 0.40124349278846155 0.9007490240384615 0.39913485576923075
13 0.9330591442307692 0.43909854807692306 0.9426986274038461 0.43357592788461535 0.937343358173077 0.42835454086538466 0.9284179110576923 0.4273504278846154 0.9225271153846154 0.43066400000000005 0.9278823846153846 0.4338771610576923 0.9250262403846155 0.43729114423076926 0.9282394014423077 0.43970101442307696 0.9330591442307692 0.43909854807692306
4 0.9767938365384615 0.39300976923076925 0.9721526033653846 0.39009784134615383 0.96697584375 0.3904994855769231 0.96572628125 0.3935118245192308 0.9642982091346154 0.3947167596153846 0.9689394423076922 0.39813074278846156 0.9751872572115385 0.3976286875 0.9767938365384615 0.39300976923076925
13 0.6824325769230769 0.4339775721153846 0.67904090625 0.44391828846153847 0.6804689783653846 0.45004337740384615 0.6901084615384616 0.45225242548076927 0.7065312860576923 0.4455248701923077 0.7131361177884615 0.43498168509615387 0.7126005889423077 0.4253422019230769 0.704924704326923 0.4215265721153846 0.694928204326923 0.42323356490384617 0.688323372596154 0.4280533052884615 0.6824325769230769 0.4339775721153846
7 0.712957608173077 0.4071677596153846 0.7209905096153846 0.4100796875 0.7202764735576923 0.4122887355769231 0.7170633125 0.4209241057692308 0.7167062956730769 0.42473973317307695 0.7324150841346154 0.4242376778846154 0.7325935913461539 0.4225306850961538 0.7368778076923077 0.41761053365384615 0.7370563173076923 0.41028050961538465 0.7300944663461538 0.4052599447115384 0.7172418221153846 0.4056615889423077 0.712957608173077 0.4071677596153846
8 0.7136716442307692 0.42393644471153846 0.7208120024038462 0.4104813317307692 0.71581375 0.4080714615384615 0.7099229543269231 0.40787063701923076 0.7065312860576923 0.41329284855769227 0.7047461947115384 0.4212253389423077 0.7106369903846154 0.42303274278846154 0.7136716442307692 0.42393644471153846
6 0.6993909278846153 0.3762410841346154 0.6958207475961539 0.3843743966346154 0.7088519014423077 0.38919413942307696 0.7126005889423077 0.3851776875 0.7101014639423078 0.3824665841346154 0.7142071706730769 0.3814624711538462 0.6993909278846153 0.3762410841346154
6 0.7051032139423078 0.3588699302884616 0.6959992572115384 0.358367875 0.6967132932692308 0.36760571394230773 0.7054602307692307 0.3666016009615385 0.7051032139423078 0.3588699302884616
7 0.7793629375000001 0.3850772764423077 0.7716870528846154 0.38256699519230775 0.7649037115384616 0.3858805673076923 0.7508015048076923 0.3950179927884615 0.7508015048076923 0.3980303317307692 0.7549072115384615 0.4056615889423077 0.7574063365384615 0.4110837980769231 0.7541931754807693 0.41439737259615383 0.7534791394230769 0.42032163701923075 0.7690094182692307 0.42042204807692307 0.7741861778846153 0.4181125889423077 0.7811480264423077 0.4090755745192308 0.7865032956730769 0.40194637259615384 0.7872173317307692 0.3947167596153846 0.7793629375000001 0.3850772764423077
2 0.3975322932692308 0.41710847596153844 0.3961042211538462 0.41951834615384614 0.39985290865384615 0.42463932211538463 0.4064577403846154 0.4329734591346154 0.4144906418269231 0.43357592788461535 0.4209169639423077 0.42785248317307695 0.4100279182692308 0.4146986057692308 0.40360159615384616 0.4137949038461538 0.39414062259615384 0.40455706490384613 0.39110597115384615 0.40787063701923076 0.3975322932692308 0.41710847596153844
8 0.3118479951923077 0.4241372668269231 0.3120265048076923 0.4280533052884615 0.3093488701923077 0.43227057932692303 0.3070282548076923 0.43538332932692303 0.30417211057692306 0.43960060336538465 0.3077422908653846 0.4428137644230769 0.3056001826923077 0.4455248701923077 0.30899185336538465 0.44813556250000003 0.3155966826923077 0.4457256923076923 0.3220230072115384 0.44070512740384615 0.3343401225961538 0.4201208149038462 0.3291633653846154 0.4167068317307692 0.3204164254807692 0.41630518509615383 0.3168462475961539 0.41730929807692313 0.31666773798076925 0.4190162908653846 0.3152396658653846 0.4215265721153846 0.3118479951923077 0.4241372668269231
8 0.2777527860576923 0.47052727884615386 0.3064927283653846 0.45988368269230767 0.30845632692307695 0.4534573605769231 0.29774578846153843 0.45004337740384615 0.2934615745192308 0.4509470793269231 0.29167648557692305 0.4551643533653846 0.2859641971153846 0.45687134615384617 0.2827510360576923 0.45687134615384617 0.28185849278846153 0.45837751442307695 0.2904269230769231 0.4619923197115385 0.28560718028846155 0.46651082932692306 0.27703875 0.46741452884615386 0.2777527860576923 0.47052727884615386
4 0.2718619903846154 0.4526540721153846 0.23848081730769233 0.46179149759615384 0.2408014326923077 0.47866059375 0.2763247139423077 0.4732383846153846 0.2718619903846154 0.4526540721153846
7 0.3141686129807692 0.44703103846153847 0.31095545192307694 0.44944091105769235 0.30470763701923076 0.46219314423076924 0.30863483413461534 0.46379972355769233 0.3263072211538462 0.4595824495192308 0.3259502019230769 0.4623939663461538 0.3341616153846154 0.46369931249999996 0.3366607403846154 0.4572729903846154 0.34130197355769226 0.45235283653846153 0.33148398076923075 0.4448219903846154 0.32809231009615386 0.44140800721153844 0.3248791490384615 0.4409059519230769 0.31827431730769234 0.44421952403846154 0.3141686129807692 0.44703103846153847
7 0.23375222836538462 0.4755350264423077 0.22891349759615384 0.46153726442307696 0.21439730048076924 0.45356631730769226 0.2071392043269231 0.44792833173076924 0.19918985817307694 0.44034621153846154 0.1850192860576923 0.43684677163461544 0.17741556490384613 0.43840207692307687 0.15495002163461538 0.44034621153846154 0.13628634134615386 0.4446233052884615 0.1179682860576923 0.4510389447115385 0.10621707932692306 0.4564825192307692 0.09584836778846154 0.4642590528846154 0.09861335817307691 0.4663975985576923 0.10483458413461538 0.47339647836538457 0.11140143509615384 0.48583893269230766 0.11243830528846153 0.49244898557692307 0.11865953365384616 0.498864625 0.11900515625 0.5029473052884615 0.13663196634615385 0.5091685336538462 0.16324499278846152 0.5050858533653846 0.18640178125 0.49964227884615386 0.20610233173076922 0.4914769182692308 0.22027290384615383 0.4844780384615385 0.23375222836538462 0.4755350264423077
7 0.21336043028846152 0.5033361322115385 0.21301480528846153 0.4967260793269231 0.20921294471153845 0.4906992668269231 0.19469675 0.49594842548076923 0.1850192860576923 0.5019752403846154 0.16877497115384615 0.5046970264423076 0.15909750721153845 0.50566909375 0.15875188461538461 0.5113070793269231 0.16428186298076924 0.5153897596153846 0.1805261778846154 0.5229718798076923 0.18571053365384615 0.5208333341346154 0.18674740384615385 0.5190836129807692 0.1895123942307692 0.5173338942307693 0.19400550240384615 0.5200556802884615 0.19849861057692308 0.5210277475961539 0.20437421394230768 0.5183059591346153 0.21405167788461538 0.5186947860576923 0.2088673221153846 0.5109182524038461 0.21336043028846152 0.5033361322115385
2 0.2966211826923077 0.4863721802884615 0.2912837644230769 0.4892439423076923 0.29221201201923075 0.4919851706730769 0.30358303125 0.4917241009615385 0.31866703846153843 0.4902882211538462 0.3383922764423077 0.48872180528846154 0.35510071394230774 0.48558897355769226 0.35742133173076923 0.48036758653846157 0.3518518509615385 0.4755378028846154 0.3397846466346154 0.47619047596153846 0.3251647644230769 0.4789317043269231 0.3128654975961539 0.4814118629807692 0.30822426442307693 0.48402255528846155 0.2966211826923077 0.4863721802884615
2 0.3736656466346154 0.47827903125 0.36275874999999996 0.47801796153846154 0.35231597596153846 0.48976608173076924 0.3465144350961538 0.4977286971153846 0.3479068052884615 0.503994360576923 0.34233732451923077 0.511043233173077 0.34233732451923077 0.5141760649038462 0.3483709278846154 0.5150898076923076 0.357653391826923 0.5069966586538461 0.3590457620192308 0.5043859639423076 0.36693585817307695 0.5022974110576923 0.37645038461538466 0.4872859230769231 0.3801633701923077 0.48193400240384615 0.3736656466346154 0.47827903125
2 0.38990995913461535 0.5036027572115385 0.3885175913461539 0.5071271923076923 0.4100993221153846 0.5170478269230769 0.4221665264423077 0.5196585216346153 0.4284321923076923 0.5170478269230769 0.42680775961538464 0.5119569759615384 0.40476190384615385 0.4991645769230769 0.3943191322115384 0.4966844182692308 0.38132368028846153 0.49237677403846153 0.37645038461538466 0.4953790721153846 0.38990995913461535 0.5036027572115385
8 0.4476933076923077 0.5291875528846154 0.44792537019230766 0.5256631153846154 0.4416597043269231 0.5252715120192307 0.4302886850961538 0.5218776105769231 0.4131161225961538 0.5231829567307693 0.3971038701923077 0.5260547211538461 0.3810916177884615 0.5263157884615385 0.3741297692307692 0.5287959471153847 0.36786410576923073 0.5314066418269231 0.3714325745192308 0.5334725288461539 0.37018472115384615 0.5340173341346154 0.37830687740384616 0.5383249783653846 0.3794671875 0.5431547620192307 0.3980321177884615 0.540935673076923 0.4100993221153846 0.5394997908653847 0.4302886850961538 0.537411235576923 0.4418917668269231 0.5323203846153846 0.4437482596153846 0.5303623653846153 0.4476933076923077 0.5291875528846154
8 0.5625638173076923 0.4542606514423077 0.5653485576923077 0.45713241346153843 0.5709180360576923 0.4577850865384615 0.5813608100961538 0.4538690480769231 0.5866982259615384 0.44956140384615384 0.5862341033653846 0.4442094831730769 0.5841455480769231 0.4431652043269231 0.5762554543269232 0.4438178774038462 0.5750951442307692 0.4473423149038461 0.5667409254807693 0.4494308677884616 0.5625638173076923 0.4542606514423077
8 0.6323316538461538 0.4378727355769231 0.6300799663461538 0.4319017427884615 0.6300799663461538 0.4252069951923077 0.6233249062499999 0.4299114134615385 0.614639826923077 0.4311779855769231 0.6094931129807692 0.43461582932692305 0.6094931129807692 0.4373299182692308 0.61431815625 0.44149151682692306 0.6246115841346154 0.44022494471153845 0.6323316538461538 0.4378727355769231
7 0.25726490865384616 0.5464362235576923 0.2736700576923077 0.5449887091346154 0.28203346634615384 0.5415508653846154 0.2958652596153846 0.533770483173077 0.30712369471153844 0.5285232475961539 0.3029419903846154 0.5239997692307692 0.2897535360576923 0.5178478365384616 0.2765650841346154 0.5127815408653846 0.27077503125 0.5127815408653846 0.2591949254807692 0.5120577836538461 0.24600647115384613 0.513505298076923 0.23281801923076922 0.5196572283653846 0.22606295673076923 0.527256673076923 0.22670629567307693 0.5348561177884615 0.23281801923076922 0.544445891826923 0.22574128846153846 0.5516834567307692 0.23442636538461536 0.5518643966346154 0.24761481971153848 0.547521858173077 0.25726490865384616 0.5464362235576923
8 0.34341842548076923 0.5248275384615385 0.33933302884615385 0.5219823509615384 0.3313567788461539 0.5230766538461539 0.3280495528846154 0.5211069086538461 0.31579336538461533 0.5185900120192307 0.3109297980769231 0.5186994423076923 0.30956799759615383 0.5226389326923078 0.3115134254807692 0.5240615264423076 0.31598790624999995 0.5275632932692308 0.3231859855769231 0.5288764567307692 0.3288277259615385 0.5284387355769231 0.3303840673076923 0.5295330384615384 0.3383603173076923 0.5309556322115385 0.34380751201923077 0.5300801899038462 0.3475038221153846 0.5270161442307693 0.34341842548076923 0.5248275384615385
8 0.34050028605769234 0.5312839230769231 0.3350530913461538 0.5343479711538461 0.3313567788461539 0.5363177163461539 0.32649321153846156 0.5379591682692307 0.32474232932692304 0.5398194831730769 0.32493687019230766 0.5415703677884616 0.3233805288461538 0.5441966947115385 0.3290222668269231 0.5438684038461539 0.33155132211538463 0.5467135913461538 0.33894394471153844 0.5426646706730769 0.3484765360576923 0.5387251802884616 0.3519783052884616 0.536536576923077 0.35684187259615385 0.53391025 0.35470190144230773 0.5305179110576923 0.35100559134615383 0.5294236081730769 0.34886562259615383 0.5309556322115385 0.34050028605769234 0.5312839230769231
8 0.5321248341346154 0.4998774375 0.530957576923077 0.4951719375 0.5227867860576922 0.48554207451923076 0.5183123028846154 0.4818214447115385 0.5157832475961539 0.4834628990384615 0.5196741009615384 0.48685523798076924 0.5116978509615385 0.49309276201923075 0.5171450480769231 0.4975794014423077 0.5278448942307692 0.49790769230769233 0.5321248341346154 0.4998774375
2 0.5025543461538462 0.5246086778846154 0.49282721153846154 0.5334725288461539 0.49632897836538464 0.5364271466346154 0.5095578822115384 0.5276727259615385 0.5169505048076923 0.5264689927884615 0.5362102307692308 0.5095073004807692 0.5290121514423076 0.5062243942307693 0.5218140721153847 0.5051300913461538 0.5027488894230769 0.5207786177884615 0.5025543461538462 0.5246086778846154
8 0.5424355961538462 0.4737236057692308 0.5416574254807692 0.4710972788461539 0.5356266033653846 0.46836152163461536 0.520841358173077 0.46803323076923076 0.515005076923077 0.4689086730769231 0.5140323653846154 0.47186329086538464 0.515005076923077 0.4735047451923077 0.5239540408653846 0.47306702403846157 0.5278448942307692 0.4760216418269231 0.533097548076923 0.4752556298076923 0.5387392860576923 0.4738330360576923 0.5424355961538462 0.4737236057692308
8 0.53387571875 0.4770065144230769 0.5348484326923078 0.47831967548076926 0.5350429735576923 0.4802894206730769 0.54185196875 0.486417516826923 0.5513845600961539 0.49265504086538464 0.56364075 0.5034886370192307 0.5735624278846154 0.4959379495192308 0.5576099254807693 0.4849949230769231 0.5541081586538461 0.47985169951923073 0.54185196875 0.4763499326923077 0.5393229134615385 0.4747084783653846 0.5356266033653846 0.47536506009615387 0.53387571875 0.4770065144230769
8 0.5548863293269231 0.49560965865384615 0.54768825 0.4899192836538461 0.5393229134615385 0.4849949230769231 0.5358211442307692 0.4841194807692308 0.5336811754807692 0.48335346874999996 0.5295957788461538 0.4854326442307692 0.5274558100961538 0.4883872596153846 0.5295957788461538 0.49156073798076927 0.5352375168269231 0.49506250721153844 0.5387392860576923 0.4977982620192308 0.5455482788461539 0.5011906009615384 0.5519681875 0.5016283221153846 0.554302701923077 0.5015188918269231 0.5558590432692307 0.4998774375 0.5548863293269231 0.49560965865384615
8 0.5097524254807693 0.530846201923077 0.5185068461538461 0.5369742980769231 0.5379611153846153 0.5213257692307692 0.5367938581730769 0.5161825480769231 0.5313466634615385 0.5151976754807692 0.5177286754807692 0.5253746899038462 0.5097524254807693 0.530846201923077
2 0.5253158413461538 0.5313933533653846 0.5192850168269231 0.5412420769230769 0.5140323653846154 0.5447438461538462 0.5111142235576923 0.5525133942307693 0.5173395889423077 0.5597357908653846 0.5111142235576923 0.5621432572115385 0.5183123028846154 0.5645507235576923 0.52220315625 0.5617055360576922 0.5297903221153846 0.5496682067307692 0.5272612668269231 0.5448532764423077 0.5319302908653847 0.5335819591346154 0.5253158413461538 0.5313933533653846
9 0.15685198798076924 0.5388346105769231 0.1519884206730769 0.5433212524038461 0.15101570673076922 0.5494493461538462 0.15685198798076924 0.556343454326923 0.16794092067307692 0.5587509182692307 0.18136436778846152 0.5594075 0.19595506971153845 0.5528416850961538 0.19537143990384614 0.5403666346153846 0.18544976201923077 0.5343479711538461 0.17066451923076925 0.5330348076923077 0.15685198798076924 0.5388346105769231
10 0.19537143990384614 0.5285481658653846 0.19342601442307691 0.5340196802884616 0.19965137980769232 0.5380685985576923 0.22027290384615383 0.5356611346153847 0.2235801298076923 0.5306273413461539 0.21696567788461538 0.5270161442307693 0.20120772115384614 0.5263595624999999 0.19537143990384614 0.5285481658653846
10 0.1930369278846154 0.556343454326923 0.19945683653846155 0.5562340240384616 0.20529311778846154 0.5530605456730769 0.21288028125000003 0.54288353125 0.2097675985576923 0.5404760649038461 0.1965386971153846 0.5392723317307693 0.19731686778846153 0.5486833341346153 0.1957605264423077 0.5536076971153846 0.1930369278846154 0.556343454326923
7 0.23992171634615383 0.5030509158653846 0.2342799783653846 0.49976800721153847 0.22572009855769232 0.4996585769230769 0.22085653365384614 0.502722625 0.21404753846153846 0.5044735096153846 0.21268574038461538 0.505786673076923 0.2103512283653846 0.5115864759615385 0.21579842307692307 0.5185900120192307 0.21151848317307692 0.5206691875 0.21638205048076922 0.5230766538461539 0.22338558653846155 0.5255935504807693 0.23389089182692308 0.5181522908653846 0.25178881971153844 0.51169590625 0.25451241826923077 0.5058961033653846 0.2455634543269231 0.5035980673076923 0.23992171634615383 0.5030509158653846
2 0.6031329158653846 0.5074281274038461 0.5947675793269231 0.5150882451923077 0.5914603533653846 0.5209974783653846 0.5978802620192307 0.5248275384615385 0.6066346826923077 0.5237332355769231 0.6157781899038461 0.5135562211538461 0.6155836466346154 0.5076469855769231 0.6188908725961538 0.5021754735576923 0.6155836466346154 0.5008623100961539 0.6134436778846154 0.5025037644230769 0.6140273052884615 0.5063338245192308 0.6031329158653846 0.5074281274038461
8 0.6251162379807693 0.49013814423076923 0.620252673076923 0.49057586538461534 0.6161672764423076 0.4899192836538461 0.6140273052884615 0.4921078894230769 0.6151945625 0.4932021923076923 0.61733453125 0.49396820432692307 0.6181127019230769 0.49659453125 0.6414578245192307 0.5025037644230769 0.6470995625 0.5014094615384616 0.6490449903846154 0.4970322524038462 0.6455432211538461 0.4945153557692308 0.640485110576923 0.49331162259615385 0.6319252331730769 0.49243618028846153 0.6251162379807693 0.49013814423076923
8 0.6657756610576923 0.5418986586538461 0.6735573677884615 0.5343479711538461 0.6665538317307692 0.5317216442307692 0.6544921850961539 0.5286575961538461 0.6494340745192309 0.5299707596153846 0.643597795673077 0.5278915841346155 0.6416523677884616 0.5312839230769231 0.6455432211538461 0.5336913894230769 0.6476831899038462 0.5379591682692307 0.6657756610576923 0.5418986586538461
6 0.6710283149038462 0.5550302908653847 0.6692774302884616 0.5150882451923077 0.6791991057692308 0.48390062019230773 0.6698610576923076 0.48357232932692307 0.659550295673077 0.5126807788461538 0.659550295673077 0.5409137860576924 0.6611066370192307 0.553498266826923 0.6710283149038462 0.5550302908653847
6 0.6581884975961538 0.5404760649038461 0.6461268485576923 0.5374120192307692 0.6461268485576923 0.5330348076923077 0.6400960264423077 0.5318310745192307 0.6412632812500001 0.5277821538461539 0.6282289230769231 0.5213257692307692 0.6181127019230769 0.53533284375 0.645737764423077 0.5512002307692307 0.6581884975961538 0.5404760649038461
0 0.7025442283653847 0.4971416802884615 0.6846463028846154 0.5011906009615384 0.7017660576923077 0.5332536682692308 0.7194694423076923 0.5288764567307692 0.7025442283653847 0.4971416802884615
0 0.7673269447115385 0.5197937451923077 0.7721905120192307 0.5323782259615385 0.7817231033653846 0.5317216442307692 0.8079863653846153 0.5259218413461538 0.7832794447115384 0.503926358173077 0.7932011225961539 0.49856427403846154 0.7825012740384616 0.5019566129807692 0.7663542307692308 0.5058961033653846 0.7636306346153846 0.5090695793269231 0.7673269447115385 0.5197937451923077
7 0.7525416995192308 0.4887155504807692 0.7533198701923076 0.49232675000000004 0.7537089567307693 0.5011906009615384 0.7591561514423077 0.4993302860576923 0.7663542307692308 0.49834541346153843 0.7696614567307692 0.49506250721153844 0.7684942019230768 0.49112301682692305 0.7721905120192307 0.48784010817307694 0.7708287139423077 0.4834628990384615 0.7661596875 0.4824780264423077 0.7597397788461537 0.4854326442307692 0.7535144134615385 0.48554207451923076 0.7494290168269231 0.48685523798076924 0.7525416995192308 0.4887155504807692
11 0.8003992019230769 0.5331442379807693 0.7939792932692308 0.5332536682692308 0.7869757572115385 0.5455098581730768 0.7953410913461538 0.5475890336538461 0.8035118846153846 0.5445249855769231 0.8058463966346154 0.5379591682692307 0.8003992019230769 0.5331442379807693
7 0.9015613990384614 0.44647547115384617 0.8877488677884616 0.4512904014423077 0.8762708509615386 0.46124855528846154 0.8821071298076923 0.46343716105769234 0.8965032908653847 0.4665012091346154 0.9031177403846153 0.46124855528846154 0.9015613990384614 0.44647547115384617
7 0.9021450264423077 0.5255935504807693 0.9062304254807692 0.5205597572115385 0.9042849975961539 0.5143222331730769 0.8968923750000001 0.5113676153846154 0.8891106682692308 0.5109298942307693 0.8842471009615385 0.5139939423076924 0.8840525576923077 0.5188088725961538 0.8844416418269231 0.5226389326923078 0.8854143557692308 0.5248275384615385 0.8922233509615385 0.5248275384615385 0.9021450264423077 0.5255935504807693
0 0.9171248149038462 0.47788195432692304 0.9159575576923077 0.4849949230769231 0.9231556370192308 0.48784010817307694 0.9342445721153846 0.47689708413461535 0.9217938389423076 0.47284816346153846 0.9171248149038462 0.47788195432692304
7 0.812655391826923 0.44067566586538465 0.8099317932692307 0.4420982596153846 0.803317341346154 0.44472458653846153 0.7998155745192308 0.4456000288461538 0.7978701466346153 0.45074325000000004 0.794562920673077 0.45873165865384613 0.7949520072115385 0.4622334278846154 0.8050682259615385 0.46551633653846153 0.8122663052884616 0.4660634879807692 0.8167407884615384 0.45763735576923076 0.8136281033653846 0.4549016009615385 0.8216043557692309 0.4483357836538462 0.8204370985576923 0.44242655048076923 0.812655391826923 0.44067566586538465
2 0.7527362427884616 0.4538072980769231 0.7544871274038462 0.4580750769230769 0.7591561514423077 0.4643126033653846 0.7644088052884614 0.46256171875 0.7657706033653846 0.4565430552884615 0.7607124927884615 0.4395813629807692 0.7474835913461538 0.4359701658653846 0.7478726754807692 0.4435208533653846 0.750985358173077 0.4473509134615385 0.7527362427884616 0.4538072980769231
8 0.1146362235576923 0.5788860865384615 0.15451747596153845 0.5890631009615385 0.16288281009615385 0.5814029831730769 0.16346643990384616 0.5779012139423076 0.14479034134615384 0.5735240048076923 0.12397427403846153 0.5673959110576923 0.11191262740384615 0.5677241995192308 0.10471454807692308 0.5667393293269231 0.10121277884615384 0.5714448293269231 0.10627088942307691 0.5731957139423077 0.1146362235576923 0.5788860865384615
5 0.3257150408653846 0.5293141778846153 0.3185169615384615 0.5292047475961539 0.31345885336538465 0.5399289134615385 0.3226023581730769 0.540257204326923 0.3257150408653846 0.5293141778846153
2 0.30412080288461535 0.5625809783653846 0.30450988942307694 0.5519662427884615 0.2986736081730769 0.5507625096153845 0.2864174182692308 0.5481361826923077 0.28369382211538463 0.5619243966346154 0.286222875 0.5629092692307692 0.30412080288461535 0.5625809783653846
8 0.36053818269230764 0.5696939447115384 0.3461420240384615 0.569803375 0.3406948293269231 0.5719919807692307 0.33719306009615385 0.5745088774038462 0.3307731514423077 0.5756031802884615 0.32766046875000004 0.5784483653846154 0.3307731514423077 0.5806369711538462 0.3383603173076923 0.5810746923076923 0.34906016346153845 0.5843576009615384 0.38602327403846154 0.5835915889423077 0.4008085192307692 0.5827161466346154 0.4074229711538461 0.5776823533653845 0.4072284278846154 0.5703505264423077 0.3998358052884615 0.5677241995192308 0.3910813846153846 0.5675053413461538 0.3762961418269231 0.5682713509615385 0.36053818269230764 0.5696939447115384
2 0.5630571225961538 0.5619243966346154 0.5613062379807693 0.5584226274038462 0.5572208413461538 0.5601735120192308 0.5546917860576923 0.5627998389423077 0.5511900168269231 0.5649884447115384 0.5509954759615385 0.5696939447115384 0.5523572740384616 0.5760409014423077 0.5537190721153846 0.5818407043269231 0.5554699567307693 0.5855613341346154 0.5632516634615384 0.5847953221153847 0.5663643461538461 0.5815124134615385 0.5661698052884615 0.5652073052884615 0.5630571225961538 0.5619243966346154
7 0.6714173990384615 0.5423363798076923 0.670250141826923 0.5554680120192308 0.6626629783653846 0.553498266826923 0.6537140144230769 0.554702 0.6498231610576923 0.5633469903846154 0.6577994110576924 0.5675053413461538 0.6684992596153846 0.5675053413461538 0.6799772764423077 0.5637847115384615 0.6856190144230769 0.5571094663461539 0.6897044110576923 0.5468230216346154 0.6865917283653846 0.5403666346153846 0.6714173990384615 0.5423363798076923
7 0.3531455600961539 0.536536576923077 0.3373876033653846 0.5429929615384615 0.3274659254807692 0.5524039639423077 0.32493687019230766 0.5623621177884616 0.3303840673076923 0.5661921778846154 0.3368039759615385 0.5676147716346154 0.35061650480769235 0.5646601538461539 0.3856341899038461 0.5542642788461538 0.38077062259615385 0.5441966947115385 0.36773626201923076 0.5344574014423077 0.3531455600961539 0.536536576923077
9 0.17669534134615386 0.6609587836538461 0.1694972620192308 0.6622719471153846 0.16035375721153844 0.6654454254807691 0.15549018990384617 0.6727772524038461 0.1578247019230769 0.6799996490384616 0.16210464182692308 0.6844862908653847 0.17222086057692307 0.6871126177884614 0.18544976201923077 0.6859088846153847 0.1957605264423077 0.6818599639423077 0.2010131778846154 0.6740904158653845 0.19809503846153845 0.6671963100961539 0.1907024158653846 0.6627096682692308 0.17669534134615386 0.6609587836538461
10 0.23000003846153844 0.5949723365384615 0.21696567788461538 0.5930025913461539 0.2068494591346154 0.6079945384615384 0.2103512283653846 0.6102925721153846 0.22027290384615383 0.612590608173077 0.23680903365384615 0.5981458125 0.23000003846153844 0.5949723365384615
2 0.2298991658653846 0.5907177283653846 0.24313527403846152 0.5854721682692308 0.2524607139423077 0.5837800528846153 0.24463937740384617 0.5817495120192308 0.23140326923076923 0.5819187235576924 0.21395567067307694 0.5819187235576924 0.21967126201923076 0.5754886826923077 0.21215074759615385 0.5734581442307692 0.20643515384615385 0.5753194711538462 0.2028253076923077 0.5778576466346154 0.2055326923076923 0.5844568990384615 0.2298991658653846 0.5907177283653846
2 0.26178615384615384 0.622021875 0.27171323317307694 0.625406108173077 0.2960797043269231 0.625406108173077 0.30420186298076923 0.6226987211538462 0.30119365625 0.6159302572115385 0.29457560336538463 0.6137305072115384 0.27803046634615386 0.6137305072115384 0.26810338701923075 0.61609946875 0.2590787668269231 0.6179607980769231 0.2527615336538461 0.6184684326923077 0.2518590721153846 0.6213450288461538 0.26178615384615384 0.622021875
2 0.45370972115384617 0.6074696778846154 0.46844993028846155 0.6005320024038462 0.4831901418269231 0.5973169807692308 0.5030443052884616 0.5856413798076923 0.5003369182692308 0.5829339927884616 0.4874016322115385 0.5847953221153847 0.48138521874999995 0.5866566490384616 0.4738647019230769 0.5866566490384616 0.4588236706730769 0.5932559014423077 0.4437826394230769 0.5976554038461539 0.4431809975961538 0.6022241177884615 0.4434818173076923 0.6071312548076923 0.45370972115384617 0.6074696778846154
2 0.45280725721153847 0.5815803004807693 0.4600269543269231 0.559413579326923 0.4519047956730769 0.5577214639423077 0.44227853605769235 0.5800573966346154 0.4404736129807692 0.5832724182692307 0.4344571995192308 0.5993475192307692 0.4404736129807692 0.5996859423076922 0.44829494951923077 0.5854721682692308 0.45280725721153847 0.5815803004807693
2 0.5683223822115384 0.595794076923077 0.5577936610576922 0.5998551538461538 0.5478665793269231 0.6084849471153846 0.5520780697115385 0.6188068557692308 0.5583953028846154 0.6182992211538461 0.5647125360576923 0.6113615432692308 0.5746396177884615 0.6040854447115385 0.5752412572115385 0.5976554038461539 0.5833634158653846 0.5932559014423077 0.5833634158653846 0.5908869399038461 0.5806560288461539 0.5898716706730769 0.5722330504807692 0.5942711706730769 0.5683223822115384 0.595794076923077
8 0.6381127716346153 0.5621209663461538 0.6342021033653846 0.5639822932692308 0.6339012836538462 0.5665204687500001 0.632096358173077 0.5719352403846154 0.63149471875 0.5792113389423077 0.6354053870192308 0.5837800528846153 0.6423242596153845 0.5898716706730769 0.6534546250000001 0.5917329975961538 0.6537554447115385 0.5861490144230769 0.645934108173077 0.57091996875 0.6405193365384616 0.5658436201923077 0.6381127716346153 0.5621209663461538
2 0.7563352836538461 0.6029559567307692 0.7532894735576924 0.5975877187499999 0.7364359975961539 0.6021564326923077 0.7295321634615385 0.6108369879807692 0.7417153990384615 0.6079815432692308 0.7563352836538461 0.6029559567307692
8 0.35903274999999996 0.6081939663461539 0.3629799663461538 0.6021308149038462 0.36753444711538463 0.5991419350961539 0.3625245192307692 0.5965800408653846 0.3582736706730769 0.5998251081730769 0.3471911009615385 0.6040095360576923 0.33960029807692305 0.6121222067307692 0.33747487499999995 0.6151964807692308 0.3344385528846154 0.6180999615384616 0.33550126682692305 0.6198078918269231 0.3421811706730769 0.6222843918269232 0.34795018028846153 0.6180999615384616 0.3540228221153846 0.6131469639423077 0.35903274999999996 0.6081939663461539
4 0.37466980048076926 0.6242485096153847 0.38089425721153847 0.6210888389423077 0.3491647091346154 0.6176729783653846 0.3484056274038462 0.6264688197115384 0.3512901322115385 0.6288599230769231 0.3471911009615385 0.6373995745192308 0.35599643028846156 0.6387659182692308 0.37087439903846153 0.6413278125 0.3786170168269231 0.6436335192307693 0.3901550336538462 0.6421817788461539 0.3824124182692307 0.6334713341346153 0.38089425721153847 0.6266396129807692 0.37497343269230765 0.6256148557692308 0.37466980048076926 0.6242485096153847
7 0.40852477403846155 0.6241631153846154 0.41156109375 0.6311656274038462 0.41839281490384617 0.6374849711538462 0.4267426971153846 0.6411570192307692 0.4355480264423077 0.6395344855769232 0.44511243509615384 0.6280913533653846 0.43478894471153845 0.6237361322115385 0.42446545673076924 0.6198078918269231 0.41490104567307695 0.6212596322115385 0.40852477403846155 0.6241631153846154
7 0.5092951225961538 0.6829336610576923 0.5181556586538462 0.68673103125 0.56731053125 0.6950377836538462 0.5949469639423077 0.6590814158653846 0.5257504038461538 0.6463839519230768 0.5092951225961538 0.6829336610576923
7 0.7367155264423076 0.6673881682692309 0.7314413990384616 0.669642858173077 0.7240576177884616 0.6734402283653846 0.7160409447115386 0.6781869447115384 0.7097119903846154 0.683527 0.7076023389423077 0.6873243725961539 0.715619014423077 0.68862971875 0.7299646418269231 0.6869683677884615 0.7386142115384615 0.6816283125000001 0.7611874807692308 0.6781869447115384 0.7578120384615384 0.6740335697115385 0.7367155264423076 0.6673881682692309
8 0.2795541033653846 0.6538600288461538 0.27913217307692306 0.6578947379807693 0.28546112740384616 0.6590814158653846 0.28398437259615383 0.6645401370192308 0.2877817427884616 0.6651334783653847 0.29558745432692307 0.6605054302884615 0.2991738605769231 0.6555213798076923 0.3046589543269231 0.652436014423077 0.30402605769230767 0.6493506490384615 0.2991738605769231 0.6457906129807692 0.2913681514423077 0.6470959591346154 0.2898913942307692 0.6498253197115385 0.2841953365384616 0.6516053389423077 0.2795541033653846 0.6538600288461538
5 0.34221074519230765 0.6815096442307692 0.3405230240384615 0.6792549567307693 0.33398310576923074 0.6797296274038461 0.32955283894230775 0.6779496081730769 0.32427870913461543 0.6787802836538461 0.32322388461538465 0.6809163052884616 0.3249116057692308 0.6842390072115384 0.33672565144230765 0.6864936971153845 0.3413668846153846 0.6854256850961539 0.34221074519230765 0.6815096442307692
2 0.31984844230769227 0.6698801923076924 0.32216906009615387 0.6720162139423077 0.33356117548076925 0.6733215625 0.33693661778846157 0.6730842259615385 0.3481177692307692 0.6491133125 0.34917259375 0.6322624735576923 0.3426326754807692 0.6326184783653847 0.3303966995192308 0.6415185697115385 0.3278651177884615 0.6491133125 0.32638836057692305 0.6550467067307693 0.32153616346153846 0.6631161225961539 0.3185826514423077 0.6678628389423077 0.31984844230769227 0.6698801923076924
2 0.31119887259615386 0.6837643341346153 0.3183716875 0.6800856298076923 0.31794975721153845 0.6739149014423076 0.3025493028846154 0.6683375096153846 0.2873598125 0.6662014879807692 0.28103086057692306 0.6640654663461538 0.27976506971153847 0.6684561778846153 0.2877817427884616 0.6734402283653846 0.2962203485576923 0.6783056129807693 0.31119887259615386 0.6837643341346153
5 0.27217032451923073 0.6783056129807693 0.2812418245192308 0.6751015793269232 0.2751238365384615 0.6531480216346155 0.2700606730769231 0.6529106850961538 0.2668961971153846 0.6529106850961538 0.2666852307692308 0.6552840432692307 0.2614111033653846 0.6800856298076923 0.27217032451923073 0.6783056129807693
7 0.20782596153846156 0.6288211057692308 0.19854349759615383 0.6291771105769232 0.1922145432692308 0.6304824567307693 0.19158164663461538 0.6343984951923077 0.19453515865384616 0.6410438966346154 0.2004421826923077 0.6429425841346154 0.20719306730769232 0.6446039350961539 0.21731939182692306 0.6411625649038462 0.22090580048076922 0.6355851754807692 0.22090580048076922 0.6323811418269231 0.22090580048076922 0.6303637884615385 0.22407027644230768 0.6266850841346153 0.21816325240384618 0.6275157596153846 0.20782596153846156 0.6288211057692308
8 0.21689746153846154 0.7271967788461539 0.25487118509615386 0.7064299014423077 0.25655890625 0.7010898461538461 0.22090580048076922 0.6790176201923077 0.20888078846153846 0.6840016706730769 0.17407154326923077 0.7037005384615385 0.20740403125 0.7260101009615384 0.21689746153846154 0.7271967788461539
2 0.2926339423076923 0.7281461225961539 0.2926339423076923 0.73135015625 0.3080343966346154 0.7326555024038461 0.31162080288461536 0.7279087860576923 0.3173168605769231 0.6978858124999999 0.3107769423076923 0.6964617980769231 0.29875193028846153 0.7055992259615385 0.2896804302884615 0.7258914326923077 0.2926339423076923 0.7281461225961539
8 0.3624633966346154 0.6983604855769231 0.3673155961538462 0.69278309375 0.3679484903846154 0.6872057043269231 0.3671046298076923 0.6816283125000001 0.36014278125000004 0.6807976370192308 0.3546576875 0.6829336610576923 0.3533918966346154 0.6844763413461539 0.35128224519230766 0.6892230576923077 0.3498054903846154 0.6937324375 0.3489616298076923 0.6996658317307692 0.34938356009615384 0.70488721875 0.35381382692307695 0.7089219254807693 0.3523370721153846 0.7135499735576923 0.3574002355769231 0.7134313052884615 0.35929892067307695 0.7108206129807692 0.3618305024038462 0.707616579326923 0.3624633966346154 0.6983604855769231
7 0.4040235264423077 0.6972924735576923 0.4031796658653847 0.6953937884615384 0.4099305504807692 0.6945631129807693 0.42427617788461536 0.6836456682692307 0.4128840625 0.6825776562500001 0.4008590504807692 0.6824589879807692 0.3922094807692308 0.6779496081730769 0.37280068749999995 0.6767629302884616 0.37069103846153845 0.6825776562500001 0.3704800721153846 0.6921897548076923 0.3662607692307692 0.6975298100961538 0.36140857211538463 0.707616579326923 0.35613444471153843 0.7196020360576922 0.3647840144230769 0.7215007211538461 0.37195682932692303 0.7187713605769231 0.38440376923076924 0.7141433125 0.38271605048076923 0.7111766153846154 0.3919985144230769 0.7064299014423077 0.4040235264423077 0.6972924735576923
7 0.5012784495192307 0.7018018533653846 0.5021223100961538 0.6950377836538462 0.4962152860576923 0.6758135865384615 0.47743938942307695 0.6650148100961538 0.4685788533653846 0.6640654663461538 0.45444419230769234 0.6656081490384615 0.4561319134615385 0.6688121826923077 0.4525455048076923 0.6695241899038462 0.44684944711538466 0.6724908870192308 0.43735601682692304 0.6736775649038461 0.42976127163461536 0.677000266826923 0.4251200384615385 0.6881550456730768 0.43081609855769226 0.7018018533653846 0.44052049278846156 0.7116512884615385 0.4548661225961539 0.7156859951923077 0.4706885048076923 0.7137873100961538 0.4860889591346154 0.7088032572115384 0.4983249375 0.7064299014423077 0.5012784495192307 0.7018018533653846
7 0.41942398076923076 0.7126006298076923 0.42575293509615386 0.7040565432692307 0.42912837740384613 0.6985978197115384 0.42554196875000005 0.6902910697115385 0.4240652139423077 0.6868496995192307 0.4196349471153846 0.6877990432692307 0.41098537500000004 0.6944444447115384 0.40444545673076926 0.696105795673077 0.40465642307692307 0.6980044807692308 0.39516299038461533 0.706667235576923 0.40001518990384616 0.7078539158653846 0.4008590504807692 0.7099899375000001 0.4118292355769231 0.7092779302884615 0.4086647596153846 0.7111766153846154 0.41942398076923076 0.7126006298076923
8 0.4006480841346154 0.7282647908653845 0.4061331778846154 0.7306381490384616 0.41393888701923076 0.72945146875 0.4289174110576923 0.7186526923076924 0.4314489927884615 0.7142619807692309 0.43355864423076923 0.7128379663461538 0.4284954807692308 0.7096339326923077 0.42554196875000005 0.7108206129807692 0.4179472259615385 0.7130753028846153 0.4101415144230769 0.7175846802884615 0.40001518990384616 0.722924735576923 0.4006480841346154 0.7282647908653845
6 0.3460081177884616 0.7006151754807692 0.33482696634615383 0.6972924735576923 0.3240677451923077 0.7003778389423078 0.32596643028846156 0.712719298076923 0.3415778509615385 0.7146179831730769 0.3489616298076923 0.7099899375000001 0.3460081177884616 0.7006151754807692
5 0.34875066346153843 0.716042 0.34305460576923075 0.7215007211538461 0.3451642572115385 0.7250607572115384 0.35064935096153843 0.7260101009615384 0.35613444471153843 0.7241114158653846 0.35571251442307694 0.7168726730769232 0.34875066346153843 0.716042
7 0.4673130625 0.7516423629807693 0.48250255288461535 0.7510490240384615 0.5059196802884616 0.747132983173077 0.5221639951923077 0.7391822355769231 0.5234297860576923 0.7321808317307692 0.5341890072115384 0.7256540985576923 0.5211091706730769 0.7172286778846153 0.5145692524038462 0.7191273629807693 0.5084512620192307 0.7140246442307692 0.5050758221153846 0.712719298076923 0.5002236225961538 0.7146179831730769 0.49452756490384614 0.717466014423077 0.4862999254807692 0.7219753942307693 0.47617359855769226 0.7263661057692308 0.47511877403846153 0.7347915240384615 0.46773499519230766 0.73550353125 0.47300912259615385 0.7417929302884616 0.47300912259615385 0.7463023076923078 0.4681569254807692 0.7454716346153846 0.4673130625 0.7516423629807693
5 0.49874686778846156 0.715567326923077 0.5046538894230769 0.7098712692307692 0.50191134375 0.706667235576923 0.49009729807692304 0.707616579326923 0.4886205408653846 0.7108206129807692 0.49073019230769227 0.7135499735576923 0.49874686778846156 0.715567326923077
5 0.5230078557692308 0.7069045721153846 0.5175227620192308 0.7088032572115384 0.5135144254807693 0.7088032572115384 0.5092951225961538 0.7115326201923077 0.5092951225961538 0.71319396875 0.5139363557692308 0.717466014423077 0.5187885528846153 0.7159233317307692 0.5251175072115385 0.7099899375000001 0.5230078557692308 0.7069045721153846
5 0.5179446923076922 0.7037005384615385 0.5234297860576923 0.7084472548076923 0.5333451466346154 0.7040565432692307 0.5337670769230769 0.6999031658653846 0.5246955769230769 0.6975298100961538 0.5183666225961538 0.701208514423077 0.5179446923076922 0.7037005384615385
5 0.5371425192307693 0.7290954663461539 0.5299697043269231 0.7300448100961539 0.5242736466346154 0.7328928389423077 0.5249065432692308 0.7359782019230768 0.5367205889423077 0.7368088774038462 0.5396741009615384 0.7328928389423077 0.5371425192307693 0.7290954663461539
5 0.21900711298076925 0.742979608173077 0.2080369278846154 0.7433356129807692 0.20086411298076923 0.7509303557692307 0.2010750793269231 0.7537783846153846 0.2196400096153846 0.7543717259615386 0.21900711298076925 0.742979608173077
7 0.22027290384615383 0.7557957403846154 0.2476983701923077 0.755439735576923 0.2647865456730769 0.7521170360576923 0.2915791153846154 0.736452875 0.29326683653846153 0.7283834591346154 0.28314051201923074 0.7207887139423076 0.2768115576923077 0.7172286778846153 0.25803566105769227 0.7187713605769231 0.2441119639423077 0.7251794254807693 0.23925976442307692 0.7295701370192307 0.22238255528846154 0.7376395528846154 0.21542070673076924 0.7417929302884616 0.22027290384615383 0.7557957403846154
7 0.26330978846153846 0.7538970528846154 0.2593014519230769 0.7537783846153846 0.24748740625 0.7568637500000001 0.2329308125 0.7623224735576923 0.22723475240384616 0.7675438605769231 0.24643257932692306 0.7781053004807692 0.2666852307692308 0.7771559591346153 0.27638962740384615 0.770747891826923 0.27849927884615383 0.7613731298076923 0.2761786610576923 0.7535410504807692 0.27217032451923073 0.7541343894230769 0.26330978846153846 0.7538970528846154
5 0.2871488485576923 0.7409622548076923 0.2822966514423077 0.7524730384615383 0.3008615817307692 0.7485569975961539 0.30191640625 0.7409622548076923 0.29115718509615385 0.73740221875 0.2871488485576923 0.7409622548076923
13 0.2863049879807692 0.7575757572115385 0.2968532451923077 0.7584064326923077 0.31035501201923077 0.7540157211538462 0.31499624519230773 0.7477263245192307 0.3152072091346154 0.7407249182692308 0.31035501201923077 0.7346728557692307 0.30191640625 0.7336048461538461 0.29305587259615384 0.7356221995192308 0.28208568509615384 0.7535410504807692 0.2863049879807692 0.7575757572115385
8 0.30655763942307696 0.7585251009615385 0.2998067572115385 0.7571010865384615 0.2972751754807692 0.760186451923077 0.2936887668269231 0.760186451923077 0.2882036730769231 0.7630344807692307 0.28672691826923075 0.7660011778846154 0.2850391971153846 0.7712225649038462 0.27744445192307693 0.7756132764423077 0.2700606730769231 0.7811906658653847 0.26626330048076924 0.7878360673076923 0.2713264639423077 0.7903280937499999 0.28060893028846157 0.7922267788461539 0.2974861394230769 0.7744265961538462 0.3036041274038462 0.7655265048076922 0.3027602668269231 0.7608984591346153 0.30655763942307696 0.7585251009615385
8 0.22702378846153845 0.7722905745192308 0.21795228846153847 0.7719345721153845 0.20909175240384614 0.7734772548076924 0.20592727644230768 0.7779866322115385 0.20634920673076923 0.7832080192307692 0.2095136826923077 0.7849880384615384 0.21985097355769231 0.7875987307692308 0.22934440384615387 0.7865307211538461 0.23820493990384614 0.7892600817307692 0.2476983701923077 0.791633439903846 0.25803566105769227 0.7892600817307692 0.26626330048076924 0.7877173990384615 0.26816198798076923 0.7836826923076923 0.2649975096153846 0.7826146802884615 0.25845759134615387 0.7777492980769231 0.24812030048076925 0.7779866322115385 0.23609528846153843 0.7756132764423077 0.22702378846153845 0.7722905745192308
8 0.35360286298076926 0.75176103125 0.36035374519230773 0.7516423629807693 0.36837042067307696 0.7491503389423078 0.37891867788461536 0.7463023076923078 0.38925596875 0.7421489326923076 0.3957958870192308 0.7389448990384615 0.3938972019230769 0.7358595360576923 0.38545859615384614 0.736927545673077 0.37638709615384613 0.7371648822115385 0.36921428125 0.7410809230769231 0.3628853269230769 0.7417929302884616 0.35296996634615385 0.7432169447115384 0.35191514182692313 0.7487943341346154 0.35360286298076926 0.75176103125
8 0.34474232692307694 0.7427422716346155 0.35381382692307695 0.7432169447115384 0.3626743629807692 0.742030264423077 0.3662607692307692 0.7402502475961538 0.3637291875 0.73550353125 0.3542357572115385 0.7338421802884615 0.34474232692307694 0.7349101923076924 0.3415778509615385 0.7344355216346153 0.33672565144230765 0.738232891826923 0.33693661778846157 0.7409622548076923 0.3398901298076923 0.7430982764423076 0.34474232692307694 0.7427422716346155
8 0.4548661225961539 0.7231620721153846 0.44684944711538466 0.7232807403846154 0.4407314591346154 0.7257727644230769 0.4386218076923077 0.7290954663461539 0.4407314591346154 0.7305194807692307 0.4438959350961538 0.7319434951923077 0.44790427163461544 0.7319434951923077 0.45845252884615384 0.7327741706730768 0.46372665625000004 0.7344355216346153 0.4713214014423077 0.7340795168269231 0.4725871923076923 0.7279087860576923 0.4696336802884616 0.724823423076923 0.46182797115384616 0.7226874014423077 0.4548661225961539 0.7231620721153846
8 0.46014025 0.7432169447115384 0.4622499014423077 0.7372835504807692 0.45739770192307694 0.7327741706730768 0.4498029591346154 0.7320621634615385 0.44452882932692306 0.7333675096153847 0.44136435336538465 0.7378768894230769 0.44157531971153846 0.7435729471153846 0.44136435336538465 0.747132983173077 0.4403095288461539 0.7510490240384615 0.44452882932692306 0.7569824182692309 0.4472713774038462 0.7585251009615385 0.44663848076923074 0.7605424543269231 0.45296743509615384 0.7607797908653846 0.4533893653846154 0.7584064326923077 0.4588744591346154 0.7550837331730769 0.46014025 0.7474889879807692 0.46014025 0.7432169447115384
5 0.34221074519230765 0.7581690961538462 0.34284364182692306 0.7625598076923077 0.35107128125 0.7588811033653846 0.36436208413461535 0.7613731298076923 0.365627875 0.7549650649038462 0.3517041754807692 0.7515236947115385 0.3479068052884615 0.7518796995192307 0.3462190841346154 0.7530663774038462 0.34221074519230765 0.7581690961538462
5 0.3320844206730769 0.7459463052884616 0.32997476923076924 0.7490316706730769 0.32617739663461537 0.7518796995192307 0.33271731490384615 0.7531850456730769 0.34199978124999997 0.7516423629807693 0.34284364182692306 0.7448782932692308 0.3352488966346154 0.7428609399038462 0.3320844206730769 0.7459463052884616
5 0.3236458149038462 0.7478449903846154 0.32955283894230775 0.7493876730769231 0.3363037211538461 0.7430982764423076 0.3360927572115384 0.7379955576923076 0.32934187259615383 0.7377582211538461 0.32533353605769233 0.7398942427884615 0.32448967548076924 0.7436916153846155 0.3236458149038462 0.7478449903846154
11 0.40001518990384616 0.7417929302884616 0.38545859615384614 0.7542530576923077 0.3806063990384615 0.7548463966346154 0.3793406081730769 0.7629158125 0.40634414423076926 0.7725279110576923 0.41478274759615386 0.7676625264423076 0.4181581899038462 0.7466583124999999 0.40001518990384616 0.7417929302884616
8 0.5183666225961538 0.7750199350961539 0.5242736466346154 0.770747891826923 0.5265942644230769 0.7657638413461538 0.5249065432692308 0.7636278197115385 0.5204762740384615 0.7618478004807692 0.5139363557692308 0.7618478004807692 0.5086622283653847 0.7677811947115385 0.5033880985576923 0.7753759399038462 0.5073964375 0.7786986394230768 0.5057087163461539 0.7803599903846153 0.5021223100961538 0.7828520168269232 0.5078183677884616 0.7843946995192308 0.5145692524038462 0.7816653365384615 0.5183666225961538 0.7750199350961539
8 0.5107718798076923 0.747132983173077 0.5143582860576923 0.7504556850961539 0.5246955769230769 0.7496250096153846 0.53102453125 0.7497436778846154 0.5253284735576923 0.7421489326923076 0.5213201346153846 0.7409622548076923 0.5152021466346154 0.7426236033653846 0.51288153125 0.7451156298076923 0.5107718798076923 0.747132983173077
9 0.5732175552884615 0.7620851370192308 0.5702640432692307 0.7620851370192308 0.5580280673076923 0.7618478004807692 0.5550745552884615 0.7646958293269231 0.5552855192307692 0.7676625264423076 0.551910079326923 0.7727652475961538 0.5523320096153846 0.7796479831730768 0.5607706129807692 0.78237734375 0.5679434278846154 0.7820213413461539 0.5759601033653846 0.7751386033653845 0.5793355432692308 0.7714598990384616 0.5774368581730769 0.7665945168269231 0.5732175552884615 0.7620851370192308
7 0.50381003125 0.7693238774038461 0.5031771346153846 0.7576944254807692 0.5008565192307692 0.7504556850961539 0.48693281971153846 0.7515236947115385 0.4803929014423077 0.7576944254807692 0.4696336802884616 0.7635091514423077 0.46794595913461534 0.7705105576923077 0.46794595913461534 0.7770372908653846 0.4768064951923077 0.7791733125 0.4962152860576923 0.7747826009615385 0.50381003125 0.7693238774038461
8 0.36415111778846154 0.7750199350961539 0.36014278125000004 0.7725279110576923 0.3523370721153846 0.7730025817307692 0.3476958389423077 0.7764439519230769 0.34938356009615384 0.7813093341346153 0.3546576875 0.7871240600961538 0.3586660264423077 0.7934134591346154 0.3647840144230769 0.7969734951923078 0.3677375264423077 0.7963801538461539 0.3732226177884615 0.7868867235576923 0.36415111778846154 0.7750199350961539
8 0.6770123966346154 0.73550353125 0.6616119423076923 0.7315874903846153 0.6563378149038462 0.7362155384615385 0.6616119423076923 0.7393009038461538 0.6713163389423078 0.7421489326923076 0.6776452908653846 0.7401315793269231 0.6770123966346154 0.73550353125
6 0.5932592427884615 0.7099899375000001 0.5966346850961538 0.717466014423077 0.6149886490384615 0.715567326923077 0.6103474182692308 0.7064299014423077 0.5932592427884615 0.7099899375000001
10 0.5255394375 0.7734772548076924 0.5251175072115385 0.7763252836538462 0.5230078557692308 0.7779866322115385 0.5225859254807692 0.7811906658653847 0.5230078557692308 0.7851067067307693 0.5316574254807692 0.7848693701923076 0.5367205889423077 0.781902673076923 0.5358767283653847 0.7757319447115385 0.5346109375 0.7714598990384616 0.5295477740384615 0.7714598990384616 0.5249065432692308 0.7725279110576923 0.5255394375 0.7734772548076924
8 0.49874686778846156 0.7967361586538462 0.5171008341346154 0.791752108173077 0.5141473221153846 0.7859373822115384 0.5092951225961538 0.7847507019230769 0.5031771346153846 0.7873613966346155 0.4941056346153846 0.7896160865384616 0.48503413461538464 0.7931761225961539 0.47828325 0.7957868149038462 0.48123676201923077 0.7994655192307693 0.4892534375 0.7980415048076923 0.49874686778846156 0.7967361586538462
7 0.41689239903846154 0.8178590408653845 0.44052049278846156 0.8159603557692308 0.44579462019230764 0.8031442235576923 0.4554990168269231 0.7922267788461539 0.44579462019230764 0.7816653365384615 0.4396766322115385 0.7788173076923077 0.42427617788461536 0.7872427283653847 0.41499371394230766 0.7951934759615384 0.40718800240384617 0.8017202091346154 0.40697703846153843 0.8101456298076923 0.41689239903846154 0.8178590408653845
6 0.40360159615384616 0.8091962860576923 0.3985384326923077 0.7983975096153846 0.3915765841346154 0.7978041706730769 0.3702691081730769 0.8078909399038461 0.37237875721153846 0.8177403725961538 0.38166122355769233 0.8202323990384616 0.40360159615384616 0.8091962860576923
8 0.3628853269230769 0.8320991875 0.36415111778846154 0.8351845528846155 0.37069103846153845 0.8343538774038461 0.3810283293269231 0.8332858653846155 0.39642878125000003 0.8303191682692308 0.4061331778846154 0.8259284567307692 0.4004371201923077 0.8191643870192308 0.3934752716346154 0.8210630745192307 0.38461473557692305 0.82284309375 0.3757541995192308 0.8262844615384615 0.3721677932692308 0.8284204831730769 0.36204146634615386 0.8302005024038461 0.3628853269230769 0.8320991875
3 0.34537522355769235 0.8325738581730769 0.3396791634615385 0.8336418701923077 0.3375695120192308 0.8357778918269231 0.33693661778846157 0.8396939326923077 0.3426326754807692 0.84135528125 0.3626743629807692 0.8442033100961539 0.3757541995192308 0.8456273269230768 0.3822941201923077 0.8452713221153847 0.38630245673076924 0.8412366153846154 0.38440376923076924 0.8380325817307692 0.37406647836538465 0.8363712307692308 0.34537522355769235 0.8325738581730769
7 0.2740690120192308 0.8342352091346155 0.2778663822115385 0.8175030384615384 0.2588795216346154 0.8146550096153846 0.24242424278846153 0.8122816514423078 0.231032125 0.8138243341346154 0.22491413701923074 0.8129936586538461 0.21816325240384618 0.8158416875000001 0.21584263701923076 0.8236737668269231 0.21436588221153846 0.8325738581730769 0.22196062500000002 0.8362525624999999 0.2344075673076923 0.8401686033653846 0.22639089423076925 0.8455086586538462 0.22153869471153845 0.8510860480769231 0.22639089423076925 0.8547647524038461 0.24031459134615385 0.8447966514423076 0.25149574278846154 0.8421859567307692 0.2740690120192308 0.8342352091346155
7 0.32512256971153847 0.7807159951923077 0.32512256971153847 0.76386515625 0.3122536971153846 0.7650518341346154 0.30022868509615386 0.7739519254807692 0.2814527908653846 0.7913961033653846 0.26963874278846156 0.7890227451923076 0.27470190625 0.8018388774038462 0.29938482692307694 0.7973294975961539 0.28292954567307693 0.8249791153846153 0.31288659375 0.8188083846153845 0.34010109375 0.8006521995192308 0.3415778509615385 0.7896160865384616 0.3213251995192307 0.7821400096153847 0.32512256971153847 0.7807159951923077
7 0.5571842067307693 0.8253351177884615 0.5576061370192308 0.8167910312500001 0.5483236706730769 0.8160790240384616 0.5424166466346154 0.8170283653846154 0.5377754158653846 0.8177403725961538 0.5259613677884615 0.8234364326923077 0.5206872403846154 0.8299631658653847 0.5232188221153846 0.8375579110576923 0.5297587403846153 0.8406432740384615 0.5257504038461538 0.8417112860576924 0.5240626826923077 0.846458 0.5299697043269231 0.8480006826923077 0.539252170673077 0.8407619423076922 0.5538087644230769 0.8317431826923076 0.5571842067307693 0.8253351177884615
8 0.5217420649038462 0.7972108293269231 0.5158350432692308 0.7957868149038462 0.5133034615384615 0.8011268701923077 0.5092951225961538 0.8048055745192308 0.5069745072115385 0.820469735576923 0.5177337283653846 0.8208257379807692 0.5213201346153846 0.8064669254807693 0.5206872403846154 0.8019575456730769 0.5217420649038462 0.7972108293269231
5 0.5035990649038461 0.7962614879807692 0.4936837043269231 0.7976855024038462 0.49241791346153846 0.8017202091346154 0.4926288774038462 0.8059922524038462 0.506552576923077 0.8050429110576923 0.5035990649038461 0.7962614879807692
7 0.5717408004807693 0.8086029471153846 0.5837658125 0.807060264423077 0.5903057307692308 0.8106203004807693 0.5993772307692308 0.7979228365384615 0.57828071875 0.7859373822115384 0.5700530793269231 0.7821400096153847 0.5628802644230769 0.7861747163461538 0.5614035096153847 0.789853420673077 0.5607706129807692 0.7923454471153846 0.5605596490384616 0.7979228365384615 0.5717408004807693 0.8086029471153846
12 0.5459439447115385 0.81027346875 0.551594139423077 0.8129219999999999 0.5542622884615385 0.81203915625 0.5509663413461539 0.81027346875 0.5461008942307692 0.8077132235576923 0.5439035961538461 0.8055944014423078 0.5396659471153846 0.8067420961538462 0.5406076466346155 0.8100086177884616 0.5459439447115385 0.81027346875
5 0.5302489543269231 0.8055944014423078 0.5267960552884615 0.8028575865384616 0.5219306081730769 0.8045349879807693 0.5203611105769231 0.8123922932692308 0.5307198028846154 0.81203915625 0.5302489543269231 0.8055944014423078
7 0.7653599014423077 0.7784028317307693 0.7601805552884616 0.7748714591346153 0.7543734086538462 0.7727526346153847 0.7451133653846154 0.7725760649038461 0.7491940625000001 0.7761074375000001 0.7437008149038462 0.7778731249999999 0.7452703149038461 0.7818459182692308 0.7426021658653846 0.7852890072115385 0.7393062187499999 0.7908509206730769 0.7397770673076922 0.7990613605769231 0.7454272644230768 0.8040052836538462 0.7550012091346154 0.799855920673077 0.7711670480769232 0.7904094975961539 0.7677141514423076 0.7889969495192308 0.7684988990384615 0.7848475865384615 0.7653599014423077 0.7784028317307693
9 0.6747787764423077 0.9452055817307692 0.6747787764423077 0.9523648028846154 0.6804726586538461 0.9551908124999999 0.6891809519230769 0.9574516177884616 0.7002337836538461 0.9514228004807692 0.7019084567307693 0.9416259711538462 0.6942049663461538 0.9410607716346154 0.6858316081730769 0.9389883653846154 0.6791329230769231 0.9410607716346154 0.6747787764423077 0.9452055817307692
12 0.5749404375 0.721190454326923 0.5710485697115385 0.7230940841346154 0.5698640889423077 0.72594953125 0.5718946298076923 0.7287097956730769 0.5720638413461538 0.7307086081730769 0.5725714759615385 0.7345158677884616 0.5725714759615385 0.7376568581730769 0.5754480721153846 0.7383231298076923 0.5754480721153846 0.7368002259615385 0.5749404375 0.7326122379807691 0.5754480721153846 0.7280435240384615 0.5769709759615385 0.725663985576923 0.576801764423077 0.7229989038461538 0.5749404375 0.721190454326923
12 0.48167376201923073 0.7819959134615384 0.4838286201923077 0.7837674543269231 0.4911219855769231 0.7828350649038461 0.5028908245192307 0.7822756298076924 0.5020620336538462 0.7809702836538462 0.4917850192307692 0.7803176105769231 0.4871437860576923 0.7786393076923077 0.48266831009615385 0.7791055024038461 0.48167376201923073 0.7819959134615384