7 0.7885338341346154 0.5807419783653847 0.7928849903846154 0.5467062716346154 0.7911445288461538 0.5157647211538461 0.7885338341346154 0.475540704326923 0.7754803677884615 0.4430520745192308 0.7650375937499999 0.4244871442307692 0.7371901971153847 0.43067545432692306 0.7250069615384616 0.45388161778846153 0.7197855745192308 0.4971997884615385 0.7258771923076923 0.5451591947115385 0.7458925096153847 0.5683653581730769 0.7554650504807692 0.5575358149038462 0.7650375937499999 0.5528945817307692 0.7746101370192308 0.5714595120192307 0.7885338341346154 0.5807419783653847
7 0.9756335288461538 0.5730065913461538 0.9521372884615384 0.563724125 0.9530075192307692 0.5451591947115385 0.9503968245192307 0.5235001081730769 0.937343358173077 0.5173117980769231 0.9321219711538462 0.52195303125 0.9164578100961538 0.5265942644230769 0.9129768870192307 0.5482533485576924 0.9112364254807692 0.5559887379807692 0.9103661923076923 0.5761007451923077 0.9208089663461538 0.5915715216346153 0.9434349759615385 0.5900244447115385 0.9643205240384615 0.5853832115384615 0.9756335288461538 0.5730065913461538
7 0.9678014471153846 0.3656981971153846 0.9721526033653846 0.37343358413461536 0.9782442211538461 0.3981868245192308 0.9834656081730769 0.3997339014423077 0.9912976875 0.4182988341346154 0.9982595384615384 0.41675175721153845 0.9982595384615384 0.3347566442307693 0.9904274567307693 0.3347566442307693 0.9712823725961539 0.3517744975961538 0.9678014471153846 0.3656981971153846
7 0.8468393197115385 0.17850181009615385 0.8294346971153845 0.20016089663461537 0.8120300745192307 0.22336706009615387 0.8129003052884615 0.24966737740384615 0.8233430793269231 0.27906185336538464 0.8390072403846154 0.26049692067307695 0.8583353100961539 0.24404228846153847 0.8692014375 0.22296858173076922 0.86163325 0.20325505048076925 0.8538011706730769 0.1877842764423077 0.8468393197115385 0.17850181009615385
7 0.6353731562499999 0.14446610336538462 0.6353731562499999 0.15838980288461538 0.6414647740384616 0.16921934375 0.6519075456730768 0.17076642307692308 0.6614800889423077 0.1522014903846154 0.6597396274038462 0.14137194951923077 0.6484266225961538 0.11352455288461538 0.6405945408653846 0.11507162980769231 0.6362433870192308 0.10733624278846153 0.6223196875 0.11043039663461539 0.6031746033653846 0.11507162980769231 0.5988234471153846 0.13518363701923078 0.6005639086538461 0.14910733653846153 0.610136451923077 0.1599368798076923 0.6249303822115385 0.16457811298076924 0.6353731562499999 0.14446610336538462
7 0.8439022908653846 0.6211555120192307 0.8530397163461539 0.6035575048076923 0.8591313365384615 0.5873131899038462 0.8606542403846155 0.5643004110576924 0.8720760240384616 0.5656541033653846 0.875883283653846 0.558885639423077 0.8804519975961539 0.5521171754807692 0.8697916658653846 0.5453487115384615 0.8667458581730769 0.5318117836538462 0.8522782644230769 0.5318117836538462 0.8408564807692307 0.5453487115384615 0.8271503413461538 0.5656541033653846 0.8210587235576923 0.5900205769230769 0.8301961490384616 0.6089722764423077 0.8439022908653846 0.6211555120192307
7 0.8949195913461538 0.4208089663461539 0.9017726610576923 0.44111436057692305 0.9078642788461538 0.4492365168269231 0.9246162283653846 0.44382174519230766 0.9329922019230769 0.4275774302884615 0.9428910817307692 0.4208089663461539 0.9535514134615385 0.41404050240384616 0.9657346490384615 0.3964424951923077 0.9649731971153847 0.37478340865384613 0.9535514134615385 0.37884448798076925 0.9558357692307692 0.36666125240384617 0.9581201274038461 0.32469677403846153 0.9307078461538462 0.3206356947115384 0.9139558966346153 0.3233430793269231 0.906341375 0.3219893870192308 0.9032955649038462 0.3517706298076923 0.9017726610576923 0.36530756009615384 0.9078642788461538 0.38696664423076926 0.9139558966346153 0.3950888028846154 0.906341375 0.4032109591346154 0.8949195913461538 0.4208089663461539
8 0.9284234903846154 0.4424680528846154 0.9162402524038461 0.45194390384615385 0.9086257307692308 0.46006606009615386 0.9109100865384616 0.4695419110576923 0.9192860625 0.46548083173076926 0.9383223677884616 0.45600498076923074 0.956597221153846 0.44382174519230766 0.956597221153846 0.4302848173076923 0.9520285096153847 0.4181015817307693 0.9406067259615385 0.428931125 0.9284234903846154 0.4424680528846154
8 0.9649731971153847 0.4884936105769231 0.9741106225961539 0.5060916177884616 0.9832480504807692 0.5223359326923077 0.9901011201923077 0.5182748533653846 0.9931469302884615 0.5020305384615384 0.9832480504807692 0.4776640673076923 0.9741106225961539 0.45600498076923074 0.9626888389423077 0.44111436057692305 0.9543128653846153 0.4492365168269231 0.956597221153846 0.4736029879807692 0.9649731971153847 0.4884936105769231
8 0.78527046875 0.46006606009615386 0.7974537043269231 0.4722492956730769 0.8309576033653846 0.48037145432692313 0.8347648629807692 0.46277344711538465 0.82410453125 0.45465128846153846 0.8004995120192308 0.4465291322115385 0.7944078942307692 0.4505902091346154 0.784509014423077 0.4505902091346154 0.78527046875 0.46006606009615386
8 0.7890777283653846 0.29491552884615385 0.7822246586538462 0.29491552884615385 0.7814632067307692 0.3138672307692308 0.7791788509615384 0.3450021658653846 0.784509014423077 0.37478340865384613 0.7867933725961538 0.3964424951923077 0.8050682259615385 0.38967403125 0.8020224182692307 0.36124648076923077 0.798976608173077 0.33011154326923076 0.7906006346153845 0.30980615144230766 0.7890777283653846 0.29491552884615385
8 0.784509014423077 0.4153941947115385 0.7913620865384616 0.41404050240384616 0.7814632067307692 0.38425925961538465 0.7677570673076922 0.36530756009615384 0.7593810913461538 0.35989278846153844 0.7517665697115384 0.3761371009615385 0.7685185192307693 0.3964424951923077 0.784509014423077 0.4153941947115385
8 0.8675073100961538 0.19744964182692307 0.9025341129807691 0.20963287740384617 0.90481846875 0.19880333653846155 0.8933966850961539 0.1906811778846154 0.8675073100961538 0.17985163461538461 0.8675073100961538 0.19744964182692307
8 0.8895894254807692 0.17172947836538463 0.9223318701923078 0.23941412259615386 0.9329922019230769 0.22723088701923075 0.9093871826923077 0.1757905576923077 0.8964424951923077 0.15413147115384615 0.8895894254807692 0.17172947836538463
8 0.7395833341346154 0.0918615985576923 0.7449134999999999 0.08373944230769231 0.7517665697115384 0.06478774038461538 0.7601425432692307 0.04042126923076923 0.7609039951923078 0.03365280528846154 0.7525280216346153 0.02282326201923077 0.7441520456730769 0.048543425480769224 0.7395833341346154 0.0918615985576923
8 0.7966922524038461 0.8106725144230769 0.7875548245192309 0.7984892788461538 0.7715643269230769 0.7930745072115385 0.7570967355769231 0.7808912716346155 0.7411062379807691 0.7917208149038462 0.7357760721153846 0.7957818942307693 0.74339059375 0.8066114350961539 0.7593810913461538 0.8174409783653847 0.7738486850961538 0.82285575 0.7837475625000001 0.8323316009615385 0.798976608173077 0.8282705216346155 0.8004995120192308 0.82285575 0.7966922524038461 0.8106725144230769
8 0.7342531682692308 0.8648202307692308 0.7388218822115384 0.8648202307692308 0.7251157403846153 0.8485759158653846 0.703795076923077 0.8445148365384616 0.6832358677884615 0.8404537572115385 0.6702911802884616 0.8485759158653846 0.6702911802884616 0.8566980721153846 0.6794286057692307 0.8688813076923078 0.6916118413461538 0.8797108509615386 0.7114096009615385 0.8837719302884615 0.7274000985576923 0.8878330096153846 0.7357760721153846 0.8837719302884615 0.7342531682692308 0.8648202307692308
8 0.907102826923077 0.8986625504807692 0.9170017067307692 0.9149068653846153 0.9307078461538462 0.9270901009615385 0.9307078461538462 0.9203216370192308 0.9261391322115385 0.9054310168269232 0.9139558966346153 0.8797108509615386 0.9032955649038462 0.8742960793269231 0.9010112091346154 0.8824182379807692 0.907102826923077 0.8986625504807692
8 0.8774061899038461 0.9027236298076923 0.8682687620192309 0.9013699375 0.8598927884615384 0.90949209375 0.8614156923076923 0.9189679447115384 0.8728374759615385 0.9203216370192308 0.8774061899038461 0.9162605576923077 0.8774061899038461 0.9027236298076923
2 0.8568469783653847 0.6319850552884615 0.8598927884615384 0.6468756778846154 0.8705531177884616 0.6644736850961538 0.8796905456730768 0.6847790769230768 0.8880665216346154 0.6996696995192307 0.8941581394230769 0.6969623125000001 0.8880665216346154 0.6766569206730769 0.8766447379807693 0.6441682908653846 0.8667458581730769 0.6292776706730769 0.8568469783653847 0.6319850552884615
8 0.7418676899038462 0.24347519951923077 0.7563352836538461 0.21910872836538461 0.7685185192307693 0.20151072115384616 0.7685185192307693 0.18391271394230768 0.7609039951923078 0.17714425 0.745674951923077 0.20286441346153847 0.7327302620192307 0.2177550360576923 0.7312073581730769 0.24076781490384616 0.7418676899038462 0.24347519951923077
8 0.7258771923076923 0.19609594951923076 0.7251157403846153 0.21234026442307694 0.7342531682692308 0.22181611538461538 0.74339059375 0.19880333653846155 0.7464364038461538 0.17443686298076924 0.7449134999999999 0.15413147115384615 0.7411062379807691 0.14871669951923078 0.7312073581730769 0.16496101442307692 0.7258771923076923 0.19609594951923076
8 0.6581079447115384 0.24482889423076923 0.6718140841346153 0.24482889423076923 0.6878045817307693 0.23806042788461537 0.6878045817307693 0.22046242067307692 0.6718140841346153 0.22046242067307692 0.6565850384615385 0.22723088701923075 0.6466861610576923 0.23264565625 0.6482090649038461 0.24347519951923077 0.6581079447115384 0.24482889423076923
8 0.7441520456730769 0.12028914903846154 0.7411062379807691 0.13788715625 0.7494822115384616 0.14465562019230768 0.7601425432692307 0.15007039182692308 0.7768944927884616 0.14871669951923078 0.7776559447115384 0.14059454086538462 0.7685185192307693 0.1324723846153846 0.7639498052884615 0.12705761298076923 0.7525280216346153 0.12435022836538462 0.7441520456730769 0.12028914903846154
8 0.5568347956730769 0.8675276153846153 0.5598806033653847 0.8878330096153846 0.5674951274038461 0.8959551658653846 0.5743481971153847 0.8878330096153846 0.5682565793269231 0.8594054591346154 0.5652107692307692 0.849929608173077 0.553788985576923 0.8418074495192307 0.5515046298076923 0.847222221153846 0.5568347956730769 0.8675276153846153
8 0.5454130120192308 0.8864793149038461 0.553788985576923 0.8729423870192308 0.54160575 0.8418074495192307 0.5355141322115384 0.8336852932692308 0.527899610576923 0.8282705216346155 0.5271381586538462 0.8391000649038461 0.5324683245192308 0.8539906875000001 0.5454130120192308 0.8864793149038461
8 0.5058174951923077 0.8336852932692308 0.51419346875 0.8526369927884615 0.5233308966346154 0.8783571586538461 0.527899610576923 0.8905403942307692 0.5400828461538462 0.8932477812499999 0.5370370360576924 0.8810645432692308 0.5355141322115384 0.8634665360576924 0.5271381586538462 0.8458685288461538 0.5195236346153846 0.8255631370192307 0.5058174951923077 0.8336852932692308
8 0.5530275336538462 0.9040773221153846 0.5347526802884615 0.8973088581730769 0.5309454182692307 0.9040773221153846 0.54160575 0.9189679447115384 0.5621649615384615 0.9297974879807692 0.5644493173076923 0.9121994807692307 0.5530275336538462 0.9040773221153846
8 0.4814510240384615 0.9636398100961538 0.5164778269230769 0.9704082740384615 0.5172392788461538 0.9487491875 0.48449683173076924 0.9419807235576924 0.4799281177884615 0.9541639591346154 0.4814510240384615 0.9636398100961538
8 0.42053484375 0.9866525889423077 0.4281493653846154 0.9758230456730769 0.435763889423077 0.9622861177884615 0.43195662740384616 0.9473954951923077 0.4258650096153846 0.9406270312499999 0.41748903605769233 0.9555176514423077 0.41139741826923076 0.9771767379807692 0.42053484375 0.9866525889423077
8 0.42358065384615384 0.9352122596153846 0.42053484375 0.9257364086538461 0.4083516081730769 0.9338585673076923 0.392361110576923 0.9487491875 0.39464546875 0.9649935024038462 0.3954069206730769 0.9717619663461539 0.4083516081730769 0.9677008870192307 0.42358065384615384 0.9352122596153846
8 0.40911306009615384 0.787659735576923 0.4304337235576923 0.8093188221153846 0.44337841105769227 0.81473359375 0.44566276923076925 0.8052577427884615 0.4380482451923077 0.7930745072115385 0.4281493653846154 0.7795375793269231 0.4121588701923077 0.7687080360576922 0.4068287043269231 0.7781838846153846 0.40911306009615384 0.787659735576923
8 0.3718019014423077 0.39373511057692306 0.3603801177884615 0.36666125240384617 0.352004141826923 0.37342971634615385 0.3550499519230769 0.3964424951923077 0.36875609134615384 0.4329922019230769 0.37484770913461535 0.4235163533653846 0.3718019014423077 0.39373511057692306
8 0.45784600480769233 0.5507634831730769 0.45480019471153843 0.5345191682692307 0.4410940552884615 0.5291043966346154 0.4403326033653846 0.5724225697115385 0.44718567307692303 0.606264889423077 0.4525158389423077 0.5846058052884615 0.45784600480769233 0.5507634831730769
8 0.514954923076923 0.45871236778846153 0.49972587740384616 0.46412713942307693 0.4982029735576923 0.48037145432692313 0.5134320168269231 0.48443253125 0.5309454182692307 0.4695419110576923 0.5309454182692307 0.45600498076923074 0.514954923076923 0.45871236778846153
8 0.29794103365384617 0.9419807235576924 0.29032650961538464 0.9419807235576924 0.2857577980769231 0.9798841225961539 0.28347343990384616 0.9934210528846154 0.30327119951923076 0.9961284375 0.3055555552884615 0.9649935024038462 0.29794103365384617 0.9419807235576924
0 0.15935672596153846 0.8539906875000001 0.1646868918269231 0.8106725144230769 0.16773269951923078 0.7822449639423077 0.15250365384615383 0.76735434375 0.13955896634615386 0.7714154206730769 0.15021929807692308 0.7984892788461538 0.14412768028846154 0.8282705216346155 0.12737573076923075 0.8323316009615385 0.1075779735576923 0.835038985576923 0.09996344951923077 0.8201483653846153 0.07788133653846155 0.858051764423077 0.12356846875 0.8770034663461538 0.15402656009615387 0.8973088581730769 0.15935672596153846 0.8539906875000001
0 0.3200231490384615 0.7308046346153846 0.33601364423076924 0.7456952572115385 0.35809575961538465 0.7484026418269232 0.3573343076923077 0.701023391826923 0.35581140384615384 0.6644736850961538 0.32687621874999995 0.653644141826923 0.3169773389423077 0.6495830625000001 0.3169773389423077 0.7050844711538461 0.3200231490384615 0.7308046346153846
0 0.1829617451923077 0.5886668822115385 0.18067738701923078 0.622509204326923 0.1860075528846154 0.6604126057692308 0.1860075528846154 0.6929012355769231 0.22103435576923078 0.7050844711538461 0.23093323557692308 0.6874864639423077 0.23093323557692308 0.65770521875 0.22788742788461538 0.6252165913461538 0.22560306971153846 0.598142733173077 0.1829617451923077 0.5886668822115385
0 0.04513888942307693 0.8418074495192307 0.03904727163461538 0.8201483653846153 0.011634990384615386 0.8377463725961539 0.001736110576923077 0.847222221153846 0.003259014423076923 0.8729423870192308 0.03371710576923077 0.8553443798076923 0.04513888942307693 0.8418074495192307
13 0.061890838942307694 0.9988358245192307 0.08473440625 0.9961284375 0.09311037980769231 0.9812378173076923 0.09234892788461538 0.9528102668269232 0.07255117067307693 0.9338585673076923 0.049707603365384614 0.936565951923077 0.04057017548076923 0.9636398100961538 0.04666179326923077 0.9866525889423077 0.061890838942307694 0.9988358245192307
11 0.34438962019230773 0.8986625504807692 0.3215460528846154 0.8918940865384616 0.30860136538461536 0.9000162451923077 0.29641812980769233 0.9203216370192308 0.2994639375 0.9487491875 0.3169773389423077 0.9731156586538462 0.3306834783653846 0.9758230456730769 0.3477095528846154 0.9642625072115384 0.3481968822115385 0.9514565745192307 0.3542885 0.9149068653846153 0.34438962019230773 0.8986625504807692
13 0.0942982451923077 0.972926141826923 0.08942495192307692 0.9512670576923077 0.06201267067307692 0.9328568341346154 0.043128653846153844 0.9480181947115385 0.043128653846153844 0.9783409134615385 0.06079434615384616 0.9989170456730769 0.08576998076923077 0.9967511370192308 0.0942982451923077 0.972926141826923
7 0.3848684206730769 0.6058046346153846 0.3745126706730769 0.6220489495192307 0.3757309951923077 0.6350444014423077 0.38669590625 0.6621182596153846 0.4013157884615385 0.6599523509615385 0.42141812980769233 0.6426250817307693 0.42324561298076924 0.581979639423077 0.4122807019230769 0.5722330504807692 0.38974171634615384 0.5733160072115384 0.3848684206730769 0.6058046346153846
7 0.46893274759615383 0.13471951442307692 0.47136939663461536 0.11522633653846154 0.4695419110576923 0.09898202403846154 0.4719785576923077 0.07515702884615384 0.4561403509615385 0.05566385096153846 0.45248537980769227 0.07948884615384616 0.4451754375 0.11089451923076923 0.42872806971153843 0.10006497836538462 0.4372563365384616 0.12930474278846155 0.44273879086538465 0.16720814423076924 0.4506578942307692 0.19753086538461537 0.45735867548076925 0.16071041826923077 0.46893274759615383 0.13471951442307692
7 0.3848684206730769 0.13363656009615385 0.3757309951923077 0.12713883413461538 0.3702485384615385 0.15312973798076923 0.3617202740384616 0.16612518990384617 0.3678118918269231 0.17478882451923078 0.38791423076923076 0.17478882451923078 0.39766081971153844 0.16612518990384617 0.40497075961538465 0.15204678365384613 0.4116715408653846 0.13688542307692309 0.40070662740384616 0.13580246875000002 0.3848684206730769 0.13363656009615385
7 0.32456140384615384 0.10764565625000001 0.33308966826923075 0.13255360576923075 0.34161793269230767 0.15746155528846154 0.36050194951923076 0.17587177884615385 0.3702485384615385 0.13905133173076922 0.36293859615384616 0.1119774735576923 0.3495370360576923 0.09356725240384615 0.33187134615384617 0.09789906971153847 0.32456140384615384 0.10764565625000001
7 0.34161793269230767 0.09140134375 0.3361354783653846 0.07948884615384616 0.3172514615384615 0.07407407451923077 0.30933235817307697 0.10764565625000001 0.31055068269230773 0.1412172403846154 0.3172514615384615 0.16720814423076924 0.32943469711538464 0.18345245913461536 0.3324805072115385 0.17695473317307692 0.3209064326923077 0.15204678365384613 0.3300438605769231 0.1412172403846154 0.3239522427884615 0.10439679326923076 0.34161793269230767 0.09140134375
4 0.2831384014423077 0.08057180048076923 0.29044834375 0.09140134375 0.3038499014423077 0.10223088701923078 0.3068957115384615 0.08273770913461538 0.3032407403846154 0.07623998317307693 0.3068957115384615 0.059995668269230765 0.3026315793269231 0.05566385096153846 0.28009259375 0.062161576923076924 0.2831384014423077 0.08057180048076923
4 0.27643762259615384 0.11414338221153845 0.2880116947115385 0.12280701682692308 0.2965399615384615 0.10547975 0.28496588701923076 0.08382066346153846 0.27643762259615384 0.08815248076923078 0.27643762259615384 0.11414338221153845
7 0.04191033173076923 0.2094433605769231 0.035209552884615386 0.19103313942307693 0.015716375 0.20186268028846152 0.002314814903846154 0.20836040625000002 0.002314814903846154 0.23435131009615384 0.01998050721153846 0.2213558581730769 0.04191033173076923 0.2094433605769231
11 0.11318226201923078 0.3870478653846154 0.1326754375 0.3913796826923077 0.15765107211538462 0.39354559134615386 0.15826023317307694 0.3643058269230769 0.15216861538461537 0.32531947115384613 0.13815789423076924 0.29824561298076924 0.11013645192307692 0.31232401923076925 0.10952729086538461 0.36538878125 0.11318226201923078 0.3870478653846154
7 0.22161306009615386 0.7498375576923078 0.23440545913461538 0.7444227860576924 0.24841618028846155 0.7465886947115384 0.2441520456730769 0.7270955168269231 0.24719785576923076 0.6989387043269232 0.23318713461538462 0.6924409783653847 0.21369395673076924 0.7097682475961539 0.21064814903846155 0.7335932427884615 0.22161306009615386 0.7498375576923078
7 0.17653508653846156 0.6458739447115385 0.15886939663461538 0.6545375793269231 0.15826023317307694 0.6632012139423077 0.16557017548076924 0.6772796177884615 0.17531676442307692 0.6913580240384616 0.18689083894230768 0.668615985576923 0.17653508653846156 0.6458739447115385
2 0.34039961057692303 0.3729694615384615 0.34039961057692303 0.36538878125 0.3129873293269231 0.3664717355769231 0.2843567259615385 0.3740524158653846 0.2855750480769231 0.3957115 0.3038499014423077 0.39354559134615386 0.32760721153846156 0.38488195913461537 0.34039961057692303 0.3729694615384615
2 0.2423245625 0.5375785144230769 0.2648635480769231 0.5343296514423077 0.2679093557692308 0.5170023822115385 0.26973684134615383 0.5072557932692308 0.23562378125 0.5170023822115385 0.2423245625 0.5375785144230769
11 0.16252436538461537 0.5440762403846153 0.17592592548076924 0.5646523725961539 0.19420077884615386 0.5462421490384616 0.19541910336538462 0.5224171538461538 0.19054581009615384 0.5083387475961538 0.17775341105769232 0.5029239759615385 0.16374268990384613 0.5126705649038461 0.16252436538461537 0.5440762403846153
7 0.26613126201923076 0.9895246129807693 0.2789730528846154 0.9868903990384615 0.28490003124999996 0.9561579134615384 0.2839122019230769 0.9421087764423077 0.2626738581730769 0.9385964903846153 0.2503259831730769 0.9359622788461538 0.24933815384615385 0.9675728365384615 0.25822862259615387 0.9860123293269231 0.26613126201923076 0.9895246129807693
8 0.39998221875 0.8384963918269231 0.41430575240384615 0.8463990312499999 0.42220839182692305 0.8341060360576923 0.44147107692307697 0.8226911129807692 0.42714754326923077 0.8086419759615384 0.4172692427884615 0.8042516201923077 0.4029457091346154 0.8042516201923077 0.3994883052884616 0.8218130408653846 0.39998221875 0.8384963918269231
6 0.42418405288461536 0.6426865456730769 0.4093666033653846 0.6655163942307692 0.39356132451923076 0.6971269519230769 0.3817073653846154 0.7331278653846154 0.3688655769230769 0.7647384230769231 0.3609629375 0.7928366971153846 0.36195076682692306 0.8051296899038461 0.37182906490384615 0.7981051225961538 0.39109174999999996 0.7489331442307693 0.4068970288461538 0.708541875 0.4236901370192308 0.6786874591346154 0.43455626682692305 0.6549795408653847 0.42418405288461536 0.6426865456730769
2 0.540747985576923 0.5908803533653846 0.5511201995192307 0.5864899975961538 0.5659376490384616 0.5803435024038461 0.5886577355769231 0.5698066490384616 0.5950786322115384 0.5645382235576923 0.5911273125000001 0.5425864471153846 0.5698889687500001 0.5522452283653846 0.5526019447115385 0.5680505072115385 0.5367966658653847 0.5794654302884615 0.540747985576923 0.5908803533653846
2 0.5471688798076924 0.6725409615384615 0.5491445384615384 0.6848339567307692 0.5570471778846154 0.6918585264423077 0.5634680721153846 0.6751751754807693 0.5679133076923077 0.6488330432692307 0.570876798076923 0.6295154807692308 0.5614924134615384 0.6216128413461538 0.5530958581730769 0.6365400480769231 0.5471688798076924 0.6725409615384615
2 0.5822368413461538 0.6901023822115384 0.5886577355769231 0.6584918245192307 0.5926090552884615 0.6321496947115384 0.5802611826923078 0.6242470528846155 0.5713707139423077 0.6374181201923077 0.5689011370192307 0.67956553125 0.570876798076923 0.6857120288461539 0.5822368413461538 0.6901023822115384
2 0.44492848076923075 0.7752752740384616 0.44641022596153845 0.7858121274038462 0.4607337596153846 0.7831779158653845 0.47999644471153846 0.7858121274038462 0.4967895528846154 0.7787875600961538 0.4987652115384615 0.7621042091346154 0.4962956370192308 0.7542015697115385 0.47703295432692305 0.7568357836538462 0.46023984615384617 0.7638603509615384 0.44492848076923075 0.7752752740384616
7 0.5274122812500001 0.8112761875000001 0.5209913870192308 0.7779094879807692 0.5145704927884616 0.7506892860576924 0.49925912740384615 0.7559577115384616 0.476045125 0.784055985576923 0.48345384855769236 0.8165446153846154 0.4864173389423077 0.8332279639423077 0.5274122812500001 0.8112761875000001
2 0.5703828822115384 0.7752752740384616 0.5782855216346154 0.7796656298076924 0.5906333966346154 0.7647384230769231 0.6029812716346153 0.7533234999999999 0.6113778245192308 0.7313717235576923 0.6163169759615384 0.719956798076923 0.6069325913461538 0.7015173076923078 0.596560375 0.7182006562500001 0.586682076923077 0.7401524326923077 0.5852003317307692 0.7480550721153846 0.5703828822115384 0.7752752740384616
2 0.5812490120192307 0.8349841057692308 0.6014995264423078 0.8103981177884615 0.61236565625 0.7937147668269231 0.6103899951923076 0.7849340576923077 0.5970542908653846 0.791958625 0.5782855216346154 0.8042516201923077 0.558528923076923 0.8218130408653846 0.5674193942307693 0.8437648173076924 0.5812490120192307 0.8349841057692308
2 0.5945847163461538 0.7717629903846154 0.5733463725961538 0.7787875600961538 0.5723585432692307 0.7989831947115384 0.5837185865384615 0.80161740625 0.6094021658653846 0.7743972043269232 0.6094021658653846 0.7621042091346154 0.5945847163461538 0.7717629903846154
7 0.48295993269230764 0.6549795408653847 0.47308163461538466 0.6224909110576923 0.4543128653846154 0.6312716225961539 0.4380136706730769 0.65410146875 0.4503615456730769 0.6681506057692308 0.46023984615384617 0.6778093894230769 0.47851469951923076 0.6707848197115385 0.48295993269230764 0.6549795408653847
7 0.3693594903846154 0.9394745624999999 0.3752864711538461 0.9140105024038461 0.3654081706730769 0.8718630913461538 0.35503595673076926 0.8507893870192308 0.32046190865384616 0.8270814663461539 0.3160166754807693 0.83674025 0.3041627163461538 0.8674727355769231 0.3066322908653846 0.8911806538461539 0.3130531850961538 0.8946929375000001 0.3254010600961538 0.8938148677884615 0.34219416826923077 0.8982052235576923 0.35404812740384617 0.9166447139423077 0.3520724663461538 0.9447429879807692 0.3693594903846154 0.9394745624999999
6 0.48493559375 0.9956711105769231 0.5058766009615385 1 0.5056800216346153 0.9956711105769231 0.4962956370192308 0.9877684711538461 0.47703295432692305 0.9745974038461539 0.4676485697115385 0.9675728365384615 0.46468507932692305 0.9789877596153846 0.4711059735576923 0.9868903990384615 0.48493559375 0.9956711105769231
6 0.45628852644230766 0.8525455288461538 0.44492848076923075 0.8262033966346153 0.43307452163461535 0.8428867451923078 0.42862928605769235 0.8604481682692308 0.4385075865384615 0.8823999447115385 0.44986762980769235 0.8692288774038462 0.45628852644230766 0.8525455288461538
4 0.41825707211538465 0.8709850192307692 0.41233009374999996 0.8525455288461538 0.4024517932692308 0.8595700961538462 0.3989943894230769 0.877131516826923 0.4068970288461538 0.9008394350961539 0.41578749759615385 0.8823999447115385 0.41825707211538465 0.8709850192307692
3 0.4212205625 0.7296155817307692 0.4113422644230769 0.7296155817307692 0.40837877403846157 0.7471770024038461 0.4093666033653846 0.7612261394230769 0.4192449038461538 0.7673726346153846 0.42270230769230765 0.7506892860576924 0.4212205625 0.7296155817307692
6 0.4399893317307692 0.7313717235576923 0.4306049471153846 0.7313717235576923 0.42862928605769235 0.7410305048076923 0.4444345673076923 0.7410305048076923 0.4572763557692308 0.7357620769230769 0.45530069471153845 0.7278594375 0.4399893317307692 0.7313717235576923
8 0.48740516826923075 0.027158737980769232 0.49777738221153844 0.04647630048076923 0.5056800216346153 0.038573661057692304 0.49382606250000005 0.0008166057692307692 0.4745633798076923 0.0008166057692307692 0.48740516826923075 0.027158737980769232
4 0.3046566298076923 0.25545721153846157 0.32589497355769226 0.26423792307692306 0.32836454807692306 0.23438350721153847 0.30910186538461537 0.21243173076923078 0.3036688004807692 0.22296858173076922 0.3046566298076923 0.25545721153846157
2 0.20093448798076924 0.844642889423077 0.2048858076923077 0.8692288774038462 0.21822151201923076 0.8736192331730769 0.2276058942307692 0.8622043100961538 0.2226667451923077 0.8244472548076923 0.21624585096153848 0.8042516201923077 0.20883712740384613 0.7972270504807693 0.19895882692307693 0.8130323317307693 0.20093448798076924 0.844642889423077
13 0.11795677163461539 0.7462989302884615 0.11054804807692308 0.7401524326923077 0.09721234375 0.7621042091346154 0.10264540865384617 0.7743972043269232 0.11499328365384616 0.78229984375 0.12536549759615384 0.76298228125 0.11795677163461539 0.7462989302884615
6 0.2502436634615385 0.7574182379807692 0.2621799423076923 0.780543701923077 0.27452781730769227 0.7700068485576923 0.27551564663461536 0.7542015697115385 0.26909475240384617 0.7401524326923077 0.2502436634615385 0.7574182379807692
6 0.2740339014423077 0.7120541586538462 0.26613126201923076 0.7234690841346154 0.26711909375 0.7304936514423077 0.2760095625 0.7313717235576923 0.2814426274038462 0.7375182187499999 0.2853939471153846 0.7454208581730769 0.2957661610576923 0.7471770024038461 0.3016931394230769 0.7340059350961539 0.3041627163461538 0.7208348701923076 0.2947783317307692 0.7208348701923076 0.2740339014423077 0.7120541586538462
9 0.10709064423076924 0.8727411610576923 0.09622451442307692 0.8692288774038462 0.08535838461538461 0.8832780144230769 0.09029753365384616 0.9043517211538461 0.10412715384615384 0.9025955769230769 0.11449936778846154 0.8903025841346154 0.10709064423076924 0.8727411610576923
7 0.02954599278846154 0.937718420673077 0.02312509855769231 0.91049821875 0.006331990384615385 0.9122543605769231 0.00040500961538461535 0.9184008581730769 0.00040500961538461535 0.9596701971153846 0.021149439903846153 0.9552798413461538 0.02954599278846154 0.937718420673077
7 0.15648213942307693 0.9122543605769231 0.16290303365384615 0.92981578125 0.16784218509615384 0.9421087764423077 0.16586652403846153 0.9930368966346154 0.1985916826923077 1 0.2093310408653846 0.9947930384615385 0.20883712740384613 0.9561579134615384 0.21575193509615384 0.9596701971153846 0.2345207043269231 0.9544017692307692 0.24341117548076924 0.9289377091346154 0.24044768509615383 0.9078640048076922 0.2276058942307692 0.9008394350961539 0.21822151201923076 0.9175227860576923 0.20241623317307691 0.9254254254807692 0.20587363701923078 0.9061078629807693 0.19797099759615386 0.8876683701923077 0.1915501033653846 0.8841560865384616 0.1792022283653846 0.9025955769230769 0.17376916346153845 0.9131324302884616 0.15648213942307693 0.9122543605769231
4 0.18117788942307692 0.9552798413461538 0.19500750721153848 0.9403526322115384 0.18463529326923078 0.9175227860576923 0.17574482451923076 0.9140105024038461 0.16092737499999998 0.9131324302884616 0.1594456298076923 0.9210350697115385 0.16537261057692307 0.9359622788461538 0.18117788942307692 0.9552798413461538
4 0.1683360985576923 0.9438649182692308 0.1638908653846154 0.9666947644230769 0.1742630793269231 0.9816219735576923 0.18414137740384615 0.9623044086538461 0.1683360985576923 0.9438649182692308
4 0.22118500000000002 0.9227912115384616 0.2226667451923077 0.9017175072115384 0.22118500000000002 0.88503415625 0.20982495673076923 0.8823999447115385 0.20537972115384615 0.8894245120192308 0.2048858076923077 0.9140105024038461 0.2048858076923077 0.9245473533653846 0.22118500000000002 0.9227912115384616
2 0.08190098076923077 0.9192789278846154 0.07548008653846154 0.9254254254807692 0.08535838461538461 0.9482552740384615 0.09671842788461538 0.9754754759615385 0.10116366346153846 0.970207048076923 0.09474276923076924 0.9482552740384615 0.08190098076923077 0.9192789278846154
0 0.01621028846153846 0.9517675576923076 0.021643353365384612 0.9675728365384615 0.03003990865384615 0.9877684711538461 0.0334973125 0.9974272524038461 0.050863362980769225 1 0.09721234375 0.9991833942307693 0.09671842788461538 0.9816219735576923 0.09474276923076924 0.9754754759615385 0.08288881009615384 0.9368403485576924 0.07202268028846154 0.937718420673077 0.03942429326923077 0.9482552740384615 0.02460684375 0.9500114158653846 0.01621028846153846 0.9517675576923076
2 0.6879346442307692 0.7304936514423077 0.6760806850961539 0.7287375096153846 0.6573119182692307 0.7550796418269231 0.6676841322115384 0.7726410625 0.67262328125 0.780543701923077 0.6849711562499999 0.7717629903846154 0.6958372836538461 0.7515673557692307 0.7022581802884615 0.7401524326923077 0.7042338389423077 0.7278594375 0.7150999687499999 0.7190787283653847 0.7101608197115384 0.7023953774038462 0.6968251153846154 0.7208348701923076 0.6879346442307692 0.7304936514423077
2 0.6652145576923078 0.6909804543269231 0.6494092788461538 0.6962488798076923 0.6494092788461538 0.7076638052884616 0.6568180024038461 0.7094199471153846 0.6696597908653845 0.706785733173077 0.6795380913461538 0.708541875 0.7042338389423077 0.6936146682692308 0.7042338389423077 0.6699067500000001 0.6810198365384615 0.6751751754807693 0.6716354519230769 0.6839558846153846 0.6652145576923078 0.6909804543269231
2 0.6286648485576923 0.6830778149038461 0.6444701274038462 0.6909804543269231 0.6681780456730769 0.6892243124999999 0.6686719615384615 0.6804436009615386 0.6587936610576922 0.6690286778846153 0.6424944687499999 0.6620041105769231 0.6227378701923078 0.6576137548076922 0.6227378701923078 0.6742971033653846 0.6286648485576923 0.6830778149038461
2 0.72744784375 0.9254254254807692 0.7170756274038462 0.9359622788461538 0.6992946899038461 0.950889485576923 0.6992946899038461 0.9640605504807692 0.7067034134615385 0.9728412620192307 0.7190512884615384 0.9640605504807692 0.7299174182692307 0.9517675576923076 0.7353504831730769 0.941230704326923 0.7506618461538461 0.9271815673076923 0.7476983557692307 0.9157666442307693 0.7348565673076923 0.9271815673076923 0.72744784375 0.9254254254807692
2 0.737326141826923 0.9895246129807693 0.7516496754807692 0.9904026826923077 0.7457226971153846 0.9693289783653847 0.7383139711538462 0.9666947644230769 0.72744784375 0.9623044086538461 0.722014778846154 0.9666947644230769 0.722014778846154 0.9860123293269231 0.737326141826923 0.9895246129807693
2 0.6765746009615385 0.8753753750000001 0.6721293653846154 0.8797657307692308 0.6765746009615385 0.8964490817307692 0.6834894110576923 0.9096201466346153 0.6904042211538461 0.9254254254807692 0.698306860576923 0.9324499927884615 0.7067034134615385 0.9333280649038461 0.6988007740384615 0.9166447139423077 0.6943555408653845 0.8964490817307692 0.6844772403846153 0.8797657307692308 0.6765746009615385 0.8753753750000001
8 0.77535759375 0.8929367956730769 0.7768393389423077 0.8753753750000001 0.766467125 0.8692288774038462 0.7511557620192307 0.86571659375 0.7417713774038461 0.8665946658653846 0.7412774615384615 0.8832780144230769 0.7565888245192307 0.8885464423076923 0.77535759375 0.8929367956730769
4 0.7773332548076923 0.6821997427884615 0.7788149999999999 0.7041515192307692 0.7872115528846154 0.7173225865384616 0.7995594278846153 0.7243471538461539 0.8148707908653846 0.7243471538461539 0.8148707908653846 0.7032734495192308 0.8074620673076923 0.6786874591346154 0.7941263629807692 0.6628821802884615 0.7832602331730769 0.65410146875 0.7773332548076923 0.6821997427884615
7 0.7269539278846153 0.6365400480769231 0.7259660985576922 0.6453207596153846 0.7313991634615384 0.6532233990384615 0.7363383124999999 0.6637602524038461 0.7437470360576923 0.6857120288461539 0.7506618461538461 0.6883462403846153 0.7501679302884615 0.6707848197115385 0.75411925 0.6716628918269231 0.7639975504807693 0.6620041105769231 0.7615279759615384 0.6409304038461539 0.7363383124999999 0.6163444134615385 0.7269539278846153 0.6365400480769231
8 0.8069681514423077 0.7340059350961539 0.8040046634615384 0.7217129399038461 0.7936324471153846 0.7243471538461539 0.7852358942307693 0.7375182187499999 0.7763454254807692 0.7577138533653845 0.7842480649038461 0.7638603509615384 0.8000533437499999 0.7454208581730769 0.8069681514423077 0.7340059350961539
2 0.8049924927884615 0.8463990312499999 0.7921507043269231 0.8595700961538462 0.7906689591346154 0.8841560865384616 0.795608108173077 0.8911806538461539 0.8069681514423077 0.88503415625 0.813389048076923 0.8604481682692308 0.8049924927884615 0.8463990312499999
2 0.7595523149038462 0.9166447139423077 0.7763454254807692 0.9359622788461538 0.7802967451923077 0.9254254254807692 0.7817784879807692 0.9113762884615385 0.7699245288461539 0.9008394350961539 0.7630097211538461 0.8929367956730769 0.75411925 0.8885464423076923 0.7501679302884615 0.8990832932692308 0.7595523149038462 0.9166447139423077
12 0.6227378701923078 0.21155365865384615 0.6252074447115384 0.19662645192307693 0.6296526778846154 0.17467467548076923 0.6252074447115384 0.1737966033653846 0.6197743798076923 0.19223609615384613 0.6163169759615384 0.20452909134615385 0.613353485576923 0.22296858173076922 0.6192804639423077 0.22999315144230767 0.6227378701923078 0.21155365865384615
6 0.5822368413461538 0.23526157692307692 0.5881638221153846 0.21945629807692307 0.5881638221153846 0.2071633028846154 0.570876798076923 0.20101680528846153 0.5624802427884615 0.19926066346153848 0.5590228389423078 0.22121243990384618 0.5723585432692307 0.2291150793269231 0.5822368413461538 0.23526157692307692
5 0.7501679302884615 0.12023426923076924 0.7610340600961538 0.12550269471153847 0.7669610408653846 0.10442899038461538 0.7659732091346154 0.09564827884615384 0.7496740168269231 0.08862371153846153 0.7501679302884615 0.12023426923076924
5 0.7318930769230769 0.022768382211538464 0.7279417572115385 0.04911051442307693 0.7407835456730769 0.055257012019230764 0.7447348653846154 0.03418330528846154 0.737326141826923 0.02452452403846154 0.7318930769230769 0.022768382211538464
6 0.7906689591346154 0.11496584375 0.7788149999999999 0.09740442307692308 0.7684427860576922 0.11760005528846153 0.7719001899038461 0.13164919230769231 0.7931385336538461 0.1764308173076923 0.8074620673076923 0.15535711057692309 0.7906689591346154 0.11496584375
6 0.8598170528846154 0.26423792307692306 0.8677196923076923 0.2686282764423077 0.889451951923077 0.26950634855769234 0.8914276129807692 0.23526157692307692 0.8627805432692307 0.23613964903846155 0.8598170528846154 0.26423792307692306
4 0.6494092788461538 0.005206961538461539 0.6568180024038461 0.02364645432692308 0.6662023870192308 0.04384208653846154 0.6750928557692308 0.039451733173076924 0.6805259206730769 0.027158737980769232 0.6834894110576923 0.002572747596153846 0.6494092788461538 0.005206961538461539
11 0.7007764350961538 0.14657640144230769 0.693861625 0.16325974999999998 0.6988007740384615 0.17730888701923078 0.7141121394230769 0.19750452163461538 0.7289295865384615 0.1755527451923077 0.7363383124999999 0.15623518269230768 0.7407835456730769 0.13867376201923076 0.7313991634615384 0.11672198557692307 0.7185573725961538 0.10794127403846154 0.7116425624999999 0.11847812740384615 0.7007764350961538 0.14657640144230769
9 0.6647206418269231 0.11145355769230769 0.6676841322115384 0.13164919230769231 0.6741050264423076 0.1448202596153846 0.6889224759615384 0.1439421875 0.7022581802884615 0.11584391346153847 0.6943555408653845 0.08686756971153847 0.6795380913461538 0.0833552860576923 0.6711415360576923 0.0921359951923077 0.6647206418269231 0.11145355769230769
5 0.6829954951923077 0.10355091826923077 0.6785502596153846 0.10091670673076923 0.6691658774038461 0.11233162980769232 0.6681780456730769 0.12023426923076924 0.6775624302884615 0.13077112259615384 0.6869468149038462 0.11408777163461538 0.6829954951923077 0.10355091826923077
11 0.70275209375 0.10618513221153845 0.7067034134615385 0.06842807692307692 0.7012703485576923 0.055257012019230764 0.6829954951923077 0.04911051442307693 0.6662023870192308 0.045598230769230766 0.6607693221153846 0.06930614903846154 0.6533605985576922 0.1096974158653846 0.6518788533653846 0.1360395480769231 0.6597814927884615 0.15184482692307694 0.6790441754807692 0.15799132451923076 0.6928737956730769 0.14042990384615386 0.70275209375 0.10618513221153845
5 0.7506618461538461 0.4170222860576923 0.7630097211538461 0.4064854326923077 0.7565888245192307 0.38189944230769235 0.743253122596154 0.38453365625 0.7427592067307691 0.3968266514423077 0.7506618461538461 0.4170222860576923
10 0.6518788533653846 0.4942925384615385 0.6469397019230769 0.5100978173076923 0.6553362572115385 0.5188785264423077 0.6612632379807692 0.4995609639423077 0.6518788533653846 0.4942925384615385
4 0.6755867716346154 0.4117538581730769 0.6489153629807694 0.3678503052884615 0.6143413149038461 0.31867832692307696 0.5931029711538461 0.37311873317307687 0.5758159471153846 0.40736350480769234 0.5861881610576923 0.43194949278846156 0.6118717403846154 0.47058462019230773 0.6375553197115384 0.5074636033653847 0.6563240865384615 0.4916583245192308 0.6859589855769231 0.44424248798076926 0.6879346442307692 0.43370563461538464 0.6755867716346154 0.4117538581730769
5 0.6894163894230769 0.40385121874999996 0.68151375 0.4179003557692308 0.6889224759615384 0.42931528125 0.6978129447115384 0.4179003557692308 0.6894163894230769 0.40385121874999996
10 0.6785502596153846 0.37663101682692307 0.6854650697115384 0.3933143677884615 0.6918859639423077 0.38628979807692304 0.6874407307692307 0.3617038100961538 0.6820076658653846 0.36433802163461537 0.6785502596153846 0.37663101682692307
5 0.6904042211538461 0.36433802163461537 0.7057155841346153 0.3660941634615385 0.70275209375 0.34502045913461543 0.6973190288461539 0.3441423870192307 0.6889224759615384 0.3529230985576923 0.6904042211538461 0.36433802163461537
11 0.7407835456730769 0.27126249038461536 0.7210269471153846 0.27828706009615384 0.7101608197115384 0.2984826923076923 0.7042338389423077 0.31955639903846156 0.7057155841346153 0.36697223557692304 0.6953433701923076 0.3696064495192308 0.6933677091346154 0.3739968028846154 0.698306860576923 0.39858279326923074 0.7101608197115384 0.42141264182692306 0.72744784375 0.43458370673076924 0.7422652908653846 0.4266810673076923 0.7467105264423076 0.4117538581730769 0.7388078870192308 0.38628979807692304 0.7467105264423076 0.3757529471153846 0.7521435913461538 0.3687283774038462 0.7556009951923077 0.3555573125 0.7600462307692308 0.3485327427884615 0.7630097211538461 0.3371178197115385 0.767454954326923 0.3239467548076923 0.7778271682692307 0.29760462259615383 0.7728880192307692 0.2888239110576923 0.758564485576923 0.29584848076923076 0.75411925 0.3002388341346154 0.7481922716346154 0.27477477403846157 0.7407835456730769 0.27126249038461536
7 0.7481922716346154 0.28618969951923073 0.7397957163461538 0.2809212716346154 0.7165817139423076 0.2940923389423077 0.7106547331730769 0.31780025721153843 0.7086790745192307 0.33975203365384615 0.7155938822115384 0.3625818798076923 0.7323869927884614 0.3687283774038462 0.7467105264423076 0.35116695673076925 0.7536253365384616 0.3257028966346154 0.7556009951923077 0.30901954567307693 0.7481922716346154 0.28618969951923073
7 0.7832602331730769 0.21945629807692307 0.7659732091346154 0.21418787259615385 0.7551070817307692 0.22296858173076922 0.7457226971153846 0.24579843028846152 0.75411925 0.25106685576923077 0.7704184447115385 0.24053000240384614 0.7600462307692308 0.25106685576923077 0.7521435913461538 0.2738967043269231 0.7556009951923077 0.30199497836538464 0.7783210841346153 0.2870677692307692 0.7847419783653845 0.26950634855769234 0.7862237235576923 0.24755457211538462 0.7961020240384615 0.23174929326923077 0.7906689591346154 0.21682208413461537 0.7832602331730769 0.21945629807692307
7 0.7738758485576922 0.21418787259615385 0.7847419783653845 0.20628523317307693 0.7906689591346154 0.19399223798076923 0.7852358942307693 0.18345538461538463 0.7748636802884616 0.17730888701923078 0.7699245288461539 0.1887238125 0.7689366995192307 0.20804137500000003 0.7738758485576922 0.21418787259615385
7 0.7002825192307692 0.3423862451923077 0.7037399230769231 0.32131254086538463 0.7086790745192307 0.2791651298076923 0.6908981346153846 0.28443355528846154 0.6805259206730769 0.28355548557692306 0.68151375 0.3107756875 0.6810198365384615 0.34063010336538463 0.6978129447115384 0.3432643173076923 0.7002825192307692 0.3423862451923077
5 0.6844772403846153 0.26423792307692306 0.6780563461538461 0.2686282764423077 0.6775624302884615 0.28179934375 0.6849711562499999 0.2888239110576923 0.6953433701923076 0.28179934375 0.694849454326923 0.2668721346153846 0.6844772403846153 0.26423792307692306
6 0.6548423413461539 0.20452909134615385 0.6711415360576923 0.18082117307692308 0.673611110576923 0.15974746634615386 0.6637328124999999 0.15623518269230768 0.6459518725961538 0.16589396394230768 0.6420005528846153 0.1781869591346154 0.6420005528846153 0.20101680528846153 0.6548423413461539 0.20452909134615385
11 0.07498617067307692 0.1860895985576923 0.09029753365384616 0.19487031009615385 0.09968191826923077 0.18784574038461538 0.10462106730769231 0.17204046153846153 0.09820017307692308 0.15623518269230768 0.07893749038461538 0.15360096875 0.07103485096153847 0.15886939663461538 0.06658961538461539 0.1711623894230769 0.07498617067307692 0.1860895985576923
11 0.9131598701923077 0.6260031971153845 0.9260016586538462 0.6953708100961538 0.9610696225961538 0.6663944639423077 0.946252173076923 0.5900022836538461 0.9131598701923077 0.6260031971153845
9 0.9442765144230769 0.6944927379807692 0.9284712355769231 0.708541875 0.9274834038461539 0.7313717235576923 0.931928639423077 0.7427866466346154 0.9521791538461539 0.7454208581730769 0.9605757067307692 0.7296155817307692 0.9561304735576923 0.7041515192307692 0.9442765144230769 0.6944927379807692
9 0.8731527572115384 0.9579140552884616 0.8840188870192307 0.9649386225961538 0.8929093557692307 0.9596701971153846 0.8998241658653847 0.941230704326923 0.8924154423076923 0.9236692836538462 0.8830310576923076 0.91049821875 0.8711770985576923 0.9219131418269231 0.8682136081730769 0.937718420673077 0.8731527572115384 0.9579140552884616
7 0.7896811274038461 0.9526456274038462 0.8030168317307692 0.958792125 0.8143768774038461 0.9684509062500001 0.8237612620192307 0.9877684711538461 0.8316639014423076 0.9965491802884615 0.8449996057692307 0.9991833942307693 0.8682136081730769 0.9947930384615385 0.8711770985576923 0.9807439014423077 0.8627805432692307 0.9675728365384615 0.8578413942307692 0.9605482668269231 0.8617927139423076 0.9464991298076922 0.8627805432692307 0.9289377091346154 0.8548779038461538 0.9192789278846154 0.8445056899038461 0.9166447139423077 0.8341334759615384 0.9175227860576923 0.8247490913461538 0.9061078629807693 0.8198099423076923 0.9157666442307693 0.8069681514423077 0.9184008581730769 0.7990655120192307 0.9192789278846154 0.7931385336538461 0.9350842067307692 0.7896811274038461 0.9526456274038462
7 0.809931641826923 0.9140105024038461 0.8119073028846154 0.8982052235576923 0.8040046634615384 0.8806438028846154 0.7891872139423076 0.8894245120192308 0.7827663197115384 0.9052297908653847 0.7837541490384615 0.9271815673076923 0.7946202788461538 0.9245473533653846 0.809931641826923 0.9140105024038461
6 0.8533961586538462 0.26423792307692306 0.8440117740384616 0.25545721153846157 0.8346273894230769 0.27038441826923076 0.8232673461538462 0.3107756875 0.8158586225961538 0.3441423870192307 0.8173403677884615 0.36433802163461537 0.8361091346153846 0.37838715865384615 0.8484570096153846 0.3379958894230769 0.8514204999999999 0.32306868269230765 0.8573474783653846 0.28443355528846154 0.8533961586538462 0.26423792307692306
7 0.8632744591346154 0.27740898798076924 0.8563596490384615 0.2932142668269231 0.852408329326923 0.3423862451923077 0.8667318629807692 0.35116695673076925 0.8775979927884615 0.35994766586538457 0.8909336971153846 0.34063010336538463 0.8963667620192308 0.3055072620192308 0.8874762908653846 0.28179934375 0.8632744591346154 0.27740898798076924
6 0.6410127235576923 0.30814147355769234 0.6173048052884614 0.3055072620192308 0.592115141826923 0.31867832692307696 0.5624802427884615 0.3415081754807692 0.5684072235576922 0.37311873317307687 0.5768037764423076 0.3941924375 0.5891516514423076 0.3739968028846154 0.6024873557692307 0.3441423870192307 0.6118717403846154 0.31955639903846156 0.6212561249999999 0.32658096634615386 0.6474336177884615 0.3564353822115385 0.6444701274038462 0.3239467548076923 0.6410127235576923 0.30814147355769234
4 0.5155583221153847 0.37311873317307687 0.5111130865384615 0.3968266514423077 0.522967045673077 0.40385121874999996 0.5303757716346154 0.38365558653846155 0.5155583221153847 0.37311873317307687
6 0.23205112980769232 0.4995609639423077 0.2226667451923077 0.4626819807692308 0.21031887259615384 0.4565354831730769 0.19648925240384615 0.44424248798076926 0.18809269711538462 0.42580299519230774 0.17376916346153845 0.42141264182692306 0.17376916346153845 0.44073020432692306 0.18414137740384615 0.47673111778846156 0.1925379326923077 0.4732188341346154 0.2019223173076923 0.4951706081730769 0.2142701923076923 0.5153662427884615 0.22711198076923075 0.5109758894230769 0.23205112980769232 0.4995609639423077
6 0.12388375240384615 0.4117538581730769 0.11202979326923077 0.4179003557692308 0.10313932451923077 0.42229071153846154 0.09375493990384615 0.43985213221153846 0.08881578846153845 0.4547793413461539 0.09276710817307691 0.4644381225961538 0.10116366346153846 0.458291625 0.11499328365384616 0.4495109134615385 0.12388375240384615 0.43370563461538464 0.1307985625 0.42229071153846154 0.12388375240384615 0.4117538581730769
6 0.07794966105769231 0.46707233653846153 0.07202268028846154 0.45214512740384616 0.06609570192307693 0.44424248798076926 0.07893749038461538 0.43370563461538464 0.0651078701923077 0.43194949278846156 0.05522957211538461 0.42229071153846154 0.0458451875 0.4108757884615385 0.049796507211538464 0.4266810673076923 0.05621740144230769 0.43458370673076924 0.05226608173076923 0.4459986298076923 0.05868697596153846 0.4574135528846154 0.06609570192307693 0.46619426442307693 0.08041923557692308 0.4899021826923077 0.07794966105769231 0.46707233653846153
12 0.08733404567307691 0.4240468533653846 0.09375493990384615 0.43546177644230766 0.09721234375 0.4249249254807692 0.09523668509615385 0.4196564975961538 0.09029753365384616 0.4187784278846154 0.08041923557692308 0.39858279326923074 0.07646791586538461 0.40033893509615387 0.07745574519230769 0.4117538581730769 0.08733404567307691 0.4240468533653846
4 0.42872806971153843 0.40978990625 0.43360136538461536 0.3913796826923077 0.42750974759615384 0.3837990024038461 0.41654483413461535 0.37621832451923076 0.41106237740384616 0.3859649134615385 0.41471734855769227 0.3967944543269231 0.4250730985576923 0.41628763221153847 0.42872806971153843 0.40978990625
6 0.573708576923077 0.7281784711538462 0.5804093557692307 0.7227636995192307 0.5816276802884615 0.7000216586538461 0.5755360625 0.6935239326923077 0.5694444447115384 0.7184318822115384 0.573708576923077 0.7281784711538462
6 0.7686403509615385 0.8635477572115384 0.7844785576923077 0.8689625288461538 0.7869152043269231 0.8516352620192307 0.7741228076923077 0.8451375360576924 0.7686403509615385 0.8570500336538461 0.7686403509615385 0.8635477572115384
4 0.48416179326923076 0.596058045673077 0.5 0.6036387259615384 0.5085282644230769 0.5776478221153846 0.501827485576923 0.5614035096153847 0.48964424999999995 0.5743989615384616 0.48416179326923076 0.596058045673077