9 0.9661938942307693 0.2822966514423077 0.9704659375 0.26921681249999996 0.9676179086538461 0.2510738125 0.9602605 0.24390099759615386 0.9469696971153846 0.25402732451923077 0.9419856466346155 0.2725922548076923 0.9445963389423077 0.28060893028846157 0.9488683822115385 0.2882036730769231 0.9543271057692307 0.2877817427884616 0.9581244783653846 0.28651595432692306 0.9661938942307693 0.2822966514423077
9 0.9277455000000001 0.1059298076923077 0.9246601346153847 0.08652101682692306 0.9125560120192309 0.08398943509615385 0.9030625817307693 0.08989645913461539 0.8978411947115384 0.10086664423076923 0.8973665216346153 0.11689999519230769 0.9002145504807693 0.12365087740384614 0.9075719591346154 0.13293334375000002 0.9208627620192308 0.12576052884615385 0.9277455000000001 0.1059298076923077
8 0.9574124711538462 0.09031838942307693 0.95931115625 0.08061399278846154 0.9545644423076923 0.07892627163461538 0.9500550625 0.08441136538461538 0.9429349879807692 0.0932719014423077 0.9270334927884616 0.14010615865384615 0.9379509375 0.14601318028846155 0.9567004639423077 0.09791313221153845 0.9574124711538462 0.09031838942307693
9 0.7867680552884615 0.9620262788461538 0.7775119615384616 0.9548534639423077 0.7711038966346154 0.9641359302884616 0.7720532403846154 0.9725745336538462 0.7727652475961538 0.9797473485576924 0.7779866322115385 0.9805912091346154 0.7848693701923076 0.9763719062499999 0.7867680552884615 0.9620262788461538
7 0.9937248413461539 0.4578196322115385 0.9813833822115385 0.4476933076923077 0.9669059014423076 0.46119507451923075 0.9581244783653846 0.48735475 0.9718899519230769 0.5050758221153846 0.9911141490384616 0.48819861057692304 0.9937248413461539 0.4578196322115385
3 0.9227614495192308 0.5662557067307692 0.9085213028846154 0.58735221875 0.8990278725961538 0.6059171490384615 0.9040119230769231 0.6130899639423076 0.9272708293269231 0.5772258942307692 0.9227614495192308 0.5662557067307692
8 0.9061479447115384 0.5886180096153846 0.9061479447115384 0.5835548461538461 0.8919078004807692 0.5928373124999999 0.8826517043269231 0.6046513581730769 0.8871610841346154 0.6143557548076923 0.898553201923077 0.6033855673076923 0.9061479447115384 0.5886180096153846
6 0.8968918509615385 0.5721627307692307 0.8947558293269231 0.5687872884615385 0.8788543317307693 0.5784916826923077 0.8826517043269231 0.5987443365384615 0.8999772163461538 0.5839767764423077 0.8968918509615385 0.5721627307692307
7 0.8805156826923077 0.6004320576923077 0.8729209399038461 0.5924153822115384 0.8684115600961538 0.5970566153846154 0.8589181298076922 0.5941031033653846 0.8503740408653846 0.6097145216346154 0.8508487115384615 0.6249040096153846 0.863190173076923 0.6287013822115385 0.8793290048076923 0.6236382211538462 0.88407571875 0.6130899639423076 0.8805156826923077 0.6004320576923077
8 0.9711779447115384 0.41942398076923076 0.96951659375 0.4236432836538461 0.9661938942307693 0.43630118990384614 0.9583618125 0.4438959350961538 0.9512417403846154 0.44895909855769234 0.94910571875 0.4548661225961539 0.9524284206730769 0.4595073533653846 0.9533777620192307 0.4548661225961539 0.9600231634615385 0.44938102884615383 0.9839940769230769 0.41647046875 0.9856554254807691 0.40634414423076926 0.9763993317307692 0.39621781730769234 0.969041923076923 0.40845379326923076 0.9709406081730769 0.41098537500000004 0.9752126538461539 0.4135169567307692 0.9747379807692307 0.4198459110576923 0.9711779447115384 0.41942398076923076
8 0.9210526322115384 0.4652089158653846 0.9235952187500001 0.47057660336538465 0.9487032788461539 0.47566177884615385 0.9529938990384615 0.4677515048076923 0.9517226033653846 0.4589936995192308 0.9363081610576922 0.4567336225961538 0.9264556322115385 0.4522134639423077 0.9194635144230769 0.46012374038461534 0.9178743966346155 0.46492640625 0.9210526322115384 0.4652089158653846
7 0.975241545673077 0.41689973798076924 0.9706331033653846 0.41040201201923077 0.9669781346153846 0.40333926682692306 0.9560132211538461 0.4106845216346154 0.9442537499999999 0.41802977644230765 0.9385329254807692 0.4327202860576923 0.9439359278846153 0.4457157379807692 0.952834985576923 0.4465632692307692 0.96491228125 0.4355453846153846 0.9695207211538462 0.42311495432692303 0.975241545673077 0.41689973798076924
7 0.9321764567307693 0.37819589182692304 0.9256610721153845 0.38638867788461534 0.9220061009615385 0.4002316586538462 0.922165014423077 0.4135096201923077 0.9248665144230769 0.42367997355769227 0.9350368677884616 0.42537503125000004 0.9491800144230769 0.41605220673076926 0.96491228125 0.40475181490384615 0.9730845264423077 0.3816139375 0.9754004567307692 0.38045597115384616 0.9625286033653846 0.3683080480769231 0.9506102211538461 0.37339322596153846 0.9321764567307693 0.37819589182692304
5 0.9151728966346154 0.4383704831730769 0.9223239254807692 0.4462807572115385 0.9307462500000001 0.43639291346153847 0.91994025 0.4250925216346154 0.9151728966346154 0.4383704831730769
5 0.9363081610576922 0.4355453846153846 0.9377383677884615 0.4265050721153846 0.9269323677884616 0.4248100120192308 0.9266145432692308 0.4324377764423077 0.9363081610576922 0.4355453846153846
11 0.8749682187500001 0.5460067235576923 0.8751271298076924 0.5160606826923076 0.8659102475961539 0.5194508004807692 0.8558988052884615 0.5267960552884615 0.838577420673077 0.5310337043269231 0.8392130697115385 0.55306946875 0.8749682187500001 0.5460067235576923
8 0.8999173653846154 0.5496793509615384 0.9018243076923077 0.5236884471153846 0.8976926009615384 0.5183207620192307 0.8919717764423076 0.5202983293269231 0.8897470120192307 0.5231234278846154 0.8892702764423077 0.5397915072115385 0.8946732764423077 0.5406390384615385 0.8980104254807693 0.5482668028846154 0.8999173653846154 0.5496793509615384
7 0.9502923966346154 0.5132355841346153 0.9487032788461539 0.49345989663461537 0.9480676322115384 0.4880922115384615 0.9388507500000001 0.49515495673076926 0.9460017788461539 0.47989942548076925 0.9499745745192307 0.4804644471153846 0.9501334855769231 0.48837472115384617 0.9585558100961538 0.4914823293269231 0.9569666923076923 0.48554962259615386 0.9609394855769231 0.47537926923076923 0.9620518677884615 0.4694465625 0.9544241033653846 0.46492640625 0.94965675 0.47566177884615385 0.9394863966346154 0.4750967596153846 0.9258199855769231 0.4719891514423077 0.9207348076923078 0.4745317403846154 0.9137426899038462 0.47622679807692303 0.9127892187500001 0.47989942548076925 0.9078629543269231 0.48187699519230764 0.9056381899038463 0.4886572307692308 0.9137426899038462 0.5036302500000001 0.9104055432692307 0.514365625 0.9118357475961538 0.5296211538461538 0.9164441899038462 0.5344238221153846 0.9410755144230769 0.5219933894230769 0.9502923966346154 0.5132355841346153
11 0.9671370456730769 0.30417831971153847 0.9647533677884615 0.2957030264423077 0.9398042211538461 0.3047433389423077 0.9318586322115384 0.34062208653846154 0.928521485576923 0.36294036298076926 0.9313818966346153 0.36491793028846153 0.95505975 0.36039777403846157 0.9671370456730769 0.30417831971153847
5 0.8868866009615384 0.4928948774038462 0.8824370697115385 0.5106929975961538 0.8905415721153845 0.5154956634615384 0.8922896009615384 0.5129530745192308 0.8986460721153846 0.49911009375 0.8868866009615384 0.4928948774038462
8 0.884502923076923 0.5041952716346154 0.8824370697115385 0.4985450745192308 0.8744914831730769 0.4985450745192308 0.8660691586538461 0.5075853894230768 0.8662280697115385 0.5160606826923076 0.8754449519230769 0.5138006057692308 0.884502923076923 0.5041952716346154
2 0.89658021875 0.2663220048076923 0.8945143653846154 0.26264937740384614 0.8868866009615384 0.26829957451923075 0.8787821009615384 0.27677486778846155 0.8635265697115385 0.3027657716346154 0.8721078052884615 0.3101110264423077 0.89658021875 0.2663220048076923
7 0.8485888629807692 0.03748905288461539 0.8536740408653846 0.05980732932692308 0.8892702764423077 0.05330960336538461 0.9266145432692308 0.028166228365384613 0.9299516899038461 0.002740346153846154 0.8452517163461538 0.0016103052884615385 0.8452517163461538 0.0030228557692307694 0.8524027451923076 0.005565442307692308 0.8489066875 0.03014379807692308 0.8485888629807692 0.03748905288461539
10 0.9057971009615385 0.13184733173076923 0.9016653942307692 0.12647964423076924 0.8932430721153846 0.11489674278846153 0.8894291899038461 0.11489674278846153 0.8852974831730769 0.12478458653846153 0.8852974831730769 0.13523744951923075 0.8972158653846154 0.14512529326923077 0.9057971009615385 0.13184733173076923
10 0.8879989831730769 0.11659180048076924 0.8840261875 0.10472638942307692 0.8810068653846154 0.10868152644230769 0.8765573365384616 0.11291917307692308 0.8732201875 0.12195948798076922 0.8787821009615384 0.12902223317307693 0.8879989831730769 0.11659180048076924
7 0.8489066875 0.1284572139423077 0.8551042451923077 0.12224199759615385 0.8660691586538461 0.11885187980769231 0.8775108052884615 0.12732717548076924 0.8778286298076924 0.11009407451923077 0.8759216875 0.10161878125 0.8805301298076924 0.10500889903846153 0.8873633365384616 0.09851117307692309 0.8884757187500001 0.08636325 0.8851385721153846 0.07788795673076923 0.8732201875 0.08325564423076924 0.8616196298076922 0.09257846634615384 0.8516081875 0.10670395913461538 0.84445715625 0.11602678125 0.8425502163461539 0.12563211538461538 0.8489066875 0.1284572139423077
7 0.8907004831730769 0.09003587980769232 0.8976926009615384 0.07562787740384615 0.8973747764423077 0.04991948557692308 0.8886346298076924 0.054157132211538464 0.870041951923077 0.05726474038461538 0.8627320120192308 0.060937367788461545 0.8554220697115384 0.08127807451923076 0.8582824807692307 0.08636325 0.8668637163461538 0.07506285817307692 0.8762395120192308 0.07167274038461538 0.8856153052884616 0.07675791826923077 0.8873633365384616 0.08579823076923078 0.8907004831730769 0.09003587980769232
8 0.9032545120192308 0.15896827403846153 0.902777778846154 0.15416560817307692 0.8961034831730769 0.15218803846153844 0.9002351899038461 0.1482329014423077 0.8978515120192309 0.14484278365384615 0.8934019831730768 0.14427776442307694 0.8910183076923077 0.14173517548076922 0.8865687764423077 0.1428652139423077 0.8848207475961539 0.1504929783653846 0.8900648365384616 0.16235839182692308 0.8949911009615386 0.16716105769230769 0.8980104254807693 0.17394129326923077 0.9032545120192308 0.16913862740384616 0.9032545120192308 0.15896827403846153
7 0.8368293918269232 0.1428652139423077 0.830472920673077 0.15388309855769233 0.8253877451923077 0.1626409014423077 0.8193490985576923 0.17733141346153847 0.8217327740384615 0.1925869423076923 0.8263412163461539 0.19004435336538464 0.83635265625 0.1939994903846154 0.8458873629807692 0.19060937259615385 0.8576468341346154 0.19145690384615385 0.8790999230769232 0.16631352884615386 0.8873633365384616 0.1586857644230769 0.8852974831730769 0.14682035096153848 0.8805301298076924 0.13212984134615385 0.8760806009615384 0.1270446658653846 0.8665458942307692 0.12139446875 0.8517670985576923 0.125914625 0.8450928052884615 0.13438992067307692 0.8368293918269232 0.1428652139423077
8 0.7874078317307693 0.2264881201923077 0.7848652427884615 0.23552843509615384 0.7889969495192308 0.2392010625 0.7945588605769232 0.2335508653846154 0.8104500384615385 0.2024747860576923 0.8107678605769231 0.1954120408653846 0.8075896274038462 0.19060937259615385 0.8053648605769231 0.18919682451923076 0.8018688028846154 0.19202192307692306 0.7971014495192308 0.20360482451923076 0.7904271538461539 0.21547023798076925 0.7874078317307693 0.2264881201923077
4 0.8125158918269231 0.09625109375 0.8150584783653846 0.10303132932692308 0.8190312740384615 0.10783399759615384 0.8203025673076922 0.12054693990384614 0.8476353918269232 0.1013362716346154 0.8382595985576924 0.07562787740384615 0.8339689807692309 0.07139023076923078 0.8338100697115384 0.06234991586538462 0.8285659807692307 0.06347995673076923 0.8225273317307693 0.06884764182692307 0.8161708629807692 0.07591038701923078 0.8150584783653846 0.08240811298076924 0.8125158918269231 0.09625109375
7 0.7977370961538461 0.7652343413461539 0.8040935673076923 0.7691894783653846 0.8083841850961538 0.7672119110576923 0.807112891826923 0.7576065769230769 0.8079074495192308 0.7505438317307692 0.8128337139423076 0.7457411634615384 0.8171243317307693 0.7499788125000001 0.8269768629807692 0.7443286153846155 0.8231629807692307 0.7299206153846154 0.8160119495192307 0.7197502620192308 0.808860920673077 0.7239879086538461 0.79853165625 0.7296381057692307 0.7948766850961538 0.7480012427884616 0.7928108317307692 0.7550639879807692 0.7977370961538461 0.7652343413461539
11 0.7893147716346154 0.7482837524038461 0.794082125 0.743198576923077 0.7923340961538461 0.7307681442307692 0.7880434783653846 0.7242704182692308 0.7797800673076923 0.7220103389423076 0.7785087716346154 0.72031528125 0.7759661826923078 0.7290730865384615 0.7797800673076923 0.7395259495192307 0.7823226538461537 0.7457411634615384 0.7893147716346154 0.7482837524038461
8 0.82014365625 0.6965844567307692 0.8133104495192308 0.6881091610576924 0.8112445961538461 0.6881091610576924 0.806159420673077 0.6852840625 0.8053648605769231 0.6900867307692308 0.8083841850961538 0.6996920649038461 0.8161708629807692 0.708167358173077 0.8209382139423076 0.7115574759615384 0.8237986274038461 0.703647201923077 0.82014365625 0.6965844567307692
10 0.7929697427884614 0.6957369278846154 0.7974192740384616 0.6946068870192307 0.8018688028846154 0.6847190432692307 0.7983727427884616 0.6821764543269231 0.7923340961538461 0.67624375 0.7889969495192308 0.6734186514423077 0.7870900072115384 0.6787863389423077 0.7870900072115384 0.6824589663461539 0.7924930072115385 0.6923468100961538 0.7929697427884614 0.6957369278846154
8 0.8110856850961539 0.6626832788461539 0.80663615625 0.6573155913461538 0.8029811850961538 0.6544904927884615 0.7982138317307693 0.6550555144230769 0.796783625 0.659575670673077 0.7959890673076924 0.6649433557692308 0.8001207740384615 0.668615985576923 0.804411391826923 0.6737011610576923 0.8090198317307693 0.6711585721153847 0.8110856850961539 0.6626832788461539
8 0.82284515625 0.6460151995192308 0.8187134495192308 0.6454501802884616 0.8155352139423078 0.6471452379807693 0.8117213317307693 0.6454501802884616 0.8128337139423076 0.6426250817307693 0.8114035096153847 0.6409300216346154 0.8079074495192308 0.6406475120192308 0.8063183317307693 0.6369748846153847 0.8020277139423077 0.6366923750000001 0.7988494783653847 0.6375399038461539 0.7963068894230769 0.6417775504807692 0.7972603605769231 0.6477102572115385 0.8001207740384615 0.6505353557692307 0.808860920673077 0.6525129254807692 0.8176010673076923 0.6542079831730769 0.8215738629807692 0.6502528461538462 0.82284515625 0.6460151995192308
8 0.7761250961538462 0.6632482980769231 0.7810513605769231 0.6666384158653845 0.7808924495192309 0.6632482980769231 0.7820048317307692 0.657880610576923 0.7855008894230769 0.6547730024038461 0.7883613028846154 0.6482752764423078 0.7883613028846154 0.639799983173077 0.7869310961538462 0.6352798269230769 0.7835939495192308 0.6338672764423077 0.7810513605769231 0.6383874350961538 0.7781909495192308 0.6454501802884616 0.7758072716346154 0.6559030432692308 0.7761250961538462 0.6632482980769231
5 0.8023455384615384 0.7061897908653846 0.8045703028846154 0.7118399855769231 0.8077485384615385 0.7141000649038461 0.8125158918269231 0.7047772403846154 0.8072718028846153 0.70053959375 0.8023455384615384 0.7061897908653846
9 0.7851830673076924 0.7078848485576923 0.783276125 0.6994095552884616 0.7764429182692307 0.6963019471153846 0.7713577427884615 0.6957369278846154 0.7646834471153846 0.7019521418269231 0.7656369182692307 0.7084498677884615 0.7661136538461538 0.7200327716346154 0.7735825072115384 0.7248354375 0.7812102716346154 0.7189027307692307 0.7851830673076924 0.7078848485576923
5 0.7754894471153846 0.702799673076923 0.7719933894230769 0.7022346538461538 0.7688151538461538 0.7061897908653846 0.7675438605769231 0.7101449278846155 0.7699275360576923 0.7118399855769231 0.7753305360576923 0.7109924567307692 0.7754894471153846 0.702799673076923
8 0.6772445817307692 0.7964682956730769 0.6846620216346154 0.7744906923076923 0.6798245625000001 0.7727707067307693 0.6774595793269231 0.7750640216346153 0.669719641826923 0.7936016514423077 0.6707946346153846 0.7966594038461537 0.6738046105769231 0.7985705000000001 0.6772445817307692 0.7964682956730769
11 0.7814112475961538 0.670144860576923 0.7825937403846154 0.6745403822115384 0.779583764423077 0.6854336274038462 0.78119625 0.6869625048076924 0.7862487091346153 0.6900202572115385 0.7899036802884616 0.6991935168269231 0.7876461995192308 0.7028245985576922 0.783453733173077 0.6990024086538462 0.7878611971153846 0.7072201201923077 0.7934511514423076 0.69785575 0.8024810793269231 0.6886824903846154 0.8062435504807692 0.6837136418269231 0.80860853125 0.6770248052884615 0.8025885793269231 0.6709093004807692 0.7960311322115385 0.6670871081730769 0.7946336418269231 0.6628826971153846 0.7905486754807692 0.6600160528846154 0.7917311658653846 0.6603982716346154 0.7894736850961538 0.6592516153846154 0.7853887163461538 0.6621182596153846 0.7816262475961538 0.6667048894230769 0.7814112475961538 0.670144860576923
11 0.752171483173077 0.6609716009615384 0.7544289639423076 0.6649849014423077 0.7593739254807693 0.6678515456730769 0.7663613701923077 0.6691893124999999 0.7682963533653846 0.6716737379807692 0.7718438245192308 0.6707181899038462 0.7733488125 0.6638382451923076 0.7723813197115384 0.6613538197115385 0.7694788437500001 0.6577227379807693 0.763888889423077 0.6556205336538461 0.7575464399038462 0.6531361081730769 0.7535689711538461 0.6575316298076923 0.752171483173077 0.6609716009615384
10 0.7767887860576923 0.6422428629807692 0.7747463028846154 0.641096204326923 0.7729188173076923 0.6395673269230768 0.7710913317307693 0.6378473413461538 0.7692638461538461 0.6435806298076923 0.7693713461538461 0.6475939302884615 0.7720588245192308 0.6510339038461539 0.7761437908653845 0.6493139158653847 0.7767887860576923 0.6445361778846154 0.7767887860576923 0.6422428629807692
5 0.8248409014423077 0.6762603677884615 0.8210784302884615 0.6711004086538461 0.8154884759615384 0.6768336971153845 0.8172084615384616 0.6833314230769231 0.8197884423076923 0.6852425192307692 0.8235509110576923 0.68199365625 0.8248409014423077 0.6762603677884615
8 0.8139834879807691 0.6716737379807692 0.8149509807692308 0.6753048197115384 0.8173159615384615 0.6751137091346154 0.8207559350961537 0.670527079326923 0.8248409014423077 0.6638382451923076 0.8282808725961538 0.6609716009615384 0.8280658750000001 0.6573405192307693 0.8254858966346154 0.654282766826923 0.8239809086538461 0.6571494086538461 0.8209709326923077 0.6565760817307692 0.8176384591346154 0.6600160528846154 0.8138759879807692 0.6653671225961539 0.8139834879807691 0.6716737379807692
7 0.7739938076923077 0.7599663653846154 0.779046266826923 0.75480640625 0.7799062596153846 0.7454420360576923 0.779583764423077 0.7398998581730769 0.7764662884615384 0.7297710504807693 0.7747463028846154 0.7249933100961539 0.7685113509615384 0.7228911057692307 0.7643188846153847 0.7194511322115384 0.7637813894230769 0.7246110913461539 0.7628138966346154 0.7492642283653846 0.7574389399038461 0.75480640625 0.7594814230769231 0.7664640913461539 0.7664688677884615 0.76952184375 0.7743163052884616 0.7685662956730769 0.7739938076923077 0.7599663653846154
7 0.7808737524038462 0.5986698774038461 0.7785087716346154 0.6120475480769231 0.7793687644230769 0.6200741514423077 0.7850662187499999 0.6313496153846153 0.790978673076923 0.6365095745192307 0.8052760576923077 0.6300118485576923 0.8128009975961539 0.6175897259615385 0.8121560024038461 0.6143408629807692 0.8130159951923077 0.6087986850961539 0.8075335384615384 0.6038298365384616 0.8090385288461538 0.5952299038461539 0.8017285865384616 0.5845277692307692 0.7997936009615384 0.5854833173076923 0.7956011346153846 0.5873944110576923 0.7921611634615384 0.5910254951923076 0.7882911947115385 0.5931276995192307 0.7808737524038462 0.5986698774038461
7 0.8065660480769231 0.6363184639423077 0.8081785336538462 0.6395673269230768 0.8118335048076923 0.64014065625 0.8128009975961539 0.6428161899038461 0.8126934975961538 0.6458739447115385 0.8158109735576923 0.6454917259615385 0.8189284495192308 0.6441539567307693 0.8230134158653846 0.6454917259615385 0.8222609230769231 0.6512250120192308 0.8248409014423077 0.6521805600961539 0.8288183701923076 0.6506516826923078 0.8313983485576923 0.6491228076923077 0.8317208461538462 0.6470206009615385 0.8324733413461539 0.6431984110576923 0.8355908149038461 0.642433971153846 0.8345158245192308 0.6359362451923077 0.8312908485576924 0.6365095745192307 0.8303233581730769 0.6319229447115385 0.834085826923077 0.6244696706730769 0.8317208461538462 0.6179719447115384 0.8248409014423077 0.6145319735576923 0.8181759543269231 0.6189274927884616 0.8155959759615385 0.6175897259615385 0.8135534927884615 0.6168252884615384 0.8115110072115385 0.6208385889423076 0.8065660480769231 0.6273363149038461 0.80860853125 0.6332607115384616 0.8065660480769231 0.6363184639423077
7 0.7859262115384615 0.5055995096153846 0.7861412115384615 0.5130527836538461 0.783346233173077 0.5210793870192307 0.7822712427884616 0.5390436875 0.7846362235576922 0.5636968245192308 0.7928061586538462 0.5795589182692308 0.8015135889423076 0.5759278365384616 0.8040935673076923 0.5717234254807692 0.8119410048076923 0.5654168100961539 0.8210784302884615 0.55414134375 0.8258083942307692 0.5426747692307692 0.8315058485576923 0.5214616057692308 0.8331183341346153 0.49776401682692306 0.8295708629807692 0.4834307980769231 0.8232284134615384 0.48457745673076924 0.8139834879807691 0.4906929639423077 0.8009760913461539 0.5002484423076923 0.7985036129807692 0.49891067548076923 0.7859262115384615 0.5055995096153846
8 0.8558006538461539 0.5075106057692308 0.8516081875 0.510568360576923 0.8477382187500001 0.510568360576923 0.8423632620192307 0.5124794567307692 0.837633298076923 0.5138172235576923 0.8330108365384615 0.5174483052884615 0.8316133461538461 0.5201238389423077 0.8296783629807692 0.5277682211538461 0.8365583076923078 0.5291059903846154 0.84763071875 0.5294882091346154 0.8595631225961539 0.52547490625 0.8627880985576923 0.5212704975961538 0.8621431033653846 0.5078928269230769 0.8558006538461539 0.5075106057692308
8 0.8112960096153846 0.56732790625 0.8106510144230769 0.5726789735576923 0.8071035432692307 0.5766922764423077 0.8112960096153846 0.5835722211538461 0.8157034735576923 0.5839544399038462 0.8189284495192308 0.5772656033653847 0.8294633653846154 0.5656079182692307 0.8318283461538462 0.5558613317307692 0.8331183341346153 0.55337690625 0.834085826923077 0.5495547139423077 0.8310758509615385 0.5476436177884616 0.828173375 0.5497458245192308 0.82419590625 0.5503191538461538 0.8204334375000001 0.5558613317307692 0.8152734783653847 0.5623590576923078 0.8112960096153846 0.56732790625
7 0.7901186802884616 0.42055574759615383 0.787001204326923 0.42399571875 0.7840987259615384 0.4299201153846154 0.7836687307692307 0.43775560817307696 0.7816262475961538 0.4398578149038462 0.7781862740384615 0.4488399639423077 0.7796912620192308 0.45266215625 0.7820562427884615 0.45170660817307695 0.7880761947115384 0.4549554711538461 0.7981811153846153 0.45342659375 0.8024810793269231 0.44635554086538465 0.8046310624999999 0.4469288701923077 0.8064585480769231 0.43049344471153844 0.8000086009615385 0.4167335552884615 0.7963536298076923 0.4159691177884615 0.7957086346153847 0.41195581490384614 0.79291365625 0.41004471875 0.791193670673077 0.41520467788461535 0.7901186802884616 0.42055574759615383
4 0.8174234615384616 0.38309826923076923 0.8159184735576923 0.3874937884615385 0.8188209495192308 0.39093376201923075 0.8204334375000001 0.3962848293269231 0.8250558990384615 0.4045025408653846 0.8296783629807692 0.4131024735576923 0.8307533533653846 0.41157359615384614 0.8366658076923077 0.3855826923076923 0.8450507403846154 0.3808049543269231 0.8460182307692308 0.3773649807692308 0.8453732379807692 0.3660895144230769 0.8388157884615384 0.36016511778846155 0.8322583413461538 0.3500363100961538 0.8303233581730769 0.35118296875 0.8284958725961539 0.3567251466346154 0.8257008942307693 0.36628062499999997 0.8217234254807693 0.37239613221153844 0.8174234615384616 0.38309826923076923
8 0.8052760576923077 0.30111225721153845 0.7949561394230769 0.31028551682692307 0.7800137596153847 0.33092535336538464 0.7767887860576923 0.33532087259615384 0.7850662187499999 0.3515651875 0.7886136923076923 0.3517562980769231 0.798611110576923 0.3414363798076923 0.8085010312500001 0.3272942716346154 0.8203259374999999 0.31353437980769233 0.8249484014423077 0.3072277644230769 0.8283883725961538 0.2902190120192308 0.8322583413461538 0.2862057091346154 0.8292483653846153 0.2800902043269231 0.8278508774038461 0.2808546418269231 0.8238734086538462 0.28429461538461537 0.8195734423076922 0.2890723533653846 0.814520983173077 0.28544127163461536 0.8110810120192308 0.29041012019230766 0.8052760576923077 0.30111225721153845
8 0.8210784302884615 0.34812521394230767 0.8251633990384615 0.34965409134615383 0.8343008245192307 0.35118296875 0.8382782932692308 0.3425830360576923 0.8379557956730769 0.33302755769230774 0.8315058485576923 0.33379199759615386 0.8266683870192307 0.33168979086538464 0.8201109399038462 0.33512976442307696 0.8171009639423077 0.33512976442307696 0.8136609903846155 0.33723196875 0.8130159951923077 0.33952528365384615 0.8141984855769231 0.34449413221153846 0.8182834543269231 0.3443030240384616 0.8210784302884615 0.34812521394230767
8 0.78528121875 0.09433168990384615 0.783346233173077 0.10044719711538462 0.7905486754807692 0.09949164903846154 0.80860853125 0.0912739375 0.8047385625 0.08554064903846154 0.8037710697115384 0.07866070432692308 0.8003310985576924 0.07674960817307692 0.7931286538461539 0.08018958173076923 0.7849587211538461 0.08439399038461538 0.7868937043269231 0.08554064903846154 0.78528121875 0.09433168990384615
8 0.7551814591346153 0.07636738942307691 0.7645338846153845 0.08439399038461538 0.7691563461538462 0.08726063461538461 0.7778637764423078 0.08554064903846154 0.7808737524038462 0.08496731971153845 0.7823787403846154 0.07980736057692309 0.7796912620192308 0.07751404567307693 0.7780787764423077 0.0689141153846154 0.771521326923077 0.06298971875 0.7502364975961539 0.047509841346153846 0.7477640168269232 0.049229829326923075 0.74615153125 0.052860911057692306 0.7436790504807692 0.06107862259615385 0.7437865504807692 0.06834078605769231 0.7551814591346153 0.07636738942307691
2 0.7299191610576923 0.1973397548076923 0.732284141826923 0.20727745192307692 0.7429265576923078 0.21148186298076924 0.7562564495192308 0.21855291826923076 0.7620614038461538 0.22065512259615383 0.7666838677884615 0.21721515144230769 0.7730263149038462 0.22027290384615383 0.7789387692307692 0.21950846634615384 0.7808737524038462 0.21396628846153845 0.77721878125 0.20899743990384617 0.7693713461538461 0.2049841370192308 0.7671138629807692 0.20058861778846152 0.7506664951923077 0.19065091826923078 0.7426040600961539 0.18682872836538464 0.7404540769230769 0.18835760336538462 0.7379815961538461 0.18835760336538462 0.7366916057692308 0.18797538461538463 0.7362616105769231 0.1898864807692308 0.7326066394230769 0.19179757692307692 0.732714139423077 0.19428200240384616 0.7299191610576923 0.1973397548076923
2 0.7819487451923077 0.16198448076923075 0.7786162716346153 0.1591178389423077 0.7758212932692307 0.15491342788461537 0.775498795673077 0.1507090168269231 0.7768962860576922 0.14631349519230769 0.7763587884615385 0.14574016826923078 0.7493765048076924 0.16771776923076923 0.75389146875 0.18453541346153848 0.7576539399038461 0.18625539903846156 0.7619539038461538 0.18147765865384613 0.7719513245192308 0.1745977139423077 0.779583764423077 0.16809998798076925 0.7819487451923077 0.16198448076923075
8 0.80860853125 0.2466460264423077 0.8093610240384616 0.23861942548076923 0.8090385288461538 0.23460612259615385 0.8078560360576923 0.2311661514423077 0.8061360504807692 0.22887283653846155 0.8017285865384616 0.2323128076923077 0.7954936370192307 0.23460612259615385 0.7917311658653846 0.23709054807692306 0.7890436875 0.23938386298076922 0.7873237019230769 0.23785498557692308 0.7848512211538462 0.23861942548076923 0.7849587211538461 0.24282383413461536 0.7822712427884616 0.24358827403846156 0.779153766826923 0.2466460264423077 0.7777562788461538 0.24588158894230772 0.7776487788461538 0.2518059855769231 0.7838837283653847 0.25218820432692307 0.7924836610576923 0.2527615336538461 0.7988261105769231 0.24970378125 0.8034485721153846 0.2472193557692308 0.80860853125 0.2466460264423077
8 0.7298116610576924 0.2984367235576923 0.7233617139423077 0.3112410649038461 0.7220717235576923 0.32156098317307696 0.7191692475961537 0.3280587091346154 0.7217492259615385 0.33379199759615386 0.7251891995192307 0.3305431346153846 0.7292741658653846 0.3314986802884615 0.7397015817307693 0.3272942716346154 0.7456140360576923 0.31716546153846153 0.7532464735576923 0.3091388605769231 0.7593739254807693 0.3032144639423077 0.763888889423077 0.2984367235576923 0.7722738221153846 0.28964568269230767 0.7750688004807693 0.28219240865384615 0.7736713100961539 0.2756946826923077 0.7707688341346154 0.2732102596153846 0.7700163389423077 0.2691969567307692 0.7679738557692308 0.26365477884615385 0.7623839014423077 0.2617436826923077 0.7567939447115385 0.2667125336538462 0.7514189879807692 0.2770324495192308 0.7442165456730769 0.28467683413461536 0.7361541105769231 0.29480564182692304 0.7298116610576924 0.2984367235576923
2 0.7188467500000001 0.27110805288461537 0.71863175 0.28219240865384615 0.716804264423077 0.29251232692307694 0.7184167524038462 0.2988189423076923 0.7232542139423077 0.29996560096153846 0.7259416923076922 0.29748117548076924 0.7295966634615384 0.28601460096153847 0.7351866177884615 0.26365477884615385 0.7374441009615385 0.2506593293269231 0.732499139423077 0.24549937019230766 0.7268016850961538 0.24454382211538464 0.7254041971153846 0.24817490384615384 0.7276616778846154 0.2514237668269231 0.7274466802884615 0.26078813461538464 0.7240067091346154 0.2667125336538462 0.7202442379807692 0.2649925456730769 0.7188467500000001 0.27110805288461537
5 0.802911076923077 0.22008179567307692 0.8075335384615384 0.22753506971153847 0.8098985216346153 0.22868172596153846 0.8144134855769232 0.2214195625 0.8098985216346153 0.20670412500000002 0.80860853125 0.20708634375 0.8081785336538462 0.20918854807692308 0.806351048076923 0.21148186298076924 0.8040935673076923 0.2164507139423077 0.802911076923077 0.22008179567307692
2 0.7175567596153846 0.4497955120192308 0.7198142403846154 0.45591101923076927 0.736584108173077 0.45036884134615385 0.7510964903846153 0.4415778004807692 0.7615239086538461 0.42896456730769233 0.7548589615384615 0.41730688461538457 0.7509889927884615 0.4201735264423077 0.7451840384615385 0.4255245961538462 0.7347566225961538 0.4308756634615385 0.7263716899038462 0.4402400336538462 0.7175567596153846 0.4497955120192308
2 0.7306716538461538 0.39609372115384617 0.7453990360576923 0.4054580889423077 0.7503439975961539 0.40526698076923073 0.7637813894230769 0.4138669110576923 0.7664688677884615 0.4064136370192308 0.7537839687500001 0.3932270769230769 0.7431415552884615 0.37927607692307697 0.7290591682692308 0.3706761466346154 0.7247592019230769 0.37793831009615386 0.7244367043269231 0.3890226658653846 0.7306716538461538 0.39609372115384617
13 0.47261882451923076 0.4815644302884615 0.4700914519230769 0.46255512740384613 0.4564825192307692 0.4559882764423077 0.4417071057692308 0.46186387980769233 0.43159761057692303 0.47534320432692306 0.43043113221153845 0.48571191586538465 0.4329585048076923 0.4950437572115384 0.4411238653846154 0.5019562307692308 0.45337190384615383 0.5043755961538461 0.46503670432692307 0.49573500240384616 0.47261882451923076 0.4815644302884615
7 0.39108187019230767 0.5019684278846154 0.40161678605769235 0.5057906201923077 0.41258169951923074 0.5010128798076923 0.4184941514423077 0.48667966105769234 0.4155916754807692 0.4811374831730769 0.41483918028846156 0.47597752644230773 0.41172170673076924 0.4725375528846154 0.40881922836538465 0.4704353485576923 0.40709924278846155 0.46240874519230774 0.40075679326923075 0.4597332115384616 0.3987143100961538 0.46145319711538463 0.4002192980769231 0.46431984134615384 0.3983918125 0.4656576081730769 0.3962418293269231 0.46240874519230774 0.3930168557692308 0.4645109495192308 0.38968438221153845 0.4704353485576923 0.3885018918269231 0.4807552644230769 0.38688940384615383 0.48744410096153845 0.3869969038461539 0.49241294951923076 0.39108187019230767 0.5019684278846154
10 0.41999913942307693 0.19313534375 0.4193541442307692 0.18166876923076922 0.41311919471153846 0.17765546634615384 0.4097867211538461 0.17975767307692306 0.40795923557692304 0.18740205528846154 0.40322927403846154 0.2049841370192308 0.40785173798076924 0.21109964423076924 0.4164516682692308 0.21473072596153847 0.41999913942307693 0.19313534375
8 0.3852769182692307 0.24779268509615385 0.3848469206730769 0.2514237668269231 0.3930168557692308 0.2609792451923077 0.40118679086538467 0.24377938221153844 0.40914172596153847 0.22333065865384613 0.4100017211538462 0.21396628846153845 0.4051642596153846 0.2080418918269231 0.4026917788461538 0.20880632932692308 0.3984993125 0.2154951658653846 0.3911893701923077 0.23288613701923078 0.3852769182692307 0.24779268509615385
2 0.38828689423076923 0.5768833846153846 0.39430684615384615 0.5839544399038462 0.40064929567307694 0.5822344543269231 0.40591675240384617 0.5726789735576923 0.40161678605769235 0.55223025 0.3966718269230769 0.5449680841346154 0.38893188942307694 0.5432480985576923 0.3840944278846154 0.5487902764423077 0.38323443509615385 0.5600657427884616 0.38828689423076923 0.5768833846153846
0 0.44741142067307693 0.7232733245192308 0.4538613701923077 0.7186866947115385 0.4700937403846154 0.6986201899038461 0.46826625480769235 0.6875358341346154 0.4536463701923077 0.6581049567307692 0.4505288966346154 0.6517983413461538 0.4301040600961539 0.6647937932692307 0.4262340889423077 0.6598249423076923 0.4230091153846154 0.6630738052884616 0.42687908413461534 0.6709093004807692 0.42569659375 0.6772159158653845 0.4289215697115385 0.6770248052884615 0.44741142067307693 0.7232733245192308
11 0.45590385336538464 0.7232733245192308 0.4538613701923077 0.7219355576923078 0.4504213966346154 0.7213622283653846 0.4469814230769231 0.7219355576923078 0.4440789471153846 0.7305354879807692 0.4469814230769231 0.74085540625 0.4557963533653846 0.7418109543269231 0.4624613004807693 0.7314910360576923 0.4614938076923077 0.7240377620192308 0.45590385336538464 0.7232733245192308
0 0.5077184375 0.555479110576923 0.48406862740384615 0.5755456177884615 0.4942810456730769 0.596949891826923 0.5069659447115384 0.6282918629807692 0.5292182668269231 0.6080342475961539 0.5077184375 0.555479110576923
8 0.5357757139423077 0.4906929639423077 0.53126075 0.5029239759615385 0.5339482283653847 0.5055995096153846 0.5379256971153846 0.51075946875 0.5411506706730769 0.5061728389423077 0.5448056418269231 0.4945151538461538 0.5501805985576923 0.4832396899038462 0.5512555889423078 0.4719642235576923 0.5526530793269231 0.4650842788461539 0.5493206057692308 0.46240874519230774 0.546848125 0.4671864855769231 0.5451281394230769 0.46852425240384615 0.5411506706730769 0.47597752644230773 0.5401831778846155 0.48209303125 0.5357757139423077 0.4906929639423077
3 0.548568110576923 0.5457325240384615 0.5553405576923077 0.5367503725961538 0.5506105961538462 0.5281504423076924 0.5465256274038461 0.5195505096153846 0.5464181298076923 0.5120972355769231 0.5445906442307693 0.5054084014423077 0.5411506706730769 0.5063639495192308 0.5379256971153846 0.5122883461538461 0.540935673076923 0.5239460312499999 0.5448056418269231 0.5392347980769231 0.548568110576923 0.5457325240384615
7 0.4661162716346154 0.42476015865384614 0.46955624278846153 0.44081336298076923 0.4698787403846154 0.4580132259615385 0.47751118028846157 0.4738753197115385 0.4858961129807692 0.45992431971153847 0.49041107692307695 0.4402400336538462 0.4924535600961538 0.4278179110576923 0.4952485384615385 0.40908917067307693 0.4911635697115385 0.4024003365384615 0.49234606009615384 0.38462714423076927 0.4814886490384615 0.34048083173076926 0.47278121875 0.3334097764423077 0.4527863774038462 0.3632228725961539 0.4674062596153846 0.3987692548076923 0.46364379086538465 0.4027825552884616 0.4661162716346154 0.42476015865384614
4 0.4639662884615384 0.2909834495192308 0.4539688677884615 0.24129495913461538 0.44708892307692305 0.24970378125 0.4465514278846153 0.2573481634615385 0.4426814591346154 0.26231701201923074 0.4499913990384616 0.3091388605769231 0.4639662884615384 0.2909834495192308
8 0.49084107211538464 0.12032259375 0.48449862499999996 0.11974926442307693 0.47697368509615384 0.11363375721153846 0.46966374278846157 0.11114933413461539 0.46450378365384615 0.10904712740384616 0.45708634375 0.11401597596153847 0.45622635096153846 0.11688262019230769 0.4548288605769231 0.1270114278846154 0.46783625721153843 0.13561136057692308 0.4818111466346154 0.1401979903846154 0.4889060889423077 0.14325574278846154 0.49180856490384617 0.12873141346153846 0.49084107211538464 0.12032259375
7 0.47708118269230765 0.22256621875 0.4817036466346154 0.2112907548076923 0.48019865865384614 0.2080418918269231 0.48019865865384614 0.20097083653846154 0.48621861057692306 0.19313534375 0.48933608653846156 0.18950426201923076 0.4869711033653846 0.17325994711538462 0.48439112500000003 0.16943775480769233 0.4858961129807692 0.15720674278846153 0.4850361201923077 0.14975346875 0.47267371875 0.150900125 0.46729876201923076 0.15586897596153845 0.46127881009615385 0.15663341346153845 0.45590385336538464 0.16370446875000003 0.45816133413461535 0.19504643990384615 0.4634287932692308 0.21071742548076924 0.45902132692307696 0.21874402884615385 0.45848383173076923 0.22581508173076925 0.4671912620192308 0.2311661514423077 0.47708118269230765 0.22256621875
7 0.49675352644230764 0.19905974038461538 0.4938510480769231 0.19217979567307691 0.4910560721153846 0.20307304326923076 0.5015909879807693 0.22027290384615383 0.5069659447115384 0.2319305889423077 0.5142758846153846 0.23709054807692306 0.51954334375 0.2265795216346154 0.5151358798076923 0.21817069951923077 0.5169633653846154 0.20861521875 0.513415891826923 0.19313534375 0.51943584375 0.18606428846153847 0.5175008605769231 0.15988227644230768 0.5163183701923078 0.1533845504807692 0.5057834543269231 0.16733555048076923 0.49976350240384615 0.15797118028846152 0.4978285168269231 0.1707755216346154 0.5021284831730769 0.1738332764423077 0.5015909879807693 0.18759316586538463 0.5012684903846154 0.19313534375 0.5041709663461538 0.19504643990384615 0.49675352644230764 0.19905974038461538
2 0.6674621610576923 0.1679088798076923 0.6763845889423077 0.16676222115384617 0.6775670793269231 0.14841570192307693 0.6763845889423077 0.13790467548076923 0.6776745793269231 0.10866490865384616 0.6760620913461538 0.10541604567307691 0.6733746129807692 0.105989375 0.6716546274038462 0.1109582235576923 0.669934639423077 0.13542025 0.6677846586538462 0.13809578365384614 0.6644521850961538 0.15873561778846154 0.6674621610576923 0.1679088798076923
2 0.6888544903846154 0.13828689423076923 0.6946594423076923 0.1451668389423077 0.69928190625 0.13102473076923077 0.6944444447115384 0.12204257932692308 0.6884244927884615 0.11611818269230768 0.6811145504807693 0.11306042788461539 0.6784270721153847 0.11726483894230769 0.6774595793269231 0.12185146875 0.6824045408653846 0.12242479807692308 0.6869195048076923 0.12777586778846153 0.6859520120192308 0.13217138701923076 0.6888544903846154 0.13828689423076923
7 0.7709703942307692 0.11955815384615386 0.77736659375 0.1157001298076923 0.7819353076923077 0.10615659615384615 0.7839912283653846 0.09762832932692309 0.7862755841346154 0.08585120192307692 0.7841054447115384 0.08179012259615384 0.78136421875 0.08463287740384615 0.77736659375 0.08747563461538463 0.7688002548076922 0.08930311778846155 0.7628609278846153 0.092145875 0.7580637788461538 0.09539473798076922 0.7565789471153846 0.10960851201923077 0.7554367692307692 0.12260396394230769 0.7576069086538462 0.12625893509615385 0.7602339182692308 0.12585282692307692 0.7620614038461538 0.12118258653846155 0.7709703942307692 0.11955815384615386
8 0.023643091346153847 0.49459876442307693 0.024556834134615384 0.49865984375 0.02889711298076923 0.49987816826923076 0.02969663701923077 0.4974415216346154 0.030381944711538465 0.4954109807692308 0.03563596394230769 0.49033463221153845 0.03803453846153847 0.47936972115384613 0.03597861778846154 0.4684048076923077 0.03986202403846154 0.4580490576923077 0.040661550480769235 0.4485055240384615 0.03449378605769231 0.43936809615384614 0.029125548076923077 0.4298245625 0.024785271634615382 0.4304337235576923 0.023072002403846156 0.43429174759615385 0.021815605769230768 0.4387589350961539 0.020559211538461537 0.44931773798076924 0.02113030048076923 0.46028265144230773 0.020787646634615384 0.47023229326923077 0.019302814903846152 0.47916666586538464 0.02135873557692308 0.4897254711538462 0.023643091346153847 0.49459876442307693
13 0.025127923076923075 0.4208901875 0.04134685576923077 0.4499269014423077 0.04408808413461539 0.4450536057692308 0.05025584855769231 0.40809779086538456 0.0548245625 0.3845435336538462 0.039633588942307695 0.36870532932692307 0.010279605769230768 0.34555718028846155 0.0009137427884615384 0.35794346875 0.0004568701923076923 0.3676900576923077 0.0005710889423076924 0.38738629086538456 0.00925164423076923 0.3975389855769231 0.012221307692307691 0.3957115 0.025127923076923075 0.4208901875
8 0.06224872115384616 0.41358024759615386 0.05596674038461539 0.4164230024038461 0.05105537259615385 0.40830084375 0.048199927884615384 0.4219054591346154 0.07264254326923077 0.44545971394230766 0.07892452403846154 0.44789636057692306 0.08372167307692308 0.43936809615384614 0.06795961298076923 0.41946881009615383 0.06224872115384616 0.41358024759615386
2 0.07252832692307692 0.4521604927884615 0.17292580528846152 0.49784762740384614 0.17600968509615383 0.4919590649038461 0.07732547596153846 0.44728719951923074 0.07298519711538462 0.44688109134615384 0.07252832692307692 0.4521604927884615
13 0.3137563966346154 0.5039392451923077 0.3073601971153846 0.5035331394230769 0.29936494951923076 0.5069850552884616 0.2917123533653846 0.5189652379807692 0.2909128293269231 0.5356156586538462 0.2923976610576923 0.5435347620192308 0.30062134615384617 0.5581546466346153 0.31170047596153844 0.5622157235576923 0.3230080408653846 0.5569363221153846 0.32940424038461535 0.5400828461538462 0.32563505048076924 0.513888889423077 0.3137563966346154 0.5039392451923077
0 0.2939967115384615 0.5904402211538462 0.28440241346153844 0.5544996754807692 0.2793768269230769 0.5453622475961539 0.2734375 0.5437378173076923 0.27092470673076924 0.5413011706730769 0.27355171875 0.5356156586538462 0.2711531442307692 0.5276965552884616 0.2727521923076923 0.5224171538461538 0.2616730625 0.49662930528846155 0.21792763221153846 0.5216049375 0.23049159375 0.5480019495192308 0.23231907932692308 0.5526721899038461 0.2521929831730769 0.6146036394230769 0.29342562019230767 0.5936890841346154 0.2939967115384615 0.5904402211538462
13 0.31992415865384616 0.6278021442307692 0.3307748533653846 0.6204922019230769 0.3336303004807692 0.6072936971153846 0.3302037644230769 0.5945013004807692 0.32380756490384616 0.5878005192307693 0.3119289110576923 0.5851608197115384 0.30313413701923075 0.5902371658653845 0.2986796418269231 0.5951104615384616 0.2957099783653846 0.6079028581730769 0.3000502548076923 0.6190708245192307 0.3087308125 0.6275990913461539 0.31992415865384616 0.6278021442307692
13 0.24442617067307693 0.6558235865384615 0.24922331971153847 0.6499350216346154 0.2511650216346154 0.637142625 0.24625365384615383 0.62455328125 0.23802997115384614 0.6129792067307692 0.2285498894230769 0.6099333990384616 0.2221536923076923 0.6131822620192308 0.22158260336538463 0.6172433389423078 0.21906981009615387 0.6200860937499999 0.21838450240384616 0.6243502283653846 0.21884137499999998 0.6338937620192309 0.22009777163461536 0.6410006490384615 0.24065698076923075 0.6562296947115385 0.24442617067307693 0.6558235865384615
9 0.2186129375 0.6332846009615385 0.21792763221153846 0.624147173076923 0.21895559134615386 0.6200860937499999 0.21530062019230767 0.6168372307692308 0.21221674038461538 0.6196799879807693 0.20810489663461537 0.61419753125 0.20376462019230768 0.6152128004807692 0.20102339182692308 0.624147173076923 0.19851059855769232 0.6338937620192309 0.2039930552884615 0.6399853798076923 0.21198830528846152 0.6426250817307693 0.21964089903846154 0.63937621875 0.2186129375 0.6332846009615385
0 0.16447368509615384 0.5080003245192308 0.17189784375 0.5270873942307692 0.19222861778846154 0.5583576995192308 0.2175849783653846 0.58901884375 0.23643092067307692 0.5648554254807693 0.2306058125 0.5506416514423077 0.21747075961538462 0.5218079927884616 0.24031432692307692 0.5051575697115385 0.20913285817307692 0.4562215721153846 0.16447368509615384 0.5080003245192308
2 0.2127553966346154 0.34140334855769233 0.23802432932692305 0.4861983485576923 0.23937802403846156 0.4865994423076923 0.2427622548076923 0.48419287740384614 0.21591401442307692 0.3406011586538461 0.2127553966346154 0.34140334855769233
2 0.17507761057692306 0.3791062019230769 0.17214461057692307 0.38311714423076926 0.24321348557692307 0.5022421177884615 0.24704894951923076 0.49943445673076925 0.17507761057692306 0.3791062019230769
2 0.23057901923076923 0.480984125 0.17891307451923077 0.39354559134615386 0.14168652163461537 0.3333814639423077 0.13852790384615385 0.33899678365384617 0.22742040384615383 0.48218740624999995 0.23057901923076923 0.480984125
7 0.13694859615384616 0.34340881971153847 0.12273481971153846 0.30690924759615384 0.11528950961538462 0.30249721153846154 0.09137426923076923 0.31412894471153846 0.08911811538461538 0.3321781826923077 0.09746588701923077 0.34421100721153847 0.11032596875 0.3690788461538462 0.12544220673076922 0.3638646225961538 0.13694859615384616 0.34340881971153847
13 0.1808673028846154 0.24392271634615387 0.18946723317307693 0.23388946153846155 0.19054222596153847 0.21740626201923077 0.18557038942307694 0.20904521634615386 0.18167354567307692 0.2109563125 0.17992668509615387 0.21238963461538463 0.17562672115384614 0.21860069471153845 0.17226737259615385 0.2283950625 0.17347673798076924 0.23842831490384614 0.1808673028846154 0.24392271634615387
7 0.2771686153846154 0.7553797355769232 0.26677703365384614 0.7423205793269231 0.2565646153846154 0.7547427019230769 0.2572812740384615 0.7611130216346154 0.26462705048076923 0.7786314014423077 0.2735853125 0.7808610120192309 0.27985609375 0.76875740625 0.2771686153846154 0.7553797355769232
13 0.2051169591346154 0.7951916826923077 0.20701754326923077 0.7860948677884616 0.2043859639423077 0.7803768677884615 0.19897660817307694 0.7827160504807692 0.19780701682692306 0.7824561394230769 0.19546783653846156 0.7694606899038461 0.19400584855769232 0.7666016899038461 0.18771929807692309 0.7705003245192308 0.18728070192307691 0.7762183245192307 0.18786549759615384 0.7873944110576924 0.1910818701923077 0.7985705000000001 0.19254386057692308 0.8014295 0.2051169591346154 0.7951916826923077
9 0.1885964903846154 0.6665367115384615 0.1891812860576923 0.6517218966346154 0.18435672596153846 0.6449642620192308 0.17690058413461537 0.6447043533653846 0.17236842067307692 0.6478232620192308 0.1706140360576923 0.6576998052884615 0.17236842067307692 0.6675763485576923 0.1774853798076923 0.6758934375 0.18377193028846153 0.6766731634615385 0.1885964903846154 0.6665367115384615
9 0.12295321634615385 0.5352826514423077 0.11242690144230769 0.5352826514423077 0.10614035096153847 0.5521767379807693 0.1059941514423077 0.5555555552884616 0.11111111057692308 0.5656920072115385 0.12353801201923077 0.5669915528846153 0.13187134615384616 0.5524366466346154 0.12295321634615385 0.5352826514423077
10 0.08713450240384615 0.6369070817307693 0.08508771875 0.6280701754807693 0.08260233894230769 0.6309291754807693 0.07748537980769231 0.63222871875 0.0733918125 0.63222871875 0.07192982451923077 0.6353476274038462 0.06871344951923077 0.6415854447115384 0.0660818701923077 0.6527615336538461 0.07295321634615384 0.66133853125 0.08040935576923076 0.6574398966346154 0.08479532211538461 0.6499025336538462 0.08669590625 0.6413255360576924 0.08713450240384615 0.6369070817307693
10 0.01023391826923077 0.26653671153846153 0.020760233173076924 0.2732943461538462 0.025438596153846155 0.27121507451923077 0.02573099519230769 0.2457439903846154 0.021052632211538462 0.23924626442307695 0.014181286057692309 0.24210526201923077 0.010818713942307693 0.2530214423076923 0.00847953125 0.2618583485576923 0.01023391826923077 0.26653671153846153
8 0.023538012019230767 0.28602988942307694 0.021052632211538462 0.29512670673076924 0.019736841346153847 0.31306042788461536 0.017690057692307692 0.3309941514423077 0.023099415865384613 0.33593242307692306 0.030263158653846153 0.33567251442307694 0.035526314903846154 0.2855100721153846 0.03230994230769231 0.27719298317307695 0.031578947115384615 0.27121507451923077 0.02953216346153846 0.26601689423076924 0.02748537980769231 0.26913580288461536 0.026169591346153844 0.2751137091346154 0.02383040865384615 0.27797270913461536 0.023538012019230767 0.28602988942307694
7 0.03230994230769231 0.5423001947115385 0.04269005769230769 0.5490578293269232 0.05438596394230769 0.5516569206730769 0.05950292307692307 0.550357375 0.06652046875 0.5464587403846154 0.07953216346153846 0.5526965552884615 0.09152046875 0.5550357379807692 0.08362573076923076 0.5456790120192307 0.09181286538461539 0.5513970120192307 0.09371344951923076 0.5428200120192308 0.09912280769230769 0.5438596490384615 0.09561403605769231 0.5332033798076923 0.09152046875 0.5298245625 0.08961988221153847 0.5238466538461538 0.08216374278846154 0.5282651081730769 0.07090643269230769 0.5303443798076923 0.0625730985576923 0.5311241057692307 0.06154970673076923 0.5225471081730769 0.06432748557692308 0.51241065625 0.06666666586538461 0.5017543870192308 0.06271929807692309 0.4975958413461538 0.0516081875 0.49057829807692305 0.042251461538461536 0.4788823918269231 0.038450293269230766 0.48589993509615387 0.04415204567307692 0.4973359326923077 0.049269004807692314 0.5092917475961538 0.059356725961538466 0.5066926586538462 0.05423976682692307 0.51241065625 0.049707603365384614 0.5170890192307692 0.04868421153846154 0.5243664711538462 0.04415204567307692 0.5264457427884616 0.04298245673076923 0.5303443798076923 0.03216374278846154 0.511111110576923 0.027046783653846156 0.502014295673077 0.02090643269230769 0.4923976610576923 0.010526314903846154 0.48589993509615387 0.005116959134615385 0.4848602980769231 0.005116959134615385 0.4910981153846154 0.01169590625 0.5282651081730769 0.01652046875 0.5534762836538462 0.028654971153846152 0.5521767379807693 0.025 0.5417803774038462 0.026169591346153844 0.534502923076923 0.03230994230769231 0.5423001947115385
8 0.12967836298076924 0.6356075384615385 0.13318713461538462 0.6262508124999999 0.08391812980769231 0.5880441850961539 0.07353801201923077 0.5862248221153846 0.07236842067307693 0.5909031826923077 0.12967836298076924 0.6356075384615385
13 0.06505847836538461 0.5747888245192307 0.07353801201923077 0.5786874591346154 0.07616959134615385 0.5862248221153846 0.08464912259615386 0.5862248221153846 0.08567251442307693 0.5836257307692307 0.08845029326923076 0.5859649134615385 0.09210526201923078 0.5818063677884615 0.08771929807692308 0.5766081875 0.08347953125 0.5558154639423077 0.0798245625 0.5584145552884615 0.0790935673076923 0.5539961009615385 0.07280701682692307 0.5498375576923077 0.061257310096153844 0.5482781033653846 0.05 0.5519168293269231 0.037865497596153846 0.5498375576923077 0.03625731009615384 0.5552956466346154 0.038011694711538466 0.5615334639423077 0.04005847836538461 0.5638726442307692 0.04561403605769231 0.5654320985576923 0.0440058485576923 0.5763482788461538 0.04663742788461538 0.5831059134615384 0.05584795432692307 0.5844054591346154 0.060672514423076924 0.5737491875 0.06505847836538461 0.5747888245192307
6 0.08494152163461538 0.6129954519230769 0.08523391826923077 0.6033788173076923 0.08201754326923077 0.5971409999999999 0.07324561298076923 0.5935022740384616 0.07149122836538462 0.5888239110576923 0.07280701682692307 0.5794671874999999 0.0660818701923077 0.5768680961538462 0.06184210576923077 0.5760883701923076 0.05643274759615385 0.5846653677884615 0.04663742788461538 0.5844054591346154 0.04415204567307692 0.5797270961538461 0.037426901442307696 0.5844054591346154 0.03596491346153846 0.6044184543269231 0.04254386057692308 0.6280701754807693 0.045906432692307694 0.6371669903846153 0.08347953125 0.6314489927884614 0.08494152163461538 0.6129954519230769
7 0.04415204567307692 0.79259259375 0.060672514423076924 0.8037686802884616 0.0741228076923077 0.7842755024038461 0.07105263221153846 0.7821962307692308 0.053070175480769234 0.7668615985576923 0.056286550480769235 0.7463287860576924 0.017397661057692308 0.7216374278846154 0.014912281250000001 0.7216374278846154 0.022514620192307693 0.7481481490384615 0.01798245673076923 0.7614035096153846 0.026608187499999998 0.7824561394230769 0.04415204567307692 0.79259259375
6 0.039181286057692305 0.6460038990384616 0.04809941586538462 0.6428849903846154 0.050146199519230765 0.64080571875 0.053216374999999996 0.6418453533653847 0.05643274759615385 0.6389863557692308 0.056286550480769235 0.6358674471153846 0.04561403605769231 0.6376868100961539 0.03669590625 0.6106562692307692 0.01637426923076923 0.6168940865384616 0.01798245673076923 0.627810266826923 0.02514619951923077 0.6327485384615384 0.027777778846153844 0.6319688100961538 0.03333333413461538 0.6423651730769231 0.039181286057692305 0.6460038990384616
13 0.09897660817307694 0.5779077331730769 0.10584795432692308 0.5903833653846153 0.11374268990384614 0.5974009086538461 0.11856725240384615 0.5890838197115384 0.1160818701923077 0.5859649134615385 0.10248537980769232 0.5456790120192307 0.0983918125 0.5446393774038462 0.09400584855769231 0.5448992860576923 0.09195906490384614 0.5537361923076923 0.09400584855769231 0.5599740096153846 0.09897660817307694 0.5779077331730769
4 0.16802987259615382 0.6673866850961538 0.17188240865384616 0.6651036995192308 0.17059823076923075 0.6586059735576922 0.1648688173076923 0.6615914158653846 0.16071993028846154 0.6644012427884616 0.16002844951923076 0.6701965120192307 0.15894183653846156 0.6738844110576923 0.15716374278846154 0.6698452836538462 0.1573613076923077 0.6635231730769231 0.15775643990384614 0.6589572019230769 0.15429903605769232 0.6689672139423077 0.15103919711538463 0.6724794975961538 0.14935988701923078 0.6773966947115385 0.14412438701923078 0.6944312740384616 0.1419511610576923 0.6956605721153846 0.1436304735576923 0.6995240865384615 0.15350877163461538 0.6986460144230769 0.16210289182692308 0.6809089783653846 0.16802987259615382 0.6673866850961538
6 0.062035718749999996 0.7365786826923078 0.07734708413461538 0.7604622163461539 0.0914730528846154 0.7558962475961538 0.10421605769230768 0.7479936081730769 0.10619171875000001 0.7360518413461539 0.09819029567307692 0.7249881466346154 0.09384384375 0.725339375 0.08692903365384616 0.7213002475961539 0.08376797836538462 0.7302565721153846 0.07388968028846153 0.7330663990384616 0.062035718749999996 0.7365786826923078
6 0.06944444471153846 0.7148025216346153 0.06835783173076923 0.7195441057692308 0.07606290384615386 0.7258662163461539 0.08011300721153845 0.7119926947115385 0.08515093990384615 0.6919726754807692 0.08268136538461539 0.6868798629807693 0.0813971875 0.6795040649038462 0.08357041346153847 0.6763430096153846 0.08218744951923077 0.6726551105769231 0.08979374038461539 0.6751137091346154 0.09927690865384615 0.67089896875 0.09917812499999999 0.6603621177884615 0.08712660096153847 0.6496496490384616 0.08347162980769231 0.6543912331730769 0.07774221634615384 0.6621182596153846 0.07102497355769231 0.6789772235576923 0.06361624759615385 0.7100609375 0.06944444471153846 0.7148025216346153
4 0.15587956490384616 0.736754298076923 0.15113798076923077 0.7263930600961538 0.1385925408653846 0.7330663990384616 0.1383949735576923 0.7385104399038462 0.1437292548076923 0.7467643076923077 0.14649518028846154 0.7457106225961538 0.15587956490384616 0.736754298076923
7 0.34831871394230773 0.8145982235576923 0.34247075961538465 0.8098332259615385 0.3367446394230769 0.8083170889423077 0.3321150096153846 0.8098332259615385 0.33053118990384617 0.8122157235576922 0.33089668509615383 0.8234784495192307 0.3332115 0.8321420841346154 0.3367446394230769 0.8314923100961539 0.34088693990384616 0.8340914014423078 0.3491715408653846 0.8252111754807692 0.34831871394230773 0.8145982235576923
4 0.3049463942307692 0.29261425240384614 0.29982943509615384 0.28893220673076925 0.2947124759615385 0.29131470673076926 0.2915448341346154 0.30409356730769227 0.28923001923076924 0.31643924519230765 0.2994639375 0.32596924278846157 0.30750487259615383 0.3287849254807692 0.3098196875 0.3186051538461539 0.3129873293269231 0.30777561057692304 0.31786062259615383 0.3049599302884615 0.31566764182692303 0.3001949326923077 0.31384015625 0.30062811298076925 0.3131091610576923 0.2954299326923077 0.3092105264423077 0.29131470673076926 0.3049463942307692 0.29261425240384614
4 0.2755847956730769 0.2993285673076923 0.2837475625 0.32596924278846157 0.2955653028846154 0.3231535625 0.28923001923076924 0.31513970192307694 0.2948343076923077 0.29261425240384614 0.29398148076923075 0.28654970673076924 0.2839912283653846 0.2887156153846154 0.2755847956730769 0.2993285673076923
4 0.31615497115384616 0.39397877403846154 0.3262670552884615 0.3926792283653846 0.33345516586538465 0.3723196875 0.3386939567307692 0.35607537259615385 0.3356481490384615 0.3385315144230769 0.3273635480769231 0.32791856249999995 0.3196881081730769 0.3398310600961538 0.3182261201923077 0.34936105769230774 0.31371832451923076 0.34459605769230767 0.30811403605769233 0.3610569639423077 0.31018518509615384 0.3783842331730769 0.31615497115384616 0.39397877403846154
2 0.27972709615384617 0.08403725480769232 0.2848440552884615 0.08641975240384615 0.2861842115384615 0.08013861778846154 0.28289473798076925 0.06606021153846155 0.286427875 0.05501407932692308 0.27753411298076924 0.04201862740384616 0.26169590625 0.05306475961538462 0.26267056490384616 0.06367771394230769 0.26851851923076925 0.07645657451923077 0.27595029326923076 0.07407407451923077 0.27972709615384617 0.08403725480769232
2 0.33686647115384616 0.2677063028846154 0.33345516586538465 0.27507039182692306 0.33284600480769233 0.2807017548076923 0.33552631490384616 0.2846003894230769 0.3401559447115385 0.2798353918269231 0.3494152043269231 0.2869828894230769 0.35891812980769233 0.27723630048076925 0.37670565384615384 0.25449425961538463 0.3776803125 0.23738358173076923 0.3703703701923077 0.22742040384615383 0.36561890865384616 0.2235217668269231 0.3574561394230769 0.2265540384615385 0.3484405456730769 0.23889971875 0.33686647115384616 0.25427767067307694 0.33686647115384616 0.2677063028846154
7 0.33552631490384616 0.41477149759615384 0.34149610096153843 0.40978990625 0.35124268990384616 0.39636127403846155 0.35441033173076925 0.37925059615384615 0.35014619951923076 0.36668832692307696 0.33845029326923076 0.3658219615384616 0.33455165625 0.3716699158653846 0.32675438701923076 0.39332900240384616 0.32675438701923076 0.40199263461538465 0.3321150096153846 0.4067576346153846 0.33552631490384616 0.41477149759615384
4 0.32249025240384616 0.47563352884615384 0.3310185192307692 0.48408057211538463 0.3383284591346154 0.4650205769230769 0.3326023389423077 0.44639376201923076 0.32760721153846156 0.4385964903846154 0.3277290456730769 0.4375135360576923 0.31554581009615384 0.43361490144230774 0.3077485384615385 0.4344812644230769 0.30116959134615384 0.4429283076923077 0.30214425 0.4537578509615384 0.3182261201923077 0.4682694399038461 0.32115009855769233 0.46653671153846155 0.32249025240384616 0.47563352884615384
7 0.3306530216346154 0.49361056971153844 0.32943469711538464 0.4888455697115385 0.3240740745192308 0.4888455697115385 0.3198099423076923 0.4998917043269231 0.3226120865384615 0.5100714759615385 0.3287037043269231 0.5297812427884615 0.3379629639423077 0.5438596490384615 0.3497807019230769 0.5438596490384615 0.3608674471153846 0.5440762403846153 0.36330409375 0.5525232836538462 0.38401559375 0.5655187355769231 0.38474658894230773 0.5514403293269231 0.37621832451923076 0.5492744206730769 0.3757309951923077 0.5354126057692308 0.37841130528846156 0.525666016826923 0.36464424999999995 0.5226337451923077 0.35270467788461535 0.4925276153846154 0.34088693990384616 0.49166125240384617 0.33576998076923076 0.4855967067307692 0.33418616105769233 0.4769330745192307 0.3306530216346154 0.48646307211538464 0.3306530216346154 0.49361056971153844
13 0.361111110576923 0.6538878052884616 0.3575779735576923 0.6495559879807692 0.3562378173076923 0.6467403076923077 0.3539230024038461 0.6493393990384615 0.3535575048076923 0.6660168942307692 0.36525341105769227 0.6683993942307692 0.3680555552884615 0.6645007572115385 0.36866471634615383 0.656920076923077 0.36598440625 0.6538878052884616 0.361111110576923 0.6538878052884616
7 0.37414717307692313 0.6272471298076923 0.3678118918269231 0.6207494038461537 0.36050194951923076 0.6185834951923077 0.3603801177884615 0.6200996322115385 0.3612329447115385 0.6233484951923077 0.35453216346153843 0.6233484951923077 0.351120858173077 0.6237816754807692 0.34746588701923076 0.6263807668269231 0.3452729038461539 0.6296296298076923 0.3430799230769231 0.6302794014423078 0.34137426923076925 0.6268139495192308 0.34088693990384616 0.6387264447115384 0.3438109158653846 0.6447909903846154 0.3497807019230769 0.6491228076923077 0.36829922115384617 0.6465237163461539 0.37670565384615384 0.6560537139423077 0.3756091610576923 0.6484730336538462 0.3760964903846154 0.6387264447115384 0.37414717307692313 0.6272471298076923
0 0.33625731009615384 0.6257309951923078 0.33516081971153844 0.6324453100961538 0.34027777884615384 0.6341780384615384 0.3405214423076923 0.6255144038461539 0.34198343028846157 0.6268139495192308 0.3430799230769231 0.6307125841346154 0.3451510721153846 0.6296296298076923 0.3473440552884615 0.6261641754807693 0.3507553605769231 0.6233484951923077 0.3548976610576923 0.6233484951923077 0.361111110576923 0.6224821322115385 0.3601364519230769 0.6196664495192308 0.3612329447115385 0.6181503149038462 0.3680555552884615 0.6213991778846153 0.37329434615384616 0.6250812211538462 0.37597465865384616 0.6367771274038462 0.39230019471153843 0.6350444014423077 0.3613547764423077 0.6036387259615384 0.3430799230769231 0.6025557716346154 0.33418616105769233 0.6090534975961538 0.3316276802884615 0.6183669038461539 0.3246832355769231 0.6261641754807693 0.33625731009615384 0.6257309951923078
0 0.2962962956730769 0.6582196225961539 0.3028752427884615 0.6471734903846154 0.30738304086538465 0.6402425817307692 0.2942251466346154 0.6372103100961539 0.27570662740384616 0.6389430360576923 0.25170565384615384 0.6365605360576924 0.2492690048076923 0.6515053052884615 0.2962962956730769 0.6582196225961539
0 0.3246832355769231 0.8893220697115385 0.3216374278846154 0.8832575264423077 0.3139619879807692 0.8906216153846154 0.31615497115384616 0.9077322932692307 0.3321150096153846 0.8930041153846153 0.3312621826923077 0.8880225264423077 0.32748537980769227 0.8897552524038462 0.3262670552884615 0.8873727524038462 0.3246832355769231 0.8893220697115385
6 0.21454678365384616 0.6935239326923077 0.21016081971153847 0.6878925697115386 0.20187621875 0.6846437067307692 0.18908381971153845 0.6868096177884616 0.18884015625 0.6998050673076922 0.19054581009615384 0.7128005192307693 0.20236354807692306 0.7199480192307692 0.23452729086538462 0.7277452884615384 0.23757309855769232 0.715616201923077 0.23781676442307692 0.6995884783653845 0.23343079807692307 0.6969893870192307 0.23209064423076922 0.6989387043269232 0.22843567307692308 0.699155295673077 0.22490253365384616 0.70262075 0.21722709615384617 0.7021875673076923 0.21454678365384616 0.6935239326923077
8 0.15155945432692308 0.6489062163461538 0.15350877163461538 0.6536712139423078 0.15582358653846157 0.6530214423076923 0.1583820673076923 0.6525882620192308 0.16228070192307692 0.6525882620192308 0.16666666586538462 0.648689625 0.17239278846153847 0.6465237163461539 0.17324561298076924 0.6361273557692309 0.1686159855769231 0.6313623557692308 0.16642300240384617 0.6348278100961539 0.16313352884615384 0.6400259903846154 0.1583820673076923 0.63937621875 0.1541179326923077 0.6458739447115385 0.15155945432692308 0.6489062163461538
6 0.56030325 0.1867794735576923 0.6488515096153846 0.09969655048076922 0.6409386875 0.06151403605769231 0.6060845841346154 0.09668214182692308 0.5706652788461539 0.13519958653846154 0.5601148485576923 0.15060656490384614 0.5531440288461538 0.17472183653846154 0.56030325 0.1867794735576923
8 0.4971890649038461 0.3860653918269231 0.5103771033653847 0.40649638701923074 0.5190435288461539 0.3900846033653846 0.5141451129807693 0.3810413774038462 0.4971890649038461 0.3860653918269231
8 0.4913486466346154 0.4021422403846154 0.4941746538461539 0.40649638701923074 0.5064206899038461 0.4008025024038462 0.49869626923076926 0.38840993269230767 0.49285585096153844 0.3890798004807693 0.4913486466346154 0.4021422403846154
6 0.5309127620192308 0.5344412956730769 0.5043482836538462 0.5150151057692308 0.5011454759615385 0.5150151057692308 0.49926146875 0.5243932668269231 0.5751868942307692 0.5964041442307693 0.57989690625 0.5830067716346155 0.5644480625 0.5753032836538462 0.5593612475961538 0.5706142019230769 0.5601148485576923 0.5629107139423077 0.5309127620192308 0.5344412956730769
8 0.5606800504807692 0.5709491370192308 0.5646364615384616 0.573963545673077 0.5729260865384616 0.5756382163461539 0.5759404951923077 0.5565469615384615 0.5725492860576923 0.5485085384615385 0.5733028870192307 0.5357810336538461 0.5691580745192307 0.5357810336538461 0.568592875 0.5421447860576923 0.5672740697115385 0.5481736033653847 0.5644480625 0.5501832091346154 0.5619988533653847 0.5602312379807692 0.5606800504807692 0.5709491370192308
7 0.42748085817307696 0.6365962644230769 0.43595888221153845 0.6469792283653846 0.44255290384615387 0.6409504086538462 0.4493353221153846 0.6372661322115385 0.4544221370192308 0.6315722475961538 0.44519050961538464 0.6195146129807692 0.4421761009615385 0.6091316490384615 0.4402920961538461 0.6114761899038462 0.43464007932692306 0.6141556634615385 0.42804606009615387 0.6288927740384616 0.4242780480769231 0.6325770504807693 0.42748085817307696 0.6365962644230769
8 0.5772593004807692 0.7042529951923077 0.5751868942307692 0.6935350985576924 0.5716072836538462 0.6911905576923077 0.5689696754807693 0.6935350985576924 0.5670856706730769 0.6958796370192307 0.5657668653846154 0.7039180624999999 0.5665204687500001 0.7092770096153846 0.5723608846153846 0.7136311562500001 0.5772593004807692 0.7042529951923077
7 0.3771779110576923 0.2567807451923077 0.3690766875 0.27051305288461536 0.37114909375 0.2718527908653846 0.37661270913461536 0.27855147596153845 0.3768011081730769 0.2896043076923077 0.37548230528846155 0.2926187163461539 0.37755471153846154 0.30300168028846153 0.3818879254807692 0.30534622115384613 0.3933803581730769 0.3076907620192308 0.39959757692307696 0.30802569711538463 0.4071335985576923 0.30166194471153845 0.4156116225961538 0.29764273317307693 0.41674202644230773 0.2939584543269231 0.4156116225961538 0.28424535817307695 0.41843763221153846 0.2832405576923077 0.42201724278846153 0.2758720024038462 0.4237128485576923 0.24572791346153847 0.41353921634615387 0.2360148173076923 0.4060031947115385 0.23166067067307694 0.40280038461538464 0.24137376682692308 0.39300355769230766 0.2624746298076923 0.382453125 0.2507519278846154 0.38113432211538456 0.2430484375 0.3771779110576923 0.2567807451923077
2 0.599113764423077 0.4808518052884615 0.5983601610576923 0.47013390625 0.5925197451923077 0.47147364423076926 0.5810273100961538 0.4687941706730769 0.5765056971153846 0.47046884134615385 0.5731144879807692 0.47683259375 0.5693464759615384 0.4785072644230769 0.5689696754807693 0.4764976586538462 0.5601148485576923 0.4748229879807692 0.5572888413461539 0.4778373966346154 0.5580424423076923 0.48319634615384616 0.5712304807692308 0.48755049038461534 0.5761288966346154 0.49190463701923076 0.5915777427884615 0.4922395721153846 0.5981717620192307 0.49123476923076925 0.599113764423077 0.4808518052884615
8 0.5534469182692308 0.3587244471153846 0.5511977067307693 0.3624731346153846 0.5528846153846154 0.3662218221153846 0.5572424639423077 0.3719698100961538 0.5607568605769231 0.3724696346153846 0.5665204687500001 0.36947068509615383 0.57115946875 0.3712200721153846 0.5742521370192308 0.3687209471153846 0.5814215024038462 0.36772129807692305 0.5845141706730769 0.36347278365384617 0.5826866850961538 0.3499775072115385 0.5800157451923077 0.3482281201923077 0.5734086826923077 0.3499775072115385 0.5639901033653846 0.3532263701923077 0.5585076466346154 0.35422602163461536 0.5534469182692308 0.3587244471153846
10 0.6563484038461538 0.3464787331730769 0.6587381923076923 0.3364822307692308 0.6573324326923077 0.32923476682692304 0.6548020697115385 0.3267356418269231 0.6508659471153847 0.32698555528846157 0.6446806129807693 0.3254860793269231 0.6422908221153846 0.33473284375 0.6411662163461538 0.3412305697115385 0.6424313990384616 0.34722847115384614 0.6474921274038461 0.34722847115384614 0.6545209182692309 0.3467286442307692 0.6563484038461538 0.3464787331730769
8 0.5996963557692307 0.3594741826923077 0.6033513269230769 0.35647523317307694 0.6058816923076923 0.3552256706730769 0.6091149350961539 0.35147698317307696 0.6172683317307693 0.3457289951923077 0.6216261802884616 0.3392312692307692 0.6226102115384615 0.33123406730769234 0.6195175432692307 0.32748537980769227 0.6113641466346154 0.33073424278846153 0.6060222668269231 0.33973109375 0.6009615384615384 0.3477282956730769 0.5978688701923077 0.35397610817307695 0.5996963557692307 0.3594741826923077
8 0.6254217283653846 0.38546508653846157 0.6294984254807693 0.385715 0.6294984254807693 0.3829659615384615 0.6316070625 0.3777177980769231 0.6341374278846155 0.37146998557692307 0.6349808822115384 0.35572549519230773 0.6328722451923077 0.3457289951923077 0.6331533966346155 0.33973109375 0.6313259110576923 0.3379817067307692 0.630763608173077 0.33998100721153846 0.62598403125 0.34397960817307693 0.6248594230769231 0.3469785576923077 0.6252811514423077 0.35547558413461544 0.6241565456730769 0.36797120913461534 0.6233130913461539 0.38071675 0.6254217283653846 0.38546508653846157
8 0.5944950528846153 0.4082071274038462 0.5922458389423076 0.41520467788461535 0.5935110216346154 0.4197031033653846 0.5994152043269231 0.42370170432692306 0.6053193870192307 0.4177038028846154 0.6067251466346154 0.40295896394230774 0.6067251466346154 0.38796421153846156 0.6093960865384616 0.37796771153846154 0.6063034182692307 0.36222322115384614 0.6054599639423077 0.35722497115384616 0.6030701754807692 0.3587244471153846 0.6008209615384615 0.36222322115384614 0.5963225360576924 0.36997050961538464 0.5959008100961538 0.38271605048076923 0.5961819615384616 0.39246263701923073 0.5936515961538462 0.40120957692307696 0.5944950528846153 0.4082071274038462
8 0.6070062980769231 0.4044584399038461 0.608974358173077 0.4069575649038461 0.6099583894230769 0.41270555288461536 0.61276990625 0.41245564182692307 0.6136133605769231 0.4084570408653846 0.6169871802884616 0.40145949038461537 0.6181117860576923 0.3954615889423077 0.618252360576923 0.38746438701923075 0.6203609975961538 0.38096666105769234 0.6216261802884616 0.3712200721153846 0.6171277548076923 0.3632228725961539 0.6106612692307692 0.36572199759615387 0.6110829951923077 0.3724696346153846 0.6103801177884616 0.3782176225961538 0.6082714807692308 0.38671464903846153 0.6063034182692307 0.3939621129807692 0.6070062980769231 0.4044584399038461
2 0.6687190721153846 0.3977108004807692 0.6772941971153846 0.3962113269230769 0.6784188028846153 0.38771430048076927 0.6709682860576923 0.3864647379807692 0.66365834375 0.3839656129807692 0.6595816466346154 0.38071675 0.6493196129807692 0.38096666105769234 0.6386358533653845 0.38096666105769234 0.6365272163461538 0.3802169230769231 0.6342780024038461 0.39146298798076923 0.6355431850961538 0.40270905288461534 0.6393387307692309 0.4042085264423077 0.6497413413461538 0.4019593149038462 0.661830858173077 0.4019593149038462 0.6687190721153846 0.3977108004807692
2 0.6643612235576923 0.4099565144230769 0.6642206490384616 0.40620782692307694 0.6616902836538461 0.4019593149038462 0.6560672524038461 0.40295896394230774 0.6474921274038461 0.40345878846153843 0.6399010336538461 0.4044584399038461 0.6377923966346154 0.4052081778846154 0.635402608173077 0.4104563413461539 0.6349808822115384 0.41620432932692303 0.6446806129807693 0.4197031033653846 0.6574730096153847 0.4204528413461538 0.6626743149038461 0.4179537163461538 0.6643612235576923 0.4099565144230769
2 0.6840418365384615 0.45319138221153843 0.6867127764423077 0.4556905096153846 0.691070625 0.44319488221153847 0.6906488990384615 0.43794671875 0.6816520456730769 0.42919978125 0.6815114711538462 0.43519768028846156 0.6742015288461538 0.42595091826923076 0.6697031033653846 0.42370170432692306 0.6639394951923077 0.42295196634615384 0.6591599182692308 0.4214524903846154 0.6549426442307692 0.4214524903846154 0.6526934326923077 0.4249512668269231 0.65705128125 0.4286999543269231 0.6647829519230769 0.43419803125 0.6670321634615385 0.4409456682692308 0.6764507427884615 0.44844304567307697 0.6840418365384615 0.45319138221153843
2 0.6557861009615386 0.514419951923077 0.659862798076923 0.5239166298076923 0.6661887091346154 0.5199180288461538 0.6681567692307693 0.5094217019230769 0.6633771923076923 0.5046733653846154 0.6573324326923077 0.48842905048076923 0.6505847956730769 0.4846803629807692 0.6441183076923077 0.48418053605769235 0.6451023389423077 0.488928875 0.6460863701923076 0.49617633894230767 0.6490384615384616 0.5014245024038462 0.6557861009615386 0.514419951923077
2 0.6713900144230769 0.5549057836538461 0.6889619879807692 0.5514070072115385 0.6913517764423076 0.5404108557692308 0.6895242908653846 0.5326635673076923 0.6816520456730769 0.5319138293269231 0.6701248317307692 0.53116409375 0.661830858173077 0.5364122548076924 0.6560672524038461 0.5419103317307692 0.6510065216346154 0.5444094567307692 0.6504442187499999 0.5494077067307692 0.656207826923077 0.5506572692307692 0.6639394951923077 0.5514070072115385 0.6713900144230769 0.5549057836538461
8 0.6025078725961538 0.5963912620192308 0.5944950528846153 0.5811465985576922 0.587185110576923 0.5736492235576923 0.5839518677884615 0.5773979110576923 0.58634165625 0.5833958124999999 0.5870445336538461 0.5958914375 0.6009615384615384 0.6243814663461538 0.6082714807692308 0.6161343533653846 0.6025078725961538 0.5963912620192308
7 0.6252811514423077 0.7955715504807692 0.6283738197115384 0.7853251370192308 0.6203609975961538 0.7770780216346154 0.6096772379807692 0.781826360576923 0.6026484471153846 0.7903233870192307 0.6002586586538462 0.7910731249999999 0.5953385072115385 0.7963212884615385 0.5916835360576923 0.8088169134615384 0.5942138990384616 0.8280601778846154 0.6047570841346154 0.807817264423077 0.6084120552884615 0.7978207620192308 0.6164248774038461 0.8040685769230769 0.6252811514423077 0.7955715504807692
7 0.6529745841346154 0.9250262403846155 0.6539586153846154 0.9327735288461538 0.6611279807692308 0.9302744038461538 0.6685784975961538 0.9195281658653846 0.6643612235576923 0.9112810504807692 0.6560672524038461 0.9025341129807691 0.6529745841346154 0.896786125 0.6493196129807692 0.8957864735576924 0.6460863701923076 0.8922876995192308 0.6451023389423077 0.894287 0.6448211875 0.9032838509615384 0.6436965817307693 0.9147798269230769 0.6465080961538461 0.9225271153846154 0.6529745841346154 0.9250262403846155
7 0.5745332884615384 0.6138851394230769 0.5756578942307692 0.6028889879807692 0.5724246514423077 0.5968910889423077 0.5662393173076923 0.5871445000000001 0.5614597379807692 0.5861448485576923 0.5583670721153846 0.5861448485576923 0.5472615841346153 0.5933923125 0.5468398557692308 0.6008896899038462 0.5523223125000001 0.6111361033653846 0.5592105264423076 0.6173839158653845 0.5684885288461539 0.6221322548076924 0.5745332884615384 0.6138851394230769
8 0.5500730985576923 0.7365921923076922 0.5563990096153846 0.7285949927884615 0.5506354014423077 0.7238466538461539 0.5348909134615385 0.737092016826923 0.5336257307692308 0.7423401802884615 0.5364372475961539 0.7503373822115385 0.5500730985576923 0.7365921923076922
4 0.6328722451923077 0.1755385625 0.6275303653846154 0.19303243750000001 0.6366677908653846 0.21027640384615387 0.6469298245192309 0.22002299278846155 0.6573324326923077 0.2260208918269231 0.6649235264423077 0.21752386778846156 0.6639394951923077 0.21402509134615383 0.667313314903846 0.20327885336538462 0.6616357307692307 0.19761665384615384 0.6619714350961539 0.19678112740384618 0.66365834375 0.19328235096153845 0.6401821850961539 0.1632928485576923 0.6328722451923077 0.1755385625
7 0.7651540721153847 0.5791472980769231 0.7456140360576923 0.5606537716346154 0.7271986057692307 0.5506572692307692 0.7267768774038461 0.5506572692307692 0.7248088173076923 0.5514070072115385 0.7013326586538462 0.616384264423077 0.6934604134615385 0.6348777932692309 0.6951473245192308 0.6513720192307692 0.7257928485576923 0.6416254302884615 0.7568600985576922 0.5981406514423078 0.7651540721153847 0.5791472980769231
4 0.7027384158653847 0.28500025 0.6948661706730769 0.28874893749999997 0.6973965360576924 0.3007447403846154 0.7054093557692307 0.3047433389423077 0.7021761129807692 0.3132403653846154 0.7040035985576923 0.31723896634615384 0.7208726947115385 0.31598940384615387 0.7152496634615384 0.27000549759615383 0.7120164182692308 0.2692557596153846 0.7063933870192307 0.2692557596153846 0.6990834447115385 0.2725046225961539 0.7002080528846153 0.2742540120192308 0.7027384158653847 0.28500025
7 0.8343173629807693 0.5034238028846154 0.83741003125 0.5094217019230769 0.8452822764423077 0.5096716153846154 0.8511864591346154 0.5096716153846154 0.8518893389423077 0.5021742379807692 0.8566689158653846 0.49392712499999997 0.8577935216346154 0.4724346466346154 0.8552631586538462 0.4741840360576923 0.8486560961538461 0.48118158653846155 0.8395186682692307 0.48443044951923075 0.8351608197115384 0.491428 0.8343173629807693 0.5034238028846154
7 0.8804262259615385 0.4556905096153846 0.8745220432692308 0.44819313221153845 0.8704453437499999 0.43619733173076924 0.8635571298076923 0.4301994302884615 0.8596210072115384 0.4419453197115385 0.8538573990384616 0.44919278365384613 0.8494995504807693 0.45943919711538467 0.8544197019230769 0.4669365721153846 0.8599021586538461 0.4744339471153846 0.8644005841346154 0.4794321995192308 0.8781770120192308 0.4769330745192307 0.8857681057692308 0.47293447355769236 0.8871738653846154 0.4644374471153846 0.8829565913461538 0.4609386706730769 0.8804262259615385 0.4556905096153846
8 0.8732568605769231 0.49742590144230764 0.8807073774038462 0.4941770384615385 0.8899853798076923 0.4799320240384616 0.8944838052884615 0.47268456009615384 0.8906882596153847 0.4691857860576923 0.8885796225961538 0.4694356971153846 0.8846434999999999 0.47518368509615383 0.8811291057692308 0.4794321995192308 0.8776147091346154 0.4846803629807692 0.8717105264423076 0.49617633894230767 0.8732568605769231 0.49742590144230764
8 0.8849246514423077 0.4546908581730769 0.8832377427884615 0.44744339423076923 0.881831983173077 0.43969610576923074 0.8784581634615385 0.43169890625 0.8753654975961538 0.4247013533653846 0.8697424639423077 0.42295196634615384 0.8669309495192308 0.42520118028846154 0.8649628870192309 0.4324486418269231 0.8707264951923077 0.43619733173076924 0.8735380120192308 0.44619383173076926 0.8777552860576924 0.4514419951923077 0.8828160144230769 0.4571899831730769 0.8849246514423077 0.4546908581730769
6 0.878879891826923 0.5861448485576923 0.8738191634615385 0.5773979110576923 0.8704453437499999 0.5664017596153846 0.8615890697115384 0.5564052572115384 0.8559660360576923 0.5609036826923077 0.8494995504807693 0.5726495721153846 0.8568094927884615 0.5863947620192308 0.8670715240384615 0.5971409999999999 0.878879891826923 0.5861448485576923
8 0.9093848413461539 0.34722847115384614 0.910228295673077 0.3427300456730769 0.9023560504807692 0.3389813557692308 0.8954678365384615 0.3392312692307692 0.8968735937500001 0.33223371875 0.8774741346153847 0.33298345673076923 0.8710076466346154 0.3377317932692308 0.8703047692307693 0.3464787331730769 0.8764901033653847 0.3487279447115385 0.8888607740384615 0.3497275961538462 0.9093848413461539 0.34722847115384614
2 0.8462663076923077 0.36772129807692305 0.8458445793269231 0.37621832451923076 0.8433142139423077 0.3859649134615385 0.8728351322115385 0.39871045192307697 0.8766306802884615 0.3814664855769231 0.8462663076923077 0.36772129807692305
10 0.9141644182692308 0.21752386778846156 0.9085413846153846 0.20552806490384615 0.9013720192307692 0.20302893990384613 0.8977170480769231 0.21002649038461538 0.8992633822115385 0.2182736033653846 0.8984199278846153 0.22177237980769232 0.9001068365384615 0.22702054326923077 0.9099471442307692 0.23151896875 0.9141644182692308 0.21752386778846156