7 0.03334514663461539 0.8962320576923077 0.051066218749999996 0.9062001586538462 0.06878728846153846 0.9062001586538462 0.09241538221153847 0.8912480072115384 0.09241538221153847 0.8729731514423077 0.06583377644230769 0.8696504519230769 0.054019728365384614 0.8713118028846154 0.03334514663461539 0.8962320576923077
7 0.14078405769230767 0.9763645216346154 0.11262724759615385 0.9672270961538462 0.09746588701923077 0.9666179326923078 0.08555338942307691 0.9775828461538462 0.08338748076923076 0.9903752427884616 0.09421702403846154 0.9982943461538463 0.09941520432692307 1 0.12670565384615384 0.9989035096153847 0.14403292067307694 0.9885477572115384 0.14078405769230767 0.9763645216346154
7 0.040069310096153846 0.9605263149038462 0.03357158413461538 0.9672270961538462 0.024907949519230768 0.9800194927884616 0.04873294230769231 0.9915935673076923 0.05739657692307692 0.9873294350961538 0.08338748076923076 0.9733187139423076 0.0909681610576923 0.9641812860576924 0.08447043509615385 0.9611354783653846 0.06497725721153846 0.9605263149038462 0.040069310096153846 0.9605263149038462
10 0.4201862692307692 0.9178849903846154 0.4082737716346154 0.9343323581730769 0.4256010384615384 0.93615984375 0.4385964903846154 0.9306773870192308 0.43101581009615386 0.9197124759615385 0.4201862692307692 0.9178849903846154
0 0.09313406971153845 0.9568713461538461 0.09205111538461538 0.94651559375 0.07580680048076924 0.93615984375 0.05306475961538462 0.93615984375 0.04873294230769231 0.9574805072115384 0.06064543990384615 0.9586988293269231 0.09313406971153845 0.9568713461538461
0 0.12995451682692308 0.9580896682692307 0.12129088221153846 0.9653996105769231 0.14619882932692307 0.9769736850961538 0.17977041346153846 0.9836744639423076 0.19818063701923078 0.9678362572115385 0.1970976826923077 0.9538255360576924 0.17110677884615383 0.9550438605769231 0.15161360096153847 0.9446881081730769 0.12995451682692308 0.9580896682692307
6 0.3335499254807692 0.7040692019230769 0.3313840144230769 0.6912768028846153 0.3173056105769231 0.6730019495192308 0.2934806153846154 0.6797027283653846 0.2653238028846154 0.6882309951923078 0.21117608894230772 0.7040692019230769 0.20792722596153845 0.7125974663461538 0.2241715408653846 0.7253898629807692 0.2555772139423077 0.7217348918269231 0.2934806153846154 0.714424951923077 0.3335499254807692 0.7040692019230769
9 0.3075590216346154 0.6589912283653846 0.32380333653846155 0.6644736850961538 0.3443794663461538 0.6577729038461538 0.3487112836538462 0.6425438605769231 0.33246696875000004 0.6358430793269231 0.3140567475961538 0.6358430793269231 0.2999783413461538 0.6443713461538461 0.3075590216346154 0.6589912283653846
0 0.13428633413461538 0.6449805072115384 0.07797270913461539 0.6535087716346154 0.027073858173076924 0.6577729038461538 0.005414771634615385 0.6602095528846154 0.004331817307692307 0.67848440625 0.049815896634615386 0.671783625 0.11695906490384617 0.663255360576923 0.16244314423076922 0.6608187139423076 0.14836473798076924 0.6553362572115385 0.13428633413461538 0.6449805072115384
6 0.06064543990384615 0.6949317740384615 0.03573749278846154 0.6857943461538463 0.02165908653846154 0.6955409350961539 0.01732726923076923 0.7065058485576923 0.040069310096153846 0.7174707596153845 0.06606021153846155 0.714424951923077 0.06064543990384615 0.6949317740384615
0 0.04873294230769231 0.5213206634615385 0.004331817307692307 0.5182748533653846 0.004331817307692307 0.6102582836538462 0.05956248557692308 0.6126949326923077 0.07472384615384615 0.61330409375 0.08771929807692308 0.5858918125 0.09313406971153845 0.5554337235576923 0.0952999783653846 0.5243664711538462 0.04873294230769231 0.5213206634615385
0 0.07905566346153846 0.47258771874999994 0.05956248557692308 0.49573586778846157 0.04873294230769231 0.5201023389423077 0.0952999783653846 0.5231481490384615 0.09313406971153845 0.5706627692307692 0.14294996634615384 0.5816276802884615 0.17652155048076923 0.5304580889423077 0.1970976826923077 0.49634502884615384 0.11479315625 0.48050682211538465 0.07905566346153846 0.47258771874999994
9 0.3432965120192308 0.5395955168269231 0.36170673557692307 0.5420321634615385 0.3855317307692308 0.5335038990384615 0.38228286778846154 0.518884014423077 0.35520900961538465 0.5152290456730769 0.3400476490384615 0.5194931778846154 0.3313840144230769 0.5353313846153847 0.3432965120192308 0.5395955168269231
2 0.2999783413461538 0.4500487331730769 0.36062378125000005 0.42811890865384616 0.36928741586538466 0.4226364519230769 0.35629196394230767 0.4183723197115385 0.3270521995192308 0.43116471634615383 0.2739874375 0.4512670552884615 0.21117608894230772 0.4744152043269231 0.17760450480769233 0.48659843990384616 0.1830192764423077 0.49329922115384617 0.21225904326923078 0.48416179326923076 0.24474767067307693 0.4707602331730769 0.2999783413461538 0.4500487331730769
2 0 0.44578460096153844 0.008663634615384615 0.4701510721153846 0.02165908653846154 0.5036549711538462 0.03357158413461538 0.5012183245192308 0.02165908653846154 0.47136939663461536 0.01082954326923077 0.4396929831730769 0.0010829543269230768 0.4208089663461539 0 0.44578460096153844
2 0.06281134855769231 0.4823343076923077 0.0725579375 0.45553118990384617 0.08663634375000001 0.4269005841346154 0.08988520673076923 0.4037524375 0.08122157211538461 0.40070662740384616 0.07472384615384615 0.4269005841346154 0.06064543990384615 0.4646686153846154 0.037903401442307694 0.5182748533653846 0.04873294230769231 0.5213206634615385 0.05414771394230769 0.5030458100961538 0.06281134855769231 0.4823343076923077
2 0.08447043509615385 0.4701510721153846 0.09313406971153845 0.4433479543269231 0.10179770432692307 0.4208089663461539 0.11587611057692307 0.39217836298076925 0.12020792788461539 0.36537524278846156 0.11371020192307692 0.36293859615384616 0.10612952163461539 0.3799951274038461 0.0952999783653846 0.4141081875 0.08988520673076923 0.4269005841346154 0.08013861778846154 0.4470029230769231 0.07147498317307692 0.4695419110576923 0.06497725721153846 0.4926900576923077 0.08447043509615385 0.4701510721153846
7 0.2414988076923077 0.348927875 0.20034654567307691 0.35014619951923076 0.17977041346153846 0.3550194927884615 0.16569200721153846 0.37268518509615384 0.17652155048076923 0.3830409350961539 0.20576131730769232 0.3946150096153846 0.24691357932692307 0.3891325528846154 0.2588260769230769 0.37085769951923075 0.25774312259615384 0.3562378173076923 0.2414988076923077 0.348927875
8 0.37361923317307694 0.348927875 0.38878059375 0.34466374278846157 0.3714533245192308 0.3257797259615384 0.35629196394230767 0.3160331394230769 0.3432965120192308 0.31237816826923076 0.33896469471153845 0.3196881081730769 0.3508771923076923 0.33918128605769227 0.37361923317307694 0.348927875
7 0.2739874375 0.06505847836538461 0.27723630048076925 0.05470272836538462 0.2729044831730769 0.04251949278846154 0.25774312259615384 0.038255360576923074 0.24366471634615383 0.04617446394230769 0.22742040384615383 0.05653021394230769 0.23175221875000002 0.06505847836538461 0.245830625 0.07054093509615385 0.25341130528846156 0.0632309951923077 0.25774312259615384 0.0711500985576923 0.2739874375 0.06505847836538461
10 0.35304310096153846 0.3068957115384615 0.35520900961538465 0.29714912259615384 0.3487112836538462 0.2916666658653846 0.33030106249999996 0.29349415144230767 0.32596924278846157 0.29714912259615384 0.3292181057692308 0.30750487259615383 0.35304310096153846 0.3068957115384615
8 0.5252328341346154 0.23135964903846154 0.5273987427884615 0.22709551682692306 0.50357375 0.21978557451923075 0.47866580048076923 0.21734892788461538 0.43209876442307693 0.21917641346153843 0.41368854326923077 0.22100389903846154 0.4158544519230769 0.23866959134615387 0.4515919423076923 0.24110623798076924 0.49166125240384617 0.23927875240384616 0.5122373846153846 0.23440545913461538 0.5252328341346154 0.23135964903846154
4 0.36495559855769233 0.8356481490384616 0.3931124110576923 0.8125 0.3855317307692308 0.800316764423077 0.3584578725961538 0.7948343076923077 0.3281351538461538 0.8149366466346154 0.3487112836538462 0.8338206634615385 0.36495559855769233 0.8356481490384616
11 0.21225904326923078 0.640716375 0.2393329014423077 0.6352339182692308 0.2414988076923077 0.6218323581730769 0.23066926682692307 0.6126949326923077 0.20792722596153845 0.6120857692307692 0.19493177403846154 0.6230506826923077 0.17652155048076923 0.6157407403846153 0.14403292067307694 0.6212231971153847 0.12670565384615384 0.6376705649038462 0.12670565384615384 0.6455896682692307 0.15811132692307692 0.6571637427884615 0.19384881971153847 0.6486354783653846 0.21225904326923078 0.640716375
6 0.1646090528846154 0.002314814903846154 0.12453974519230769 0.0010964903846153846 0.10179770432692307 0.013279725961538461 0.13103747115384617 0.031554581730769235 0.1505306466346154 0.031554581730769235 0.17760450480769233 0.038255360576923074 0.2100931346153846 0.022417153846153844 0.17110677884615383 0.00901559375 0.1646090528846154 0.002314814903846154
7 0.2923976610576923 0.1089181298076923 0.26640675721153845 0.10282650961538461 0.2501624423076923 0.11683723076923076 0.2848169807692308 0.13023879086538462 0.2934806153846154 0.14059454086538462 0.3140567475961538 0.12780214423076924 0.31838856490384615 0.11440058413461539 0.2999783413461538 0.12049220192307691 0.2923976610576923 0.1089181298076923