0 0.047707322115384615 0.8603012836538462 0.06490718509615384 0.8595846225961539 0.08592923798076924 0.8595846225961539 0.10185503605769232 0.8509846923076924 0.09357362259615386 0.836293141826923 0.08338111057692309 0.8287682043269231 0.07000343990384615 0.8298431947115384 0.050892480769230766 0.8298431947115384 0.036240747596153845 0.8287682043269231 0.03178152403846154 0.8431014206730769 0.02795933173076923 0.8552846586538462 0.047707322115384615 0.8603012836538462
7 0.1623730721153846 0.9226507860576922 0.16683229567307695 0.9258757596153846 0.1738396466346154 0.9298173942307693 0.18212106249999999 0.9326840384615385 0.19549873317307692 0.9276674110576923 0.19358763701923076 0.9162008365384615 0.18912841346153847 0.91010921875 0.18912841346153847 0.9043759326923078 0.1789359014423077 0.8993593052884615 0.16938042307692308 0.8943426778846154 0.16109900721153847 0.8968509927884616 0.15090649759615385 0.8975676538461539 0.14135101682692308 0.8993593052884615 0.14708430528846156 0.91010921875 0.15663978365384615 0.91261753125 0.1623730721153846 0.9226507860576922
13 0.2502834783653846 0.9534672067307692 0.2451872235576923 0.9355506826923077 0.2356317451923077 0.9283840721153845 0.22416517067307692 0.9244424375 0.21460968990384616 0.9276674110576923 0.2082393701923077 0.9348340216346155 0.21015046634615386 0.9445089447115385 0.2158837548076923 0.9552588581730769 0.22416517067307692 0.9635004591346154 0.2394539375 0.965292110576923 0.24709831971153845 0.9606338149038461 0.2502834783653846 0.9534672067307692
13 0.2923275865384615 0.9416423004807692 0.3050682259615385 0.9369840048076923 0.3158977692307693 0.9287424038461538 0.31271261057692307 0.9158425072115384 0.3018830673076923 0.9036592716346153 0.28468320432692307 0.8997176346153846 0.27066850240384616 0.9025842788461538 0.2585648942307692 0.91010921875 0.2585648942307692 0.9194258100961539 0.2611130216346154 0.9305340552884616 0.27703881971153843 0.9405673076923077 0.2923275865384615 0.9416423004807692
0 0.3624011009615385 0.9577671706730769 0.3381938870192308 0.9534672067307692 0.3286384086538462 0.9592004927884615 0.3158977692307693 0.9602754855769231 0.30697932211538465 0.9556171874999999 0.28914242788461536 0.9570505096153846 0.2604759903846154 0.9624254663461538 0.2738536610576923 0.9986168437499999 0.3776898677884616 0.9993335048076923 0.3624011009615385 0.9577671706730769
7 0.3076163533653846 0.9556171874999999 0.31844589663461537 0.9588421634615384 0.3286384086538462 0.9545421971153847 0.3305495048076923 0.9498839014423077 0.32545324759615385 0.9455839350961538 0.3292754399038461 0.9402089783653846 0.3318235673076923 0.9294590649038461 0.31844589663461537 0.9244424375 0.3146237043269231 0.9283840721153845 0.3050682259615385 0.9377006658653847 0.2967868100961538 0.9405673076923077 0.29614977884615384 0.9448672740384616 0.30570525721153846 0.9495255697115385 0.3076163533653846 0.9556171874999999
7 0.26875740625 0.8223182548076923 0.27066850240384616 0.8155099759615384 0.26684631009615384 0.8079850360576923 0.2534686394230769 0.8033267403846154 0.23754284134615386 0.8026100793269231 0.2248022019230769 0.807268375 0.2260762644230769 0.8201682716346154 0.23817987259615384 0.8316348461538462 0.25283160576923075 0.8334265 0.2598389591346154 0.828409872596154 0.26875740625 0.8223182548076923
4 0.3547567163461538 0.8843094254807693 0.34902343028846156 0.8728428509615385 0.32991247115384614 0.8660345721153846 0.3165348004807692 0.8653179110576924 0.3076163533653846 0.8696178774038461 0.3018830673076923 0.8835927644230769 0.31526073798076926 0.8846677572115385 0.3362827908653846 0.8954176706730769 0.35666781249999996 0.8979259831730769 0.3598529735576923 0.8911177043269232 0.3547567163461538 0.8843094254807693
4 0.3222680889423077 0.7040692019230769 0.32800137500000004 0.720910733173077 0.34392717548076923 0.7173274278846153 0.3713195480769231 0.7123108004807693 0.3764158028846154 0.7062191826923077 0.3725936105769231 0.6965442620192307 0.3458382692307692 0.7001275649038461 0.3222680889423077 0.7040692019230769
6 0.3292754399038461 0.6524696129807693 0.3305495048076923 0.6628611971153846 0.33373466346153846 0.6850776850961539 0.32609028125 0.7004858966346154 0.34010498317307697 0.699769235576923 0.34201607932692313 0.6789860673076924 0.3381938870192308 0.6685944855769231 0.33437169471153844 0.6542612668269231 0.3292754399038461 0.6524696129807693
13 0.2311725216346154 0.7664187019230769 0.2216170408653846 0.7585354326923077 0.20887640384615386 0.7510104927884615 0.20186905048076922 0.752085483173077 0.19677279567307693 0.7581771009615385 0.19422466826923077 0.7703603365384615 0.19677279567307693 0.7803935889423077 0.20505421153846154 0.7904268437499999 0.22225407451923077 0.7922184951923076 0.22926142548076925 0.7789602692307693 0.2311725216346154 0.7664187019230769
2 0.18466918990384615 0.8617346057692308 0.20250608413461538 0.8610179447115385 0.21142453125000002 0.8588679615384615 0.21460968990384616 0.8495513701923076 0.2120615625 0.8420264302884616 0.1929506057692308 0.8438180817307692 0.18148402884615383 0.8459680649038461 0.1706544855769231 0.8506263605769231 0.1636471346153846 0.8585096322115385 0.16874339182692305 0.8635262572115384 0.18466918990384615 0.8617346057692308
0 0.12351412259615385 0.7617604062500001 0.12160302644230768 0.7463521947115385 0.06490718509615384 0.7477855168269231 0.06427015144230769 0.7617604062500001 0.0674553125 0.7717936586538462 0.08656626923076922 0.7728686514423077 0.11905489903846153 0.7732269807692307 0.12415115384615386 0.7721519903846155 0.12351412259615385 0.7617604062500001
0 0.4407560288461539 0.9968251923076923 0.41527475240384615 0.9925252259615385 0.3974378581730769 0.9864336081730769 0.39488973076923073 0.9814169807692308 0.3713195480769231 0.9778336778846154 0.37960096394230775 0.9989751754807692 0.3799959230769231 1 0.44011899759615386 0.9989751754807692 0.4407560288461539 0.9968251923076923
2 0.42992648557692303 0.9867919399038462 0.4012600480769231 0.9817753124999999 0.40571927403846153 0.9860752788461539 0.4394819663461539 0.9928835576923076 0.47005949759615384 0.9986168437499999 0.5 0.9996918365384615 0.4694224663461538 0.9943168798076923 0.42992648557692303 0.9867919399038462
2 0.5242072139423077 0.9968251923076923 0.4949037451923077 0.9928835576923076 0.4624151153846154 0.9867919399038462 0.4038081778846154 0.9789086682692307 0.37323064423076924 0.9738920432692308 0.3694084519230769 0.9774753461538462 0.4312005504807692 0.9875086009615385 0.47451872115384613 0.9950335384615384 0.5038221923076923 0.9989751754807692 0.5184739254807693 0.9996918365384615 0.5242072139423077 0.9968251923076923
2 0.5089184471153846 0.9445089447115385 0.5050962548076924 0.9409256394230769 0.4859852980769231 0.9445089447115385 0.4522226033653846 0.9552588581730769 0.4050822403846154 0.96744209375 0.38851941105769233 0.9721003894230769 0.3923416009615384 0.9760420240384615 0.4216450721153846 0.9685170841346153 0.4751557548076923 0.9541838677884615 0.5089184471153846 0.9445089447115385
8 0.43374867788461535 0.7273606802884616 0.4229191346153846 0.7248523677884615 0.41718584855769236 0.7284356730769231 0.41081552884615385 0.7402605769230769 0.40571927403846153 0.7538771346153846 0.4190969423076923 0.7560271177884614 0.42992648557692303 0.7431272211538461 0.4343857091346154 0.7341689591346154 0.43374867788461535 0.7273606802884616
10 0.41845991105769226 0.7201940721153846 0.4280153918269231 0.7241357067307692 0.43884493269230773 0.7255690288461539 0.4458522860576923 0.7151774447115385 0.4458522860576923 0.7115941394230769 0.43502274278846154 0.709085826923077 0.41845991105769226 0.7201940721153846
7 0.37068251682692305 0.6847193557692308 0.38278612259615385 0.6900943125 0.3891564423076923 0.6818527115384616 0.4044452091346154 0.677911076923077 0.4216450721153846 0.6728944495192307 0.4165488149038462 0.6671611634615384 0.40826740144230766 0.6603528846153845 0.4012600480769231 0.6539029350961538 0.3904305072115385 0.6531862740384615 0.37577877163461537 0.6539029350961538 0.37068251682692305 0.6589195625000001 0.36303813221153847 0.6693111466346154 0.36176406971153846 0.6775527451923077 0.37068251682692305 0.6847193557692308
0 0.43629680528846154 0.6947526081730769 0.41718584855769236 0.6811360504807692 0.3993489543269231 0.6879443293269231 0.4190969423076923 0.7029942091346153 0.43629680528846154 0.6947526081730769
8 0.4229191346153846 0.6402863774038461 0.4063563052884615 0.6341947596153846 0.4006230168269231 0.6410030384615385 0.41081552884615385 0.6467363269230769 0.4190969423076923 0.6542612668269231 0.43502274278846154 0.6625028677884616 0.4509485408653846 0.6635778581730769 0.44330415624999997 0.6549779278846154 0.43502274278846154 0.6481696490384615 0.4229191346153846 0.6402863774038461
6 0.3789639302884616 0.6227281850961539 0.39488973076923073 0.6313281153846154 0.4089044326923077 0.6298947932692307 0.4356597740384615 0.630611454326923 0.4343857091346154 0.6234448461538461 0.45731886057692306 0.6245198365384615 0.45731886057692306 0.6220115240384616 0.4509485408653846 0.616278235576923 0.4464893173076923 0.6123366009615384 0.4292894543269231 0.6101866177884616 0.41718584855769236 0.6130532620192308 0.3993489543269231 0.6109032788461538 0.39106753846153847 0.6040949999999999 0.38023799519230767 0.6044533317307692 0.37450470673076924 0.6126949326923077 0.3789639302884616 0.6227281850961539
6 0.34654537500000004 0.5895409831730769 0.34963953124999997 0.58054859375 0.3470610673076923 0.5660447403846154 0.3434512211538462 0.5399378076923077 0.3398413725961538 0.5190522596153846 0.33055890625 0.5196324134615384 0.3058056658653846 0.5236934927884616 0.3058056658653846 0.5439988870192308 0.30993120673076924 0.5689455120192307 0.31250966826923077 0.5915715216346153 0.34654537500000004 0.5895409831730769
2 0.4625761947115385 0.7928849903846154 0.46102911538461544 0.78621321875 0.4605134230769231 0.7708391346153847 0.4532937283653846 0.7618467475961539 0.43524449038461543 0.7583658221153846 0.4249306394230769 0.7580757451923077 0.4244149471153846 0.7682284423076923 0.4259620240384615 0.7856330649038461 0.42647771634615383 0.7963659158653846 0.43679156730769225 0.8030376874999999 0.43937002884615384 0.8041979951923076 0.45123095913461536 0.8065186105769231 0.4563878822115385 0.8007170697115384 0.4625761947115385 0.7928849903846154
11 0.5352888389423077 0.5187621826923077 0.5079571346153846 0.5245637235576923 0.4914549759615384 0.5335561129807692 0.5167239086538461 0.5399378076923077 0.53580453125 0.5329759591346154 0.5445713052884615 0.5274644951923076 0.5543694615384616 0.5187621826923077 0.5352888389423077 0.5187621826923077
6 0.5172396009615384 0.5010674831730769 0.5156925240384616 0.5210828004807693 0.5363202235576924 0.5158614134615385 0.5347731466346154 0.5001972524038462 0.5172396009615384 0.5010674831730769
7 0.4672174254807692 0.5022277908653846 0.4692801971153846 0.5068690240384616 0.4501995721153846 0.5106400264423077 0.46360757932692304 0.5170217211538461 0.4847509711538462 0.52195303125 0.48939220432692304 0.5263041875 0.5002217475961538 0.5271744182692307 0.5105355985576924 0.5216629543269231 0.5141454471153846 0.5001972524038462 0.5388986874999999 0.4990369447115385 0.5486968461538462 0.4961361730769231 0.5456026899038462 0.4909147860576923 0.5363202235576924 0.4897544783653846 0.5198180625 0.4917850192307692 0.5043472884615384 0.4917850192307692 0.48629805048076924 0.4909147860576923 0.47701558413461537 0.4929453269230769 0.4656703485576923 0.4975865600961538 0.4672174254807692 0.5022277908653846
7 0.5203337572115385 0.4894644014423077 0.5388986874999999 0.48453309134615385 0.5512753076923077 0.4819223990384615 0.5502439230769232 0.4717697019230769 0.5373516105769232 0.4674185456730769 0.5285848365384616 0.4665483149038462 0.5125983677884615 0.4726399326923077 0.4966119014423077 0.4769910889423077 0.48320389423076926 0.475540704326923 0.4806254326923077 0.4801819375 0.48990789663461537 0.4871437860576923 0.4940334375 0.49033463221153845 0.5203337572115385 0.4894644014423077
4 0.662664891826923 0.44972384615384614 0.6667904326923076 0.44160168990384613 0.662664891826923 0.43928107211538464 0.6446156538461539 0.43812076442307696 0.62553503125 0.4410215360576923 0.6281134927884615 0.4514643076923077 0.6425528846153846 0.4523345408653846 0.6569922740384615 0.45813608173076925 0.662664891826923 0.44972384615384614
8 0.6157368725961538 0.4285482235576923 0.6033602524038462 0.41926575721153847 0.5925307091346154 0.4166550625 0.585311014423077 0.4195558341346154 0.5914993245192307 0.42883830048076926 0.6080014855769231 0.44247192067307695 0.6162525649038462 0.4494337692307692 0.6260507235576923 0.4514643076923077 0.6286291850961538 0.4395711490384615 0.6157368725961538 0.4285482235576923
7 0.5858267067307692 0.4430520745192308 0.585311014423077 0.43725053365384614 0.5786070120192307 0.4279680673076923 0.5641676201923077 0.4294184543269231 0.5610734663461538 0.43521999519230764 0.5492125384615385 0.4384108413461538 0.5492125384615385 0.44247192067307695 0.5466340745192307 0.4514643076923077 0.5497282307692308 0.4566856947115384 0.5631362355769232 0.45958646634615385 0.576028548076923 0.45320477163461537 0.5858267067307692 0.4430520745192308
7 0.61264271875 0.45929638942307693 0.6136741033653846 0.45117423076923074 0.6090328701923077 0.44827346153846154 0.5997504038461539 0.4474032307692308 0.5868580913461539 0.4474032307692308 0.579122704326923 0.45552538701923073 0.58066978125 0.4650979302884615 0.5894365552884615 0.46248723557692306 0.5987190192307692 0.4650979302884615 0.6116113341346154 0.46277731250000004 0.61264271875 0.45929638942307693
7 0.7864310985576922 0.5515408894230769 0.7812741730769232 0.5666248966346153 0.7915880240384615 0.5732966682692308 0.8091215697115385 0.5761974375000001 0.8220138822115385 0.5814188245192308 0.8333591177884615 0.5822890552884615 0.8405788125 0.5712661274038461 0.8555338966346154 0.5625638173076923 0.8622378990384616 0.5541515817307693 0.8545025120192308 0.5457393485576923 0.8395474278846154 0.5376171923076923 0.823045266826923 0.5370370360576924 0.801901875 0.5445790408653847 0.7864310985576922 0.5515408894230769
4 0.8746145192307692 0.5413881923076923 0.8673948245192308 0.5347164206730769 0.8617222067307692 0.5335561129807692 0.8539868197115384 0.5338461899038461 0.8426415841346154 0.5352965745192308 0.8441886610576923 0.5396477307692308 0.8586280504807693 0.5474798100961539 0.8725517500000001 0.5495103509615384 0.8787400600961538 0.54689965625 0.8746145192307692 0.5413881923076923
4 0.9297936201923077 0.529785110576923 0.9256680793269231 0.5248538004807692 0.9091659182692309 0.5274644951923076 0.8988520697115384 0.5294950336538462 0.8916323725961538 0.5361668052884615 0.9034933004807691 0.5445790408653847 0.9184483846153846 0.5405179615384615 0.9210268461538462 0.5367469591346153 0.9297936201923077 0.529785110576923
10 0.9813628725961538 0.4613269278846154 0.9684705600961538 0.4613269278846154 0.9648607115384615 0.4685788533653846 0.9798157956730769 0.4706093942307692 0.9860041057692308 0.4653880072115385 0.9813628725961538 0.4613269278846154
6 0.8209824975961539 0.6295716153846154 0.8354218870192308 0.6316021538461538 0.8400631201923077 0.6205792259615385 0.8385160432692308 0.6069456057692307 0.8127314182692308 0.6014341418269231 0.8184040336538462 0.6179685336538461 0.8209824975961539 0.6295716153846154
5 0.9390760841346153 0.6664113990384616 0.9318563894230769 0.6667014759615385 0.9220582307692309 0.672503016826923 0.9406231634615385 0.6751137091346154 0.947842858173077 0.6696022451923077 0.9390760841346153 0.6664113990384616
7 0.7982920264423077 0.7450222788461538 0.7962292572115385 0.75256428125 0.801901875 0.7603963605769231 0.8111843389423077 0.7627169783653845 0.8245923461538461 0.7667780552884615 0.839031735576923 0.7769307524038461 0.8369689663461538 0.7792513701923076 0.8410945048076923 0.7844727572115384 0.8617222067307692 0.7911445288461538 0.8875068341346153 0.7882437572115385 0.9127757668269231 0.7780910600961538 0.9359819302884615 0.769678826923077 0.9390760841346153 0.7586558990384616 0.9282465432692307 0.7551749735576923 0.9174169999999999 0.7560452067307692 0.9091659182692309 0.7624269014423077 0.8978206826923076 0.7624269014423077 0.8890539110576923 0.7528543581730769 0.8699732860576923 0.7487932788461538 0.8612065144230769 0.7479230480769231 0.8467671225961539 0.748213125 0.8297492692307693 0.7461825865384615 0.81170003125 0.7453123557692307 0.7982920264423077 0.7450222788461538
6 0.9189640769230769 0.8978928798076923 0.9323720817307692 0.908045576923077 0.9535154759615385 0.9286410480769232 0.9803314879807693 0.9329922019230769 0.9963179543269232 0.9260303533653846 0.9978650336538462 0.9141371947115384 0.9839413341346154 0.8909310312500001 0.9658920961538461 0.8787477956730769 0.9571253245192307 0.8787477956730769 0.9499056274038461 0.8836791057692307 0.9597037860576924 0.8935417235576922 0.9493899350961539 0.8967325721153846 0.9416545480769231 0.8999234206730768 0.9303093124999999 0.8938318028846154 0.9189640769230769 0.8978928798076923
6 0.9509370144230769 0.9327021249999999 0.94629578125 0.9190685048076923 0.9339191610576923 0.9181982740384615 0.9334034663461538 0.9152975024038461 0.92721515625 0.9135570408653847 0.9122600745192307 0.9097860384615385 0.8993677620192309 0.912396733173077 0.8998834543269231 0.9202288125 0.9019462235576923 0.9295112788461538 0.8983363750000001 0.937343358173077 0.9096816105769231 0.9431448990384615 0.9230896177884615 0.9425647451923077 0.9504213197115384 0.9356028966346154 0.9509370144230769 0.9327021249999999
6 0.8952422211538462 0.9129768870192307 0.9117443822115384 0.9083356538461539 0.9199954615384616 0.9094959615384616 0.9313406971153846 0.9109463485576923 0.9261837716346153 0.9036944206730768 0.9153542283653846 0.898763110576923 0.9060717644230769 0.895862341346154 0.8942108365384616 0.8938318028846154 0.8844126778846154 0.8973127259615384 0.8813185216346154 0.90340434375 0.8833812932692309 0.9094959615384616 0.8952422211538462 0.9129768870192307
4 0.8715203653846154 0.8799081033653846 0.8906009879807691 0.8810684110576923 0.8952422211538462 0.8706256370192308 0.880802829326923 0.86598440625 0.8740988269230769 0.8651141754807692 0.8735831346153845 0.8732363317307693 0.8715203653846154 0.8799081033653846
6 0.8797714447115385 0.9802747620192308 0.8720360576923076 0.9860763028846153 0.8823499086538462 0.9921679206730769 0.8921480649038462 0.9979694615384616 0.8993677620192309 0.9936183052884615 0.8993677620192309 0.9849159927884615 0.8875068341346153 0.9788243750000001 0.8797714447115385 0.9802747620192308
6 0.9210268461538462 0.9782442211538461 0.9132914591346153 0.9802747620192308 0.91432284375 0.9860763028846153 0.9251523870192307 0.9921679206730769 0.9308250048076924 0.9924579975961538 0.9401074711538461 0.9883969182692307 0.9421702403846154 0.9814350697115385 0.9370133149038461 0.9765037596153847 0.9210268461538462 0.9782442211538461
6 0.9375290072115384 0.9672212932692308 0.9205111538461538 0.9675113701923077 0.8988520697115384 0.9672212932692308 0.8921480649038462 0.9695419110576923 0.8885382187499999 0.9776640673076924 0.9024619158653846 0.9860763028846153 0.9174169999999999 0.9904274567307693 0.9297936201923077 0.99564884375 0.9318563894230769 0.9985496153846154 0.9581567091346154 0.999419846153846 0.9648607115384615 0.9959389206730769 0.9839413341346154 0.9875266875 0.9818785649038462 0.9773739903846154 0.9669234807692307 0.97070221875 0.9514527067307692 0.9631602163461538 0.9375290072115384 0.9672212932692308
6 0.8849283701923076 0.9472059783653847 0.8854440625000001 0.9637403701923077 0.8983363750000001 0.9651907548076923 0.9101973052884615 0.9666411394230768 0.9308250048076924 0.9634502932692308 0.9158699206730769 0.9489464399038462 0.9034933004807691 0.9451754374999999 0.8828656009615384 0.9327021249999999 0.8849283701923076 0.9472059783653847
6 0.9762059471153847 0.7717093653846153 0.9648607115384615 0.7754803677884615 0.9756902548076922 0.7812819086538462 0.9813628725961538 0.7867933725961538 0.98497271875 0.7885338341346154 0.9983807259615385 0.7850529110576924 0.9927081081730769 0.7757704447115384 0.9808471802884615 0.7708391346153847 0.9762059471153847 0.7717093653846153
4 0.9798157956730769 0.15645595432692308 0.9927081081730769 0.15094449038461538 0.9978650336538462 0.14572310336538463 0.9860041057692308 0.13586048557692307 0.9787844086538461 0.13150932932692308 0.9725960985576924 0.13237956009615384 0.9653764038461539 0.1410818701923077 0.9571253245192307 0.14224218028846153 0.9514527067307692 0.14833379807692307 0.9395917788461539 0.14717349038461539 0.9364976225961539 0.1497841826923077 0.9426859326923077 0.15529564663461537 0.9586724014423077 0.16051703365384615 0.9798157956730769 0.15645595432692308
6 0.823045266826923 0.2745173125 0.81170003125 0.2710363870192308 0.7977763341346154 0.2678455408653846 0.7936507932692307 0.27973869951923075 0.7833369423076924 0.27393715865384616 0.7709603221153846 0.28205931490384617 0.7642563197115385 0.28931124038461536 0.7668347812499999 0.30758609375 0.8101529543269231 0.3006242451923077 0.8369689663461538 0.2881509326923077 0.867910516826923 0.28263946875 0.8885382187499999 0.27509746634615384 0.9065874567307692 0.26755546153846155 0.9019462235576923 0.2632043076923077 0.8802871370192308 0.2600134591346154 0.8864754471153845 0.24899053125 0.8844126778846154 0.23361644951923077 0.8668791322115385 0.22520421394230766 0.8648163629807691 0.23361644951923077 0.8684262091346154 0.24550960817307693 0.8622378990384616 0.24318899038461536 0.8524397403846155 0.24783022355769233 0.851924048076923 0.2504409158653846 0.8539868197115384 0.262044 0.8354218870192308 0.2733570048076923 0.823045266826923 0.2745173125
6 0.6028445600961538 0.3072960168269231 0.604907329326923 0.3180288677884615 0.6100642548076923 0.3299220264423077 0.6229565673076922 0.32702125721153846 0.6312076490384615 0.3322426442307692 0.6482255024038461 0.34065487740384615 0.6889652115384616 0.30816625 0.6951535216346154 0.3061357091346154 0.7008261394230769 0.2983036298076923 0.6858710552884616 0.29366239663461535 0.6724630504807692 0.286990625 0.662664891826923 0.2837997764423077 0.649772579326923 0.28321962259615385 0.6363645745192308 0.28612039423076924 0.6177996442307693 0.2884410096153846 0.6152211802884615 0.2994639375 0.6028445600961538 0.3072960168269231
8 0.18668069471153848 0.21389120913461537 0.19905731490384618 0.21389120913461537 0.2042142403846154 0.20750951442307694 0.20988685817307692 0.19532627884615383 0.21607516826923076 0.18401327403846152 0.21040255048076922 0.1808224254807692 0.2042142403846154 0.18024227163461537 0.1975102355769231 0.18488350480769228 0.19235331009615386 0.19445604807692307 0.18255515384615384 0.20634920673076923 0.18307084615384614 0.21012020913461538 0.18668069471153848 0.21389120913461537
4 0.18925915625 0.1724101923076923 0.2042142403846154 0.16834911298076924 0.2062770096153846 0.16428803605769232 0.19338469711538464 0.16051703365384615 0.18925915625 0.16515826682692308 0.1773982283653846 0.1625475721153846 0.18100807451923076 0.1724101923076923 0.18925915625 0.1724101923076923
6 0.24598533413461537 0.16660865144230771 0.23824994471153846 0.17328042307692307 0.23567148317307693 0.18430335096153844 0.2428911778846154 0.1877842764423077 0.25268933653846154 0.1822728125 0.25836195432692305 0.17502088461538462 0.25526779807692307 0.16573842067307692 0.24598533413461537 0.16660865144230771
8 0.12325051201923078 0.33804418509615386 0.11448374038461538 0.34123503125000004 0.09849727163461539 0.36096027163461536 0.11345235576923077 0.3650213485576923 0.12376620673076923 0.35457857692307687 0.12943882211538463 0.34384572596153845 0.1320172860576923 0.33804418509615386 0.12325051201923078 0.33804418509615386
9 0.022174778846153844 0.36299081009615386 0.01082954326923077 0.36241065625 0.005156925480769231 0.3682121971153846 0.004641233173076923 0.37314350721153844 0.013923697115384616 0.3806855096153846 0.025784625000000002 0.37981527884615385 0.03506709134615385 0.37314350721153844 0.033004322115384614 0.3638610408653846 0.022174778846153844 0.36299081009615386
9 0.14594098317307694 0.3763343533653846 0.15109790865384615 0.3737236610576923 0.15625483413461538 0.3658915817307692 0.1449095985576923 0.3592198076923077 0.1320172860576923 0.3571892692307692 0.12221912740384615 0.36241065625 0.12170343509615383 0.3722732764423077 0.12995451682692308 0.37691450721153846 0.1402683653846154 0.37488396874999996 0.14594098317307694 0.3763343533653846
7 0.16863145432692306 0.3450060336538462 0.16656868509615386 0.35138772836538457 0.1727569951923077 0.3679221201923077 0.18100807451923076 0.37981527884615385 0.1928690048076923 0.3899679759615384 0.21607516826923076 0.3893878221153846 0.22484193990384613 0.38300612740384615 0.24082840865384617 0.3859068966346154 0.25372072115384614 0.37981527884615385 0.2547521057692308 0.37198319951923076 0.25526779807692307 0.3571892692307692 0.2428911778846154 0.34065487740384615 0.22742040384615383 0.3354334903846154 0.21194962740384618 0.3371739543269231 0.19699454326923077 0.3371739543269231 0.18255515384615384 0.3403648004807692 0.16863145432692306 0.3450060336538462
1 0.43524449038461543 0.37488396874999996 0.40842847836538465 0.3806855096153846 0.3981146274038462 0.3815557403846154 0.3939890889423077 0.3975099783653846 0.3862536995192307 0.4323192235576923 0.39863031971153845 0.43318945432692313 0.4130697115384615 0.43376960817307697 0.4254463317307692 0.4474032307692308 0.43679156730769225 0.4587162355769231 0.45123095913461536 0.46074677403846154 0.47649989182692304 0.45813608173076925 0.5002217475961538 0.45552538701923073 0.5146611394230769 0.4520444639423077 0.5234279110576924 0.43347953125 0.5265220673076922 0.4149146009615385 0.51001990625 0.41433444711538464 0.5007374399038461 0.41404437019230766 0.4935177451923077 0.3978000552884616 0.48836081971153844 0.37111296875 0.4801097403846154 0.3638610408653846 0.4569035745192308 0.36734196634615385 0.43524449038461543 0.37488396874999996
8 0.3398413725961538 0.43725053365384614 0.3527336850961538 0.4387009182692308 0.35685922596153846 0.4366703798076923 0.3630475360576923 0.43318945432692313 0.3604690745192308 0.42680775961538464 0.3444826057692308 0.4241970673076923 0.3315902932692308 0.42651768269230766 0.3150881322115385 0.4259375288461538 0.30786843750000004 0.42970853124999997 0.3001330480769231 0.43115891586538463 0.30064874038461536 0.4358001490384616 0.30735274278846153 0.4358001490384616 0.3140567475961538 0.4384108413461538 0.32746475240384615 0.43725053365384614 0.3398413725961538 0.43725053365384614
8 0.24907948798076923 0.44160168990384613 0.2336087139423077 0.43725053365384614 0.22535763221153846 0.43521999519230764 0.22071639903846155 0.4387009182692308 0.22381055528846155 0.4418917668269231 0.24082840865384617 0.44972384615384614 0.2619718028846154 0.45726585096153843 0.27022288221153845 0.45117423076923074 0.26094041586538463 0.4462429230769231 0.24907948798076923 0.44160168990384613
4 0.20988685817307692 0.4030214423076923 0.1846179230769231 0.40360159615384616 0.17120991826923077 0.4030214423076923 0.1722413028846154 0.41375429326923074 0.17481976442307692 0.42100621875 0.18822777163461538 0.4207161418269231 0.2031828533653846 0.42100621875 0.20730839423076922 0.4134642163461538 0.20988685817307692 0.4030214423076923
7 0.1639902235576923 0.41752529567307695 0.16089606730769232 0.4082428293269231 0.15212929326923078 0.39605959375000005 0.14078405769230767 0.39083820673076924 0.12067205048076923 0.3902580528846154 0.1160308173076923 0.3946092091346154 0.1149994326923077 0.4102733677884615 0.12118774278846155 0.4218764495192308 0.12479759134615385 0.4302886850961538 0.13614282692307692 0.43347953125 0.15161360096153847 0.43434976442307693 0.15780191346153846 0.42767799038461535 0.1639902235576923 0.41752529567307695
8 0.1469723701923077 0.44160168990384613 0.13923698076923077 0.44856353846153846 0.13768990384615384 0.45842615865384617 0.13665851923076924 0.46567808413461537 0.14748806250000002 0.45784600480769233 0.15212929326923078 0.45117423076923074 0.15573914182692306 0.4433421514423077 0.1469723701923077 0.44160168990384613
8 0.11242097115384617 0.48830409375 0.11448374038461538 0.4972964807692308 0.11293666346153845 0.5048384855769231 0.11190527644230769 0.5109301033653846 0.11190527644230769 0.5164415673076923 0.1149994326923077 0.5213728774038462 0.1196406658653846 0.5263041875 0.12686036057692307 0.5277545721153847 0.13047020913461538 0.5231133389423077 0.13820559615384614 0.517601875 0.13820559615384614 0.50947971875 0.13768990384615384 0.49874686778846156 0.1402683653846154 0.4917850192307692 0.13923698076923077 0.4819223990384615 0.12943882211538463 0.4810521682692308 0.12067205048076923 0.4801819375 0.1160308173076923 0.48134224519230767 0.11242097115384617 0.48830409375
4 0.13975267307692307 0.5358767283653847 0.14851944711538462 0.5437088100961538 0.15264498798076923 0.5483500408653846 0.17069422596153846 0.5437088100961538 0.18307084615384614 0.5390675769230769 0.18358653846153847 0.5341362668269231 0.17378837980769232 0.5225331850961539 0.16656868509615386 0.5161514903846154 0.15780191346153846 0.5190522596153846 0.14233113701923078 0.5210828004807693 0.1284074375 0.5251438774038462 0.13047020913461538 0.5286248028846153 0.13975267307692307 0.5358767283653847
2 0.16553730048076923 0.47931170432692305 0.17791392067307693 0.48598347596153846 0.1939003894230769 0.49062470913461537 0.20060439182692308 0.4836628605769231 0.1939003894230769 0.47960178125 0.18616500000000002 0.4735101634615385 0.1768825360576923 0.4706093942307692 0.16708437740384616 0.46770862259615387 0.1593489903846154 0.46393762259615384 0.15470775721153848 0.46886893269230767 0.16553730048076923 0.47931170432692305
2 0.27898965625 0.5190522596153846 0.28466227403846156 0.5135407956730769 0.2898191971153846 0.5086094855769231 0.28672504326923076 0.5059987932692308 0.2748641153846154 0.5088995649038461 0.2619718028846154 0.5152812596153846 0.2521736442307692 0.5213728774038462 0.2578462620192308 0.5277545721153847 0.2640345721153846 0.5271744182692307 0.27125426682692305 0.5228232620192308 0.27898965625 0.5190522596153846
7 0.19338469711538464 0.7250069615384616 0.18100807451923076 0.7421215072115385 0.1928690048076923 0.7499535865384614 0.21349670432692308 0.7441520456730769 0.23618717548076923 0.7418314302884615 0.25423641346153847 0.7371901971153847 0.2578462620192308 0.731678733173077 0.2934290456730769 0.7319688100961539 0.29033489182692307 0.7168848052884615 0.29136627644230767 0.7032511826923076 0.2722856514423077 0.7029611057692308 0.24340687019230767 0.7073122620192307 0.22690470913461538 0.7116634182692307 0.21194962740384618 0.7171748822115384 0.19338469711538464 0.7250069615384616
6 0.3357158317307692 0.8134804615384615 0.3537650721153846 0.8166713076923077 0.36253184374999997 0.8091293052884615 0.3419041418269231 0.8044880721153846 0.3357158317307692 0.8134804615384615
7 0.36975153846153846 0.8523507836538461 0.37387707932692305 0.8610530961538461 0.3862536995192307 0.8654042524038462 0.39450478125 0.8645340192307691 0.4043029375 0.8633737115384614 0.4120383269230769 0.8604729423076923 0.4208050985576923 0.8532210144230769 0.42647771634615383 0.8436484735576923 0.4208050985576923 0.8334957764423077 0.4099755552884616 0.8271140817307692 0.3950204735576923 0.8256636971153846 0.38676939182692305 0.832045391826923 0.3769712355769231 0.8430683197115385 0.36975153846153846 0.8523507836538461
7 0.3769712355769231 0.8247934639423077 0.35943768990384617 0.82363315625 0.35685922596153846 0.8300148509615385 0.3480924543269231 0.8303049278846154 0.3434512211538462 0.8387171634615385 0.3434512211538462 0.8532210144230769 0.35221799278846155 0.8529309375 0.365626 0.8532210144230769 0.37181431009615384 0.8474194735576923 0.3769712355769231 0.8407477019230769 0.38470662259615385 0.8343660072115384 0.3769712355769231 0.8247934639423077
4 0.4672174254807692 0.8517706298076924 0.46360757932692304 0.8610530961538461 0.45741926923076925 0.8622134038461537 0.45948203846153846 0.8709157163461538 0.46979588942307693 0.8694653293269231 0.48681374278846157 0.8677248677884616 0.48578235817307697 0.8630836346153846 0.481141125 0.8497400913461538 0.4728900432692308 0.8474194735576923 0.4672174254807692 0.8517706298076924
4 0.4646389639423077 0.8384270865384615 0.45123095913461536 0.8326255456730769 0.4414328004807692 0.8311751610576923 0.4450426466346154 0.8378469326923077 0.4342131057692308 0.8503202451923078 0.4599977307692308 0.8607630192307693 0.4656703485576923 0.8517706298076924 0.4728900432692308 0.8442286274038462 0.4646389639423077 0.8384270865384615
7 0.4904235889423077 0.848869860576923 0.49558051442307693 0.8436484735576923 0.49093928124999997 0.8311751610576923 0.48836081971153844 0.82363315625 0.4878451274038461 0.8189919254807693 0.4620605 0.8213125408653846 0.4569035745192308 0.8213125408653846 0.4579349615384615 0.8317553149038462 0.45845065384615385 0.8355263149038462 0.4718586586538462 0.8427782427884616 0.47701558413461537 0.844518704326923 0.4904235889423077 0.848869860576923
9 0.6234722620192308 0.9271906610576923 0.623987954326923 0.9205188894230769 0.6090328701923077 0.9196486586538462 0.5992347115384615 0.9190685048076923 0.5909836322115385 0.9269005841346154 0.5909836322115385 0.9353128197115385 0.601297483173077 0.9405342067307692 0.6141897956730769 0.9414044375 0.6177996442307693 0.9329922019230769 0.6234722620192308 0.9271906610576923
0 0.6214094903846153 0.8065186105769231 0.6147054879807692 0.8166713076923077 0.6141897956730769 0.8216026177884616 0.6245036466346154 0.8279843125 0.633786110576923 0.8218926947115384 0.6451313461538462 0.8082590745192307 0.6399744206730769 0.8056483798076923 0.6265664158653846 0.8012972235576924 0.6214094903846153 0.8065186105769231
7 0.3821281586538462 0.9216791971153846 0.3950204735576923 0.9231295841346154 0.39450478125 0.9263204302884614 0.40842847836538465 0.9181982740384615 0.4037872451923077 0.9100761153846153 0.3924420096153846 0.9031142668269231 0.40224016826923076 0.8970226490384616 0.40327155288461536 0.8886104158653846 0.3950204735576923 0.8880302596153846 0.3805810817307692 0.8961524182692308 0.3692358461538462 0.9071753461538462 0.3743927716346154 0.9147173485576924 0.3821281586538462 0.9216791971153846
6 0.3419041418269231 0.9315418173076923 0.35582784134615386 0.9228395072115384 0.3455139903846154 0.9132669639423077 0.3290118293269231 0.9216791971153846 0.3419041418269231 0.9315418173076923
7 0.2475324110576923 0.8929615697115385 0.2650659567307692 0.8999234206730768 0.2862093509615385 0.8999234206730768 0.30064874038461536 0.899343264423077 0.30993120673076924 0.8932516466346154 0.30064874038461536 0.8845493365384616 0.29394473798076926 0.8764271802884616 0.28311519471153845 0.8683050216346154 0.27280134615384616 0.8642439423076923 0.25629918509615385 0.8648240961538461 0.24701671875 0.8706256370192308 0.23979702403846154 0.8822287211538461 0.2475324110576923 0.8929615697115385
7 0.23824994471153846 0.9205188894230769 0.24340687019230767 0.9118165793269231 0.2428911778846154 0.9039844975961538 0.23309302163461537 0.898763110576923 0.22123209375 0.8970226490384616 0.21143393509615385 0.9031142668269231 0.21349670432692308 0.9092058846153847 0.2165908605769231 0.9234196610576924 0.22277917067307693 0.92457996875 0.23824994471153846 0.9205188894230769
4 0.24495394951923075 0.8897707235576923 0.23618717548076923 0.8839691826923077 0.23051455769230772 0.8778775649038462 0.22277917067307693 0.874396639423077 0.2191693221153846 0.8781676418269231 0.21246531971153845 0.8889004927884615 0.22226347836538463 0.8926714927884615 0.22690470913461538 0.8978928798076923 0.23721856009615383 0.8984730336538462 0.24804810336538463 0.8944119567307692 0.24495394951923075 0.8897707235576923
6 0.24546964182692307 0.8575721706730769 0.2336087139423077 0.8578622475961539 0.22123209375 0.8625034807692308 0.2217477860576923 0.8691752524038462 0.2294831730769231 0.8772974110576922 0.23979702403846154 0.8804882572115384 0.2465010264423077 0.8714958701923077 0.2506265673076923 0.8607630192307693 0.24546964182692307 0.8575721706730769
7 0.24598533413461537 0.8375568557692308 0.23051455769230772 0.8404576250000001 0.2299988653846154 0.8462591658653846 0.2428911778846154 0.8555416322115386 0.25423641346153847 0.8619233269230769 0.26094041586538463 0.85728209375 0.26300318749999996 0.84480878125 0.2619718028846154 0.8378469326923077 0.24598533413461537 0.8375568557692308
4 0.1191249735576923 0.823053002403846 0.10416988942307692 0.81986215625 0.1031385048076923 0.8256636971153846 0.10365419711538461 0.8334957764423077 0.1067483533653846 0.8413278557692307 0.12118774278846155 0.845098858173077 0.12428189903846154 0.8369767019230768 0.13304867067307694 0.823053002403846 0.1191249735576923 0.823053002403846
7 0.06446156490384615 0.7293581177884616 0.06291448798076923 0.7183351899038463 0.06704002884615384 0.7119534951923078 0.05156925240384615 0.7096328774038461 0.036098475961538465 0.706151954326923 0.02630031971153846 0.706732108173077 0.024237548076923077 0.7128237259615384 0.03145724278846154 0.7183351899038463 0.04022401682692308 0.7264573461538462 0.05363202163461538 0.72761765625 0.06446156490384615 0.7293581177884616
8 0.061367411057692306 0.70644203125 0.07374403125000001 0.7049916466346153 0.08251080288461539 0.6983198725961538 0.08354218990384615 0.6945488725961538 0.08663634375000001 0.6933885649038461 0.08766772836538461 0.6893274855769231 0.08251080288461539 0.6875870240384615 0.07529110817307692 0.6907778701923076 0.06910279807692307 0.6907778701923076 0.06291448798076923 0.6930984879807693 0.052600637019230775 0.7006404903846154 0.061367411057692306 0.70644203125
4 0.06807141346153846 0.6899076394230769 0.08199511057692307 0.6872969471153846 0.09024619230769232 0.6907778701923076 0.09591881009615386 0.6878771009615385 0.10262281250000001 0.6823656370192308 0.0990129639423077 0.6748236322115384 0.08921480769230769 0.668151860576923 0.07477541586538462 0.6716327860576924 0.04692801923076923 0.6835259447115385 0.05002217548076923 0.6933885649038461 0.06807141346153846 0.6899076394230769
6 0.1191249735576923 0.7221061923076924 0.10056004326923076 0.7148542644230769 0.10829543028846154 0.7267474230769231 0.13408005528846154 0.7395108149038462 0.14748806250000002 0.7458925096153847 0.15625483413461538 0.7406711225961539 0.1454252908653846 0.7351596586538461 0.1191249735576923 0.7221061923076924
3 0.09798157932692307 0.7029611057692308 0.09540311778846154 0.706732108173077 0.09798157932692307 0.7119534951923078 0.11654650961538461 0.7107931875000001 0.12995451682692308 0.7090527235576923 0.13047020913461538 0.7020908749999999 0.11396804807692308 0.7038313365384615 0.09798157932692307 0.7029611057692308
2 0.13872128846153847 0.6846862524038462 0.14336252163461538 0.681785483173077 0.13614282692307692 0.672503016826923 0.12943882211538463 0.6640907836538462 0.11654650961538461 0.6516174687499999 0.11396804807692308 0.6498770072115385 0.10056004326923076 0.6542281634615384 0.09798157932692307 0.6553884711538461 0.10726404567307692 0.6626403966346154 0.11654650961538461 0.6733732475961538 0.12479759134615385 0.6762740192307692 0.13304867067307694 0.6800450192307692 0.13872128846153847 0.6846862524038462
8 0.14851944711538462 0.7110832644230769 0.15058221634615385 0.7052817235576924 0.15419206490384615 0.6971595649038461 0.15677052644230768 0.6887473317307692 0.15831760576923076 0.6841060985576923 0.15419206490384615 0.6835259447115385 0.15006652403846155 0.6870068677884615 0.14181544471153845 0.6930984879807693 0.13562713461538461 0.7006404903846154 0.1309859014423077 0.7078924158653846 0.13768990384615384 0.7119534951923078 0.14851944711538462 0.7110832644230769
8 0.06807141346153846 0.46277731250000004 0.06343018028846154 0.4790216274038462 0.06343018028846154 0.48888424759615384 0.07632249278846154 0.4909147860576923 0.08405788221153847 0.49149493990384613 0.08818342067307693 0.48279262980769233 0.08921480769230769 0.47409031730769235 0.08921480769230769 0.46596816105769234 0.09230896153846155 0.4575559278846154 0.08663634375000001 0.4523345408653846 0.0861206514423077 0.4474032307692308 0.07580680048076924 0.44682307692307693 0.070649875 0.45436507932692305 0.06755572115384614 0.4558154639423077 0.06807141346153846 0.46277731250000004
2 0.04847509615384615 0.5500905048076923 0.05208494471153846 0.5442889639423076 0.052600637019230775 0.5370370360576924 0.05053786778846154 0.5210828004807693 0.029910165865384617 0.52195303125 0.03248862980769231 0.5379072692307691 0.03248862980769231 0.5445790408653847 0.038161247596153844 0.5521210432692307 0.041255401442307695 0.5579225841346154 0.04795940384615384 0.5582126610576923 0.04847509615384615 0.5500905048076923
8 0.2026671610576923 0.6539380865384616 0.20782408653846154 0.655678548076923 0.2165908605769231 0.6571289326923077 0.22123209375 0.6571289326923077 0.22484193990384613 0.6536480096153846 0.22123209375 0.6475563918269232 0.21194962740384618 0.6405945408653846 0.2042142403846154 0.631312076923077 0.20060439182692308 0.6275410745192308 0.18719638701923078 0.631022 0.18668069471153848 0.635083076923077 0.1902905408653846 0.6400143870192309 0.1944160817307692 0.6461060048076923 0.2026671610576923 0.6539380865384616
8 0.19957300721153848 0.5938921370192308 0.18410223076923077 0.5944722908653847 0.18410223076923077 0.6025944495192308 0.1851336153846154 0.6139074543269231 0.18822777163461538 0.6173883774038462 0.19338469711538464 0.6173883774038462 0.19544746634615384 0.6127471466346154 0.20112008413461538 0.6040448341346154 0.19957300721153848 0.5938921370192308
8 0.18925915625 0.6182586105769231 0.1856493076923077 0.6133273004807692 0.1727569951923077 0.6156479158653846 0.1645059158653846 0.6208693028846154 0.15109790865384615 0.6284113052884616 0.1454252908653846 0.630731923076923 0.14748806250000002 0.6368235408653846 0.14955083173076925 0.6388540793269232 0.15831760576923076 0.6397243100961538 0.16863145432692306 0.634502923076923 0.17842961298076923 0.6301517692307693 0.1851336153846154 0.6263807668269231 0.18925915625 0.6182586105769231
8 0.1593489903846154 0.6240601514423076 0.16502160817307693 0.6191288413461538 0.1743040721153846 0.6127471466346154 0.17791392067307693 0.6089761442307693 0.1691471466346154 0.6066555288461538 0.16347452884615385 0.6060753725961538 0.15728621874999998 0.6112967596153847 0.14851944711538462 0.617678454326923 0.1464566778846154 0.6255105360576922 0.15316068028846155 0.626960920673077 0.1593489903846154 0.6240601514423076
8 0.17946099759615386 0.5965028317307692 0.17842961298076923 0.5933119831730769 0.17585115144230767 0.5883806730769231 0.16966284134615384 0.5912814447115384 0.1598646826923077 0.5959226778846154 0.15573914182692306 0.5996936778846154 0.15161360096153847 0.6040448341346154 0.15780191346153846 0.6072356826923077 0.16966284134615384 0.6025944495192308 0.17946099759615386 0.5965028317307692
10 0.18100807451923076 0.5793882860576923 0.1768825360576923 0.5724264375 0.17069422596153846 0.5709760504807693 0.1593489903846154 0.5712661274038461 0.15677052644230768 0.575907360576923 0.15625483413461538 0.58054859375 0.16347452884615385 0.5840295192307692 0.17327268750000002 0.5851898269230769 0.17842961298076923 0.5825791322115385 0.18100807451923076 0.5793882860576923
6 0.21762224519230772 0.5831592860576923 0.22535763221153846 0.5872203653846154 0.2320616346153846 0.5907012908653846 0.23618717548076923 0.5924417524038461 0.2320616346153846 0.5976631394230769 0.23309302163461537 0.6040448341346154 0.23309302163461537 0.6112967596153847 0.23515579086538463 0.6173883774038462 0.23670286778846156 0.6249303822115385 0.23567148317307693 0.631022 0.2346400985576923 0.6449456971153846 0.23103025 0.6594495504807691 0.22793609615384616 0.6640907836538462 0.23721856009615383 0.664961014423077 0.24031271634615384 0.6469762379807692 0.24495394951923075 0.6371136177884615 0.24340687019230767 0.6263807668269231 0.24185979326923077 0.6086860673076923 0.2439225625 0.6049150649038462 0.2428911778846154 0.5988234471153846 0.25268933653846154 0.5982432932692308 0.25733056971153845 0.592731829326923 0.2439225625 0.5857699807692307 0.22896748076923076 0.5788081322115385 0.22071639903846155 0.5790982091346154 0.21762224519230772 0.5831592860576923
2 0.13614282692307692 0.6034646802884616 0.14748806250000002 0.5996936778846154 0.15109790865384615 0.5979532163461538 0.14336252163461538 0.5898310600961538 0.13304867067307694 0.5796783629807692 0.12325051201923078 0.5689455120192307 0.1149994326923077 0.5674951274038461 0.10777973798076923 0.5698157427884616 0.11242097115384617 0.5764875144230769 0.11706220192307693 0.5822890552884615 0.12273481971153846 0.5904112139423077 0.1309859014423077 0.5999837548076923 0.13614282692307692 0.6034646802884616
2 0.11396804807692308 0.5817089014423077 0.10777973798076923 0.5712661274038461 0.10107573557692308 0.5750371298076923 0.10365419711538461 0.5834493653846153 0.10623265865384615 0.5880905961538462 0.11138958413461539 0.5953425240384616 0.12273481971153846 0.6052051418269231 0.13150159374999998 0.6031746033653846 0.11757789423076924 0.5869302884615385 0.11396804807692308 0.5817089014423077
2 0.08508926682692307 0.5747470528846154 0.07425972355769231 0.5709760504807693 0.061367411057692306 0.5782279783653845 0.07168126201923077 0.58489975 0.0861206514423077 0.5883806730769231 0.10777973798076923 0.5973730625 0.10571696634615384 0.5878005192307693 0.09849727163461539 0.5822890552884615 0.08508926682692307 0.5747470528846154
2 0.07374403125000001 0.6139074543269231 0.06652433653846154 0.6086860673076923 0.046412326923076924 0.6078158365384615 0.03712986057692307 0.6089761442307693 0.03919263221153846 0.6185486875 0.05621048557692308 0.6202891490384614 0.06858710576923077 0.6208693028846154 0.07477541586538462 0.618838764423077 0.07374403125000001 0.6139074543269231
8 0.0319729375 0.6295716153846154 0.030941550480769228 0.6220296105769231 0.03145724278846154 0.6168082235576923 0.02681601201923077 0.6107166057692308 0.020627701923076926 0.6014341418269231 0.013923697115384616 0.5962127548076923 0.0015470769230769232 0.6005639086538461 0.00773538701923077 0.6136173774038461 0.017533545673076925 0.6217395336538462 0.027331704326923077 0.6327624615384615 0.0319729375 0.6295716153846154
4 0.07786957211538462 0.6492968533653846 0.08405788221153847 0.6516174687499999 0.09746588701923077 0.6655411682692307 0.10416988942307692 0.6701824014423077 0.11345235576923077 0.6696022451923077 0.09540311778846154 0.655968625 0.11293666346153845 0.6475563918269232 0.12943882211538463 0.664380860576923 0.14181544471153845 0.66031978125 0.15677052644230768 0.6548083173076923 0.15058221634615385 0.6484266225961538 0.13665851923076924 0.6359533100961539 0.13150159374999998 0.6266708437499999 0.10932681490384615 0.6356632331730769 0.09798157932692307 0.6417548509615384 0.07786957211538462 0.6492968533653846
7 0.09437173076923076 0.664961014423077 0.09179326923076923 0.6600297043269231 0.08302649759615385 0.6510373149038462 0.07735387740384615 0.6484266225961538 0.06755572115384614 0.6498770072115385 0.05621048557692308 0.6548083173076923 0.055179100961538455 0.6611900120192308 0.06343018028846154 0.6646709375 0.06704002884615384 0.668151860576923 0.07271264663461538 0.6710526322115384 0.08251080288461539 0.6690220913461539 0.09437173076923076 0.664961014423077
0 0.21040255048076922 0.9187784278846153 0.20730839423076922 0.91210665625 0.18771207932692308 0.9007936514423077 0.1454252908653846 0.8787477956730769 0.16656868509615386 0.8944119567307692 0.18719638701923078 0.9042745745192308 0.19544746634615384 0.9300914326923077 0.20472993269230771 0.9364731274038461 0.21091824278846155 0.9321219711538462 0.21040255048076922 0.9187784278846153
0 0.20472993269230771 0.9823053004807693 0.22587332451923076 0.9985496153846154 0.24856379567307693 0.9997099230769231 0.2392813317307692 0.9947786129807692 0.22638901682692308 0.9733129110576922 0.2165908605769231 0.9689617572115385 0.20472993269230771 0.9823053004807693
10 0.21143393509615385 0.6733732475961538 0.21143393509615385 0.67714425 0.2155594735576923 0.6864267139423077 0.22638901682692308 0.6855564831730769 0.22484193990384613 0.6826557139423077 0.22432624759615385 0.6765640961538462 0.21968501442307692 0.6719228629807692 0.21143393509615385 0.6733732475961538
4 0.2795053485576923 0.5489301947115385 0.2764111923076923 0.5416782692307692 0.26661303365384614 0.5376171923076923 0.2547521057692308 0.5350064975961538 0.24134410096153847 0.5358767283653847 0.2315459423076923 0.5352965745192308 0.22329486298076923 0.5410981153846154 0.22277917067307693 0.5466095793269231 0.23618717548076923 0.5529912740384615 0.24804810336538463 0.5553118918269231 0.2717699591346154 0.5579225841346154 0.2795053485576923 0.5489301947115385
10 0.26712872596153847 0.40940313701923076 0.2743484230769231 0.41781537259615387 0.2877564278846154 0.4195558341346154 0.29136627644230767 0.40911306009615384 0.2825995024038461 0.4059222139423077 0.2722856514423077 0.40563213701923073 0.26712872596153847 0.40940313701923076
2 0.20008869951923075 0.4523345408653846 0.1944160817307692 0.4369604567307693 0.19080623317307693 0.43173906971153847 0.18616500000000002 0.43347953125 0.1846179230769231 0.4395711490384615 0.18255515384615384 0.45001392307692306 0.18255515384615384 0.4604566971153846 0.18410223076923077 0.4735101634615385 0.19183761778846156 0.47322008653846154 0.2042142403846154 0.47205977884615385 0.20008869951923075 0.4523345408653846
7 0.0015470769230769232 0.4941056346153846 0.0015470769230769232 0.5019377139423077 0.002062769230769231 0.5088995649038461 0.009282466346153847 0.5155713365384615 0.024237548076923077 0.5028079447115384 0.02887878125 0.49642624999999996 0.01082954326923077 0.49207509615384615 0.0015470769230769232 0.4941056346153846
4 0.042802478365384616 0.45813608173076925 0.017533545673076925 0.4561055408653846 0.009798158653846154 0.45697577403846157 0.012892312500000001 0.46277731250000004 0.00309415625 0.4735101634615385 0.02165908653846154 0.475540704326923 0.02887878125 0.47583078125 0.033004322115384614 0.46886893269230767 0.042802478365384616 0.45813608173076925
2 0.09488742548076923 0.5271744182692307 0.0732283389423077 0.5184721057692308 0.05724187019230769 0.5158614134615385 0.046412326923076924 0.512960641826923 0.04073970913461538 0.5170217211538461 0.04795940384615384 0.5210828004807693 0.052600637019230775 0.5225331850961539 0.058273254807692305 0.5312354951923077 0.0861206514423077 0.5399378076923077 0.09695019471153846 0.5335561129807692 0.09488742548076923 0.5271744182692307
7 0.1320172860576923 0.8688851754807693 0.12531328365384614 0.8578622475961539 0.10571696634615384 0.8552515552884615 0.09334034615384615 0.856992016826923 0.09746588701923077 0.8648240961538461 0.10107573557692308 0.8732363317307693 0.09437173076923076 0.8816485649038461 0.10984250721153846 0.8801981802884615 0.12170343509615383 0.8752668701923076 0.1320172860576923 0.8688851754807693
6 0.32746475240384615 0.8407477019230769 0.3352001394230769 0.8334957764423077 0.32643336778846155 0.8221827716346154 0.3140567475961538 0.8189919254807693 0.29961735576923076 0.8256636971153846 0.2882721201923077 0.8256636971153846 0.28105242548076925 0.8361064687499999 0.2934290456730769 0.8416179326923078 0.31199397596153844 0.848869860576923 0.32746475240384615 0.8407477019230769
7 0.38006538942307694 0.8636637884615385 0.37078292548076924 0.8578622475961539 0.34396691346153846 0.8581523245192308 0.3419041418269231 0.8674347908653846 0.35324937740384615 0.8703355600961539 0.3609847668269231 0.8741065625 0.3821281586538462 0.8680149447115385 0.38006538942307694 0.8636637884615385
7 0.3300432139423077 0.6316021538461538 0.31096259134615384 0.6388540793269232 0.3150881322115385 0.6452357740384616 0.3259176754807692 0.6536480096153846 0.33674721874999997 0.6574190096153847 0.35221799278846155 0.6620602427884615 0.36253184374999997 0.6577090865384616 0.36872015384615386 0.6530678557692308 0.37748692788461535 0.6443655432692308 0.38161246634615387 0.6362433870192308 0.37542415625 0.6226097644230768 0.3769712355769231 0.6127471466346154 0.36975153846153846 0.6072356826923077 0.35428076442307693 0.6069456057692307 0.3259176754807692 0.61419753125 0.31818228605769233 0.6199990721153846 0.3254019831730769 0.6228998413461538 0.34241983653846153 0.6194189182692308 0.3372629110576923 0.6272509975961539 0.3352001394230769 0.6284113052884616 0.3300432139423077 0.6316021538461538