8 0.019513826923076922 0.9251109567307693 0.01207998798076923 0.9251109567307693 0.011770245192307693 0.9377760144230769 0.035930221153846156 0.9675113701923077 0.043673802884615386 0.9592515504807693 0.047700466346153846 0.9482384543269231 0.03438150480769231 0.9317188125 0.02663792307692308 0.9229083389423077 0.019513826923076922 0.9251109567307693
8 0.0009292307692307692 0.9008821490384615 0.008982555288461539 0.8997808389423076 0.015796908653846153 0.8838118533653846 0.015487163461538462 0.8777546514423077 0.0012389735576923077 0.8761026850961537 0.0009292307692307692 0.9008821490384615
7 0.04212508653846154 0.886565125 0.020752800480769232 0.87555203125 0.006814353365384615 0.9052873870192308 0.0027876899038461536 0.9223576826923078 0.009911786057692308 0.926212266826923 0.031284072115384615 0.9196044086538462 0.04212508653846154 0.886565125
2 0.028186639423076924 0.8364555456730769 0.0548245625 0.8298476899038462 0.05079789903846154 0.8072708461538463 0.043673802884615386 0.8061695360576924 0.026018435096153848 0.8160813197115384 0.020752800480769232 0.8215878677884615 0.028186639423076924 0.8364555456730769
2 0.027567151442307695 0.7648704302884616 0.03840816826923077 0.779738108173077 0.039956884615384616 0.7885485841346154 0.06876300961538462 0.81938525 0.0774358221153846 0.79625775 0.0548245625 0.7665223942307692 0.04460303365384615 0.7654210865384615 0.03190355769230769 0.7549586466346153 0.027567151442307695 0.7648704302884616
8 0.0012389735576923077 0.7659717403846155 0.005885122596153846 0.768725014423077 0.018274853365384616 0.7511040625000001 0.022301516826923076 0.7472494783653846 0.02446971875 0.7406416225961538 0.026947665865384614 0.7323818028846154 0.02323074519230769 0.7301791826923077 0.017965110576923078 0.7329324567307692 0.013009218749999999 0.7400909687499999 0.006504608173076923 0.7455975144230769 0.00030974278846153847 0.7555093004807693 0.0012389735576923077 0.7659717403846155
8 0.0049558918269230765 0.7263246009615384 0.016106651442307694 0.7263246009615384 0.030664584134615386 0.7224700168269231 0.03933739663461538 0.7202673990384615 0.039647139423076926 0.7103556129807692 0.03314253125 0.7103556129807692 0.02911586778846154 0.7081529927884616 0.022921002403846154 0.7070516850961539 0.013009218749999999 0.7087036490384615 0.005265634615384615 0.7087036490384615 0.0030974326923076923 0.717514125 0.0049558918269230765 0.7263246009615384
5 0.00030974278846153847 0.7235713269230769 0.0012389735576923077 0.7494520985576922 0.011770245192307693 0.7395403125000001 0.007743581730769231 0.7268752548076923 0.00030974278846153847 0.7235713269230769
8 0.01641639423076923 0.6503342475961538 0.039027653846153844 0.6354665697115384 0.04429328846153846 0.6211495456730769 0.028186639423076924 0.6106871057692308 0.025708692307692307 0.6068325240384616 0.015796908653846153 0.6112377620192307 0.0009292307692307692 0.6266560937500001 0.0024779471153846154 0.6618979975961538 0.01641639423076923 0.6503342475961538
7 0.056063533653846157 0.45980771153846156 0.04739072355769231 0.4543011634615385 0.03438150480769231 0.45815574759615385 0.026328180288461536 0.4702701514423077 0.022921002403846154 0.47577669951923074 0.019513826923076922 0.47852997115384616 0.02106254326923077 0.49229634134615385 0.03221330048076923 0.49725223317307693 0.027567151442307695 0.5104679471153847 0.03840816826923077 0.5099172908653846 0.046151750000000005 0.49064437740384614 0.05823173798076923 0.47137146153846154 0.056063533653846157 0.45980771153846156
8 0.09911785096153847 0.6877787692307693 0.10469323076923077 0.6811709134615385 0.10252502644230768 0.6723604375 0.09787887740384615 0.6734617451923076 0.08920606490384617 0.6663032355769231 0.07155069951923078 0.6729110913461539 0.053585588942307694 0.6822722211538461 0.043983545673076926 0.6850254951923076 0.04088611298076923 0.6938359711538461 0.039956884615384616 0.7031971009615384 0.04677123557692308 0.7186154326923078 0.0761968485576923 0.7070516850961539 0.09385221634615384 0.6982412091346154 0.09911785096153847 0.6877787692307693
2 0.10841014903846154 0.5132212187499999 0.1006665673076923 0.5060627091346154 0.08455991586538461 0.5038600889423077 0.07557736057692307 0.50275878125 0.07186044230769231 0.5126705649038461 0.07650659134615384 0.5291902067307692 0.10097631009615383 0.5297408629807692 0.1198706514423077 0.5280888966346153 0.12172911057692308 0.5192784230769231 0.10841014903846154 0.5132212187499999
7 0.04553226201923077 0.26983182932692307 0.017655367788461537 0.2791929615384615 0.00030974278846153847 0.3259986129807692 0.0024779471153846154 0.4014383100961538 0.05265635817307693 0.3805134302884615 0.05947071153846154 0.32269468269230767 0.05947071153846154 0.2780916514423077 0.04553226201923077 0.26983182932692307
8 0.0086728125 0.2736864134615385 0.01238973076923077 0.2670785576923077 0.018274853365384616 0.2670785576923077 0.027876896634615383 0.2571667716346154 0.04460303365384615 0.23789385576923075 0.03438150480769231 0.21972224999999998 0.02849638221153846 0.2290833798076923 0.019204084134615385 0.2389951658653846 0.0086728125 0.25606546153846155 0.0027876899038461536 0.2593693894230769 0.0086728125 0.2736864134615385
8 0.00030974278846153847 0.23458992788461538 0.0012389735576923077 0.2527615336538461 0.007743581730769231 0.2549641514423077 0.011460502403846154 0.24119778365384617 0.021682028846153847 0.20925981009615385 0.02106254326923077 0.18613231009615383 0.020443057692307694 0.17622052644230768 0.015177420673076923 0.17511921634615385 0.01331896153846154 0.18392969230769232 0.0037169182692307692 0.19218951442307694 0.0009292307692307692 0.20595588221153843 0.00030974278846153847 0.23458992788461538
12 0.02649853846153846 0.10615659615384615 0.03312317307692308 0.09316114423076922 0.04385964903846154 0.07813515384615385 0.04385964903846154 0.07326185817307693 0.0390625 0.07772904567307691 0.030610379807692305 0.09072449759615385 0.02444261778846154 0.1008771923076923 0.02649853846153846 0.10615659615384615
8 0.05025584855769231 0.12280701682692308 0.06144919471153846 0.13092917548076924 0.06807382932692307 0.12402534134615384 0.06007858173076923 0.10615659615384615 0.04408808413461539 0.08666341826923077 0.04134685576923077 0.08382066346153846 0.03495065865384615 0.08950617307692309 0.033808478365384614 0.0996588701923077 0.04248903605769231 0.11143599759615384 0.05025584855769231 0.12280701682692308
8 0.03220943028846154 0.06270305288461539 0.03654970673076923 0.06148473076923077 0.04271747115384616 0.06148473076923077 0.05116959134615384 0.05661143509615385 0.05596674038461539 0.055799221153846154 0.05299707692307692 0.04564652403846154 0.054367689903846154 0.039554906249999994 0.05139802644230769 0.03833658173076923 0.04545869951923077 0.03996101442307692 0.037463449519230765 0.04402209134615384 0.031295687499999995 0.04889538701923077 0.027183846153846152 0.0549870048076923 0.03220943028846154 0.06270305288461539
5 0.05116959134615384 0.03793047355769231 0.04888523317307692 0.01924951201923077 0.04271747115384616 0.015188435096153845 0.036778144230769236 0.02046783653846154 0.037463449519230765 0.028996100961538464 0.04385964903846154 0.04158544471153846 0.05116959134615384 0.03793047355769231
8 0.06487573076923077 0.10290773317307693 0.06670321634615385 0.09031838942307693 0.06510416586538462 0.08382066346153846 0.06533260336538461 0.07448018269230769 0.06030701682692308 0.06351526923076924 0.05505299759615385 0.05742365144230769 0.050941153846153844 0.06270305288461539 0.051854896634615386 0.06960688701923078 0.05299707692307692 0.08219623076923077 0.050941153846153844 0.09113060336538462 0.054139254807692314 0.10168940865384615 0.05870796875 0.10453216346153846 0.06487573076923077 0.10290773317307693
8 0.05688048317307692 0.010721247596153846 0.06099232451923077 0.016000649038461538 0.06304824519230769 0.008284600961538461 0.06030701682692308 0.002192983173076923 0.051854896634615386 0.0038174134615384615 0.05688048317307692 0.010721247596153846
11 0.08634868509615384 0.013970110576923076 0.06167763221153846 0.031432747596153846 0.05345394711538461 0.04524041586538462 0.06099232451923077 0.06838856490384615 0.07789656490384617 0.09153671153846155 0.08680555528846154 0.08179012259615384 0.09274488221153845 0.06107862259615385 0.08634868509615384 0.013970110576923076
11 0.1299798966346154 0.05051981730769231 0.12381213461538462 0.001380766826923077 0.08543494230769232 0.0005685504807692308 0.09434393269230769 0.05864197596153846 0.1299798966346154 0.05051981730769231
9 0.09274488221153845 0.0038174134615384615 0.0893183485576923 0.011533463942307691 0.08794773317307693 0.024935021634615383 0.10028325961538462 0.04564652403846154 0.11124817307692308 0.04320987740384615 0.1167306298076923 0.031026641826923076 0.11056286538461538 0.004629629807692308 0.101653875 0.0009746586538461539 0.09274488221153845 0.0038174134615384615
8 0.07355628605769231 0.1378330096153846 0.07264254326923077 0.14757959615384617 0.0788103076923077 0.15164067548076923 0.08360745673076922 0.1431124110576923 0.09137426923076923 0.12158869471153846 0.09411549759615385 0.1053443798076923 0.08954678365384615 0.10047108413461539 0.08680555528846154 0.102501625 0.08040935576923076 0.11874593990384616 0.0746984639423077 0.1260558798076923 0.07355628605769231 0.1378330096153846
8 0.11855811298076922 0.11021767307692308 0.10736476682692307 0.10737491826923076 0.09822733894230769 0.10575048798076923 0.09617141826923076 0.12118258653846155 0.11878655048076923 0.1305230673076923 0.13135051201923076 0.13011695913461538 0.13203581971153847 0.12118258653846155 0.12655336298076925 0.11915204567307693 0.11855811298076922 0.11021767307692308
8 0.10028325961538462 0.15326510817307692 0.10279605288461538 0.12646198798076924 0.09685672596153846 0.12321312499999999 0.09571454567307693 0.10656270192307692 0.09343018990384616 0.11509096875 0.08817617067307691 0.13945743990384615 0.10028325961538462 0.15326510817307692
5 0.09822733894230769 0.14433073317307693 0.09457236778846154 0.14026965624999999 0.0893183485576923 0.1410818701923077 0.08680555528846154 0.14717349038461539 0.08817617067307691 0.1557017548076923 0.09228801201923077 0.15773229326923077 0.09639985336538462 0.15610786298076923 0.09822733894230769 0.14433073317307693
11 0.07606907932692307 0.16666666586538462 0.06213450240384615 0.15448343028846154 0.03883406490384615 0.16666666586538462 0.03426535096153846 0.21052631490384616 0.04317434134615385 0.2336744639423077 0.0548245625 0.2487004543269231 0.07698282211538461 0.23854775721153845 0.08132309855769232 0.22027290384615383 0.08452119951923076 0.20402858894230771 0.07606907932692307 0.16666666586538462
7 0.02444261778846154 0.19103313942307693 0.03198099519230769 0.2044346971153846 0.039747807692307686 0.21458739423076922 0.04385964903846154 0.21580571875 0.049342105769230774 0.2312378173076923 0.06007858173076923 0.22717673798076923 0.07629751442307692 0.22027290384615383 0.08040935576923076 0.19874918749999998 0.0749269014423077 0.17438271634615385 0.06556103846153846 0.16057504807692308 0.04500182692307692 0.16016893990384615 0.037235014423076924 0.17478882451923078 0.033351608173076926 0.17478882451923078 0.03266630048076923 0.16057504807692308 0.03220943028846154 0.15488953846153847 0.024899487980769228 0.15610786298076923 0.022158259615384614 0.1613872644230769 0.021472954326923074 0.17519493269230768 0.02444261778846154 0.19103313942307693
7 0.15670687019230767 0.18697206009615386 0.09068896153846154 0.27753411298076924 0.10805007211538462 0.3092105264423077 0.13591922596153846 0.3502274206730769 0.1404879375 0.34413580288461537 0.1882309951923077 0.2539798581730769 0.15670687019230767 0.18697206009615386
12 0.15425215625 0.11069261298076924 0.15734958894230772 0.11344588701923077 0.1585885625 0.10766401201923077 0.15456189903846151 0.09665091826923077 0.14914139182692307 0.07462472836538461 0.1472829326923077 0.07600136538461538 0.14991575000000001 0.0859131514423077 0.15223882451923076 0.09912886538461539 0.15223882451923076 0.10325877403846154 0.15425215625 0.11069261298076924
2 0.10020195192307693 0.6093104711538462 0.10856502163461539 0.5999493389423077 0.11336604326923078 0.5864582980769231 0.0992727235576923 0.5561722884615384 0.08486966105769231 0.5514917235576923 0.06860813701923077 0.5313928269230769 0.06442660336538461 0.5368993725961538 0.0662850625 0.5410292836538462 0.07790043509615385 0.5625048173076923 0.07526761778846154 0.5696633293269231 0.10020195192307693 0.6093104711538462
10 0.1804254639423077 0.7348597475961539 0.18816904567307693 0.7164128149038462 0.18073520673076923 0.711456923076923 0.17593418509615383 0.7020957908653845 0.17051367788461538 0.7042984110576923 0.16648701442307695 0.712833560096154 0.16958444951923074 0.7210933798076924 0.17624393028846155 0.7334831105769232 0.1804254639423077 0.7348597475961539
2 0.09462657451923076 0.7442208774038461 0.09168401201923077 0.7219193629807692 0.09880810817307693 0.7153115048076923 0.09540093269230769 0.7004438269230769 0.0867281201923077 0.7221946899038462 0.07805530769230769 0.7450468605769232 0.07635171875 0.757161264423077 0.08285632932692308 0.7615665024038462 0.08517940384615384 0.7582625745192307 0.09462657451923076 0.7442208774038461
2 0.11305629807692306 0.9476878004807693 0.11692808894230769 0.9496150913461539 0.12327782692307691 0.9295161947115385 0.12668500240384614 0.9248356298076923 0.13411884134615384 0.8876664350961538 0.13009218028846153 0.8843625072115385 0.12451680048076923 0.8846378341346154 0.1223485985576923 0.8951002740384616 0.11615373076923077 0.9187784278846153 0.11692808894230769 0.9284148846153847 0.11305629807692306 0.9476878004807693
4 0.13102140865384615 0.7527560264423077 0.13938447836538462 0.72274534375 0.13195063942307692 0.7147608509615384 0.13380909855769232 0.7026464471153846 0.1273044903846154 0.6982412091346154 0.12451680048076923 0.7078776658653846 0.11971577884615384 0.712833560096154 0.11522450240384616 0.7186154326923078 0.10577733173076923 0.7359610576923077 0.13102140865384615 0.7527560264423077
4 0.1544070264423077 0.9969713990384614 0.17500495673076924 0.9713659543269231 0.18259366586538464 0.9273135745192308 0.16896496153846152 0.9220823557692307 0.16462855528846154 0.9363993798076924 0.1581239471153846 0.9562229495192308 0.14697318750000002 0.9743945552884615 0.14526960096153846 0.9859583052884615 0.1544070264423077 0.9969713990384614
2 0.20210749278846155 0.6663032355769231 0.207528 0.6464796634615385 0.19544801201923076 0.6346405865384616 0.17965110576923077 0.6244534759615384 0.16261522355769228 0.6142663629807692 0.16075676442307693 0.620598891826923 0.17159777884615385 0.6346405865384616 0.17454034134615387 0.6423497548076923 0.18662032932692307 0.6547394855769231 0.20210749278846155 0.6663032355769231
6 0.1960675 0.08481184134615384 0.19033724759615384 0.08563782211538462 0.1804254639423077 0.09720157211538462 0.17934136298076925 0.10738868509615385 0.18584597115384616 0.11592383413461538 0.20288185096153846 0.1046354110576923 0.20071364903846153 0.09086904326923076 0.19761621634615387 0.09610026201923076 0.1960675 0.08481184134615384
6 0.1700490625 0.9843063413461538 0.16385419711538463 0.9939427980769231 0.15084498076923075 0.9980727091346153 0.14403062740384615 0.9878855961538461 0.13396397115384615 0.9892622331730769 0.13613217307692307 0.9975220528846154 0.13783576201923078 0.9980727091346153 0.17949623317307692 0.9986233629807693 0.20551466826923076 0.994218125 0.21000594711538462 0.9749452091346154 0.1700490625 0.9843063413461538
2 0.19420903846153845 0.6013259759615385 0.17872187499999997 0.5960947572115385 0.1654029134615385 0.58728428125 0.16447368509615384 0.5941674663461538 0.1581239471153846 0.5941674663461538 0.1550265144230769 0.5936168100961539 0.1550265144230769 0.598022048076923 0.1739208533653846 0.6148170168269231 0.2062890264423077 0.6382198437500001 0.20969620432692307 0.6203235649038461 0.20396595192307693 0.6189469278846154 0.20474031009615384 0.6060065408653846 0.19420903846153845 0.6013259759615385
2 0.1853813557692308 0.5861829711538461 0.1818193076923077 0.5806764254807693 0.18058033413461538 0.5732425865384616 0.17996084855769232 0.564432110576923 0.18073520673076923 0.5622294903846154 0.16447368509615384 0.5319434807692308 0.16137625240384615 0.5300161899038461 0.15673010096153844 0.5352474086538461 0.15316805528846153 0.5415799375 0.15332292548076923 0.5468111586538462 0.15673010096153844 0.553419014423077 0.1725270096153846 0.5806764254807693 0.17655367307692307 0.5842556802884615 0.19111160576923075 0.60407925 0.19343468028846156 0.5977467211538461 0.18940801923076922 0.5861829711538461 0.1853813557692308 0.5861829711538461
8 0.2174397860576923 0.6729110913461539 0.21047056249999999 0.6682305264423077 0.20195262259615385 0.6836488581730769 0.19684185817307692 0.7048490649038462 0.19591262740384613 0.7191660889423077 0.20659877163461537 0.723296 0.2174397860576923 0.6729110913461539
8 0.2318428485576923 0.73430909375 0.23679874038461537 0.7301791826923077 0.23416592307692305 0.723296 0.22967464663461537 0.7268752548076923 0.22719669951923077 0.7241219807692307 0.2048951826923077 0.7411922788461538 0.2053597980769231 0.7494520985576922 0.2086121033653846 0.7552339735576923 0.22890028846153848 0.740366295673077 0.2318428485576923 0.73430909375
2 0.21325825240384616 0.5187277668269231 0.21527158413461536 0.5068886899038462 0.2188336298076923 0.49725223317307693 0.2106254326923077 0.4570544375 0.2053597980769231 0.4520985456730769 0.19451878365384617 0.4573297644230769 0.19746134375 0.4721974423076923 0.20458543990384617 0.5074393461538461 0.21325825240384616 0.5187277668269231
2 0.1943639110576923 0.47302342548076926 0.1923505793269231 0.46421294951923076 0.18693007211538462 0.45237387259615386 0.18089007932692308 0.45099723557692306 0.17701828846153844 0.46145967548076927 0.17996084855769232 0.4834858653846154 0.18274853846153846 0.502483451923077 0.18259366586538464 0.5110186009615385 0.19095673557692308 0.5143225288461538 0.19746134375 0.5121199110576924 0.19916493269230767 0.5044107451923077 0.1965321153846154 0.5011068173076922 0.19498339903846154 0.48954306730769226 0.1943639110576923 0.47302342548076926
2 0.16524804326923076 0.46614024038461543 0.1618408653846154 0.48265988221153844 0.1674162451923077 0.49890419711538464 0.18290340865384616 0.49642624999999996 0.17515982692307694 0.4606336923076923 0.16524804326923076 0.46614024038461543
2 0.22084696153846156 0.4220878629807692 0.22224080769230767 0.4138280408653846 0.21449722596153847 0.4069448581730769 0.21124492067307693 0.4022642932692308 0.20737312980769232 0.39730839903846155 0.17794751682692309 0.3796874495192308 0.17407572596153847 0.38629530528846157 0.17376598317307693 0.3964824182692308 0.17934136298076925 0.4033656009615385 0.20241723557692307 0.41905926201923077 0.21263876442307691 0.41713196874999997 0.22084696153846156 0.4220878629807692
2 0.14588908653846155 0.5206550576923077 0.14883164903846155 0.5203797307692308 0.1585885625 0.5234083317307692 0.16431881250000002 0.5176264567307692 0.15967266346153847 0.5030341081730769 0.15580087259615386 0.4950496129807692 0.14759267548076924 0.4898183942307692 0.14635370192307692 0.49339764903846156 0.14403062740384615 0.514047201923077 0.14588908653846155 0.5206550576923077
2 0.21372286538461538 0.6985165360576923 0.22409926682692308 0.7073270120192308 0.23850232932692308 0.6679551995192308 0.2337013076923077 0.6649265985576923 0.23602438221153846 0.653913502403846 0.2332366923076923 0.6492329375 0.23106849038461538 0.6486822836538462 0.22456388221153847 0.6635499615384616 0.21852388701923076 0.6839241850961538 0.21418748076923075 0.6910826971153846 0.21372286538461538 0.6985165360576923
2 0.3102078990384615 0.6032532692307693 0.3123761033653846 0.5941674663461538 0.2962694519230769 0.5867336274038462 0.2942561201923077 0.5801257692307693 0.2772202403846154 0.5707646394230769 0.2654499951923077 0.5671853822115385 0.2615782043269231 0.5735179134615385 0.26002948798076925 0.587559608173077 0.26018435817307695 0.5903128822115384 0.29084894471153844 0.6021519591346154 0.2975084254807692 0.6004999951923077 0.3102078990384615 0.6032532692307693
8 0.23044900480769231 0.712833560096154 0.2279710576923077 0.7221946899038462 0.2332366923076923 0.7252232908653846 0.23494028125 0.7186154326923078 0.2423741201923077 0.710906266826923 0.2454715528846154 0.6976905528846153 0.24872385817307693 0.6869527860576923 0.24949821634615385 0.6806202572115385 0.25182129086538463 0.6709838004807692 0.2550735961538461 0.6649265985576923 0.25646743990384613 0.6541888293269231 0.24376796394230768 0.6451030264423078 0.24098027644230768 0.6503342475961538 0.23896694471153845 0.6676798701923077 0.2354048966346154 0.6795189471153846 0.22812593028846154 0.6990671899038462 0.23044900480769231 0.712833560096154
8 0.27179973317307693 0.7615665024038462 0.26777306971153847 0.76211715625 0.2629720480769231 0.7612911754807693 0.25832589903846154 0.76211715625 0.2510469326923077 0.7610158485576922 0.2431484783653846 0.7626678125 0.2423741201923077 0.7731302524038461 0.24345822115384616 0.7816654014423077 0.2634366634615385 0.7813900721153846 0.2674633269230769 0.7800134350961538 0.2704058870192308 0.7824913822115385 0.2773751105769231 0.7783614711538461 0.2762910096153846 0.7629431394230769 0.27179973317307693 0.7615665024038462
7 0.3418017139423077 0.98898690625 0.3430406875 0.982654375 0.33916889663461536 0.9732932451923078 0.33204480048076923 0.9675113701923077 0.32430121875 0.9680620264423077 0.31934532692307693 0.9721919375 0.3162478942307692 0.977147829326923 0.3159381514423077 0.9837556850961539 0.3143894350961538 0.9898128870192308 0.3123761033653846 0.9920155072115384 0.30571662259615384 0.9988986899038461 0.33359351682692306 0.9988986899038461 0.3339032620192308 0.9972467259615385 0.3365360793269231 0.9895375600961539 0.33901402403846154 0.9909141971153846 0.3418017139423077 0.98898690625
7 0.2902294567307692 0.9589762235576923 0.27938844230769233 0.9620048245192308 0.27938844230769233 0.9691633341346153 0.2784592139423077 0.97742315625 0.2773751105769231 0.98843625 0.2776848557692308 0.9953194350961538 0.27195460336538463 0.994218125 0.2693217860576923 0.9991740168269231 0.29332689182692306 0.9964207451923077 0.29224278846153845 0.9848569951923077 0.29224278846153845 0.9727425913461538 0.2894550985576923 0.9642074423076923 0.2902294567307692 0.9589762235576923
7 0.23277207932692306 0.6305106778846153 0.2747422932692308 0.649508264423077 0.2837248485576923 0.6004999951923077 0.29115868749999996 0.5713152932692307 0.25073718990384614 0.5501150865384615 0.23277207932692306 0.6305106778846153
7 0.3295668557692307 0.04323740865384615 0.33638120673076927 0.04131011778846154 0.33947863942307693 0.04103479086538461 0.3413371009615384 0.04020880769230769 0.34149197115384616 0.04433871875 0.3448991466346154 0.04378806490384615 0.34629299278846154 0.04681666586538462 0.3487709375 0.046541336538461535 0.34350530288461534 0.02726842307692308 0.34056274278846155 0.017081310096153848 0.33622633653846157 0.007720180288461539 0.3306509567307692 0.011024108173076922 0.3295668557692307 0.013502052884615385 0.32399147596153843 0.009647471153846152 0.3159381514423077 0.019834584134615384 0.3164027644230769 0.025341129807692306 0.31950019711538463 0.028645060096153845 0.3210489134615385 0.03580356971153846 0.32569506490384614 0.04268675480769231 0.3280181394230769 0.04516470192307693 0.3295668557692307 0.04323740865384615
7 0.34722222115384616 0.022863185096153846 0.3439699182692308 0.028094403846153845 0.3501647836538462 0.047917973557692305 0.3517135 0.050946574519230764 0.35450118990384616 0.049019283653846155 0.3681298942307692 0.02754375 0.3757186033653846 0.00634354326923077 0.37478937500000004 0.0016629783653846154 0.3572888798076923 0.0013876490384615386 0.3517135 0.007169524038461538 0.34939042548076926 0.010198125 0.34722222115384616 0.022863185096153846
8 0.3757186033653846 0.2161429951923077 0.3682847644230769 0.21008579326923077 0.3608509278846154 0.22522879807692306 0.35574016346153847 0.23679254567307695 0.35450118990384616 0.24670433173076922 0.35465606009615386 0.2524862067307692 0.3577534927884616 0.2593693894230769 0.3622447716346154 0.2615720096153846 0.37200168509615383 0.24147311057692308 0.36936886778846156 0.23403927163461538 0.3726211706730769 0.225504125 0.37633809134615387 0.2235768341346154 0.3757186033653846 0.2161429951923077
8 0.3103627716346154 0.4074955120192308 0.3114468725961539 0.39042521634615385 0.30711046634615385 0.36619640625 0.29890226923076924 0.35876256971153847 0.29456586298076926 0.35490798557692305 0.29487560817307695 0.34885078365384614 0.29224278846153845 0.35105340144230773 0.2906940721153846 0.3568352764423077 0.29193304567307693 0.36151584134615383 0.29332689182692306 0.37886146634615386 0.2968889375 0.406118875 0.30385816346153843 0.41685664182692306 0.30633610817307694 0.4319996466346154 0.3112920024038462 0.4289710456730769 0.3103627716346154 0.4074955120192308
3 0.3413371009615384 0.5498397596153846 0.33622633653846157 0.5346967548076923 0.3321996730769231 0.5327694639423076 0.32755352403846155 0.5352474086538461 0.32461096153846153 0.5410292836538462 0.32430121875 0.5459851754807692 0.33173505769230766 0.5798504423076923 0.33514223317307695 0.582328389423077 0.34257607211538466 0.5779231514423077 0.3428858173076923 0.5677360384615384 0.34102735576923077 0.5603021995192308 0.3413371009615384 0.5498397596153846
8 0.31299558894230767 0.6250041298076923 0.3164027644230769 0.6318873149038461 0.32011968509615385 0.6266560937500001 0.3264694230769231 0.6239028197115384 0.33158018749999996 0.6164689807692307 0.3354519783653846 0.609585798076923 0.33978838221153845 0.6062818701923077 0.34551863461538457 0.5977467211538461 0.34644786298076924 0.5903128822115384 0.34257607211538466 0.5831543701923076 0.33870428125 0.5812270793269231 0.3348324903846154 0.5848063341346154 0.3264694230769231 0.5977467211538461 0.3190355841346154 0.6079338341346154 0.3160930216346154 0.6189469278846154 0.31299558894230767 0.6250041298076923
6 0.25522846634615387 0.8218631947115385 0.24593616826923076 0.8309489975961538 0.22890028846153848 0.8383828365384616 0.2179044014423077 0.8383828365384616 0.20690851442307692 0.8400348004807692 0.20024903365384614 0.83618021875 0.18987263461538462 0.8356295625 0.1853813557692308 0.8524245336538462 0.20783774519230772 0.8868404543269232 0.21465209615384614 0.8761026850961537 0.20396595192307693 0.8579310793269231 0.2062890264423077 0.8551778052884615 0.23354643749999998 0.8496712596153846 0.2623525625 0.8328762908653846 0.2959597091346154 0.802039625 0.29348176201923076 0.7896498942307691 0.29084894471153844 0.7899252211538462 0.2849638221153846 0.7951564399038461 0.2778397259615385 0.8006629879807693 0.2671535841346154 0.8100241177884615 0.25522846634615387 0.8218631947115385
6 0.3086591826923077 0.5264369326923076 0.30416790625 0.52478496875 0.3029289326923077 0.5203797307692308 0.30571662259615384 0.5156991658653847 0.30416790625 0.5038600889423077 0.31082738701923074 0.4821092283653846 0.28682228125 0.4779793173076923 0.2820212596153846 0.5159744927884615 0.2844992067307692 0.5311174975961538 0.29255253365384615 0.5424059206730769 0.30014124278846155 0.5517670504807692 0.3102078990384615 0.5272629158653847 0.3086591826923077 0.5264369326923076
8 0.3221330168269231 0.4851378293269231 0.3159381514423077 0.4810079182692307 0.31206636057692305 0.4821092283653846 0.30772995432692307 0.49312232211538465 0.3046325216346154 0.5046860721153846 0.30602636538461536 0.5162498221153846 0.3050971346153846 0.5225823509615385 0.30927867067307696 0.5239589879807692 0.3112920024038462 0.5192784230769231 0.3181063533653846 0.5179017860576923 0.3247658341346154 0.49807821394230767 0.3221330168269231 0.4851378293269231
7 0.35202324278846153 0.38464334134615386 0.3373104375 0.3879472692307692 0.32786326682692307 0.3986850360576923 0.3207391706730769 0.4143786971153846 0.3154735360576923 0.4297970288461539 0.322907375 0.4520985456730769 0.35574016346153847 0.46503893028846155 0.36131554086538464 0.44328806971153845 0.35961195432692306 0.4267684278846154 0.36487758894230765 0.4187839350961538 0.35202324278846153 0.38464334134615386
6 0.3865669086538462 0.6051676033653846 0.3872119014423077 0.5979054399038461 0.37538699759615385 0.5661812475961538 0.35797213701923075 0.5237549206730769 0.33948228365384614 0.4855330048076923 0.3171224639423077 0.4438711153846154 0.3156174759615385 0.4427244591346154 0.3074475408653846 0.4564843485576923 0.3310973509615385 0.4973817980769231 0.33969728125 0.5161105384615385 0.35324217307692307 0.5459236322115385 0.37388200961538465 0.5940832475961538 0.38140694951923076 0.6082253557692308 0.3865669086538462 0.6051676033653846
8 0.3302373581730769 0.7962771850961539 0.3392672860576923 0.8020104735576923 0.3470072235576923 0.8104192932692308 0.3510921923076923 0.7943660889423078 0.33948228365384614 0.7668463100961538 0.3345373245192308 0.757290829326923 0.3259373918269231 0.7584374879807693 0.32249742067307696 0.7683751875 0.3235724110576923 0.7809884182692308 0.3302373581730769 0.7962771850961539
8 0.3575421394230769 0.7859572692307691 0.3631320961538461 0.785575048076923 0.3642070865384615 0.76952184375 0.3560371514423077 0.7611130216346154 0.34550223557692306 0.7507931057692308 0.33303233653846154 0.7473531322115385 0.3293773653846154 0.7492642283653846 0.3285173725961539 0.756144173076923 0.33152734855769234 0.7557619543269231 0.3338923293269231 0.7553797355769232 0.33883728846153843 0.7656996514423077 0.34550223557692306 0.7767840072115385 0.3502321971153846 0.7806061995192307 0.3575421394230769 0.7859572692307691
4 0.34270725721153844 0.9736268774038461 0.3452872379807692 0.9965600264423077 0.3687220504807692 1 0.3676470576923077 0.9648358365384616 0.3603371177884615 0.9682758100961538 0.35797213701923075 0.9629247403846153 0.34270725721153844 0.9736268774038461
0 0.4237616105769231 0.5371325913461539 0.41258169951923074 0.4484577451923077 0.3777519783653846 0.4622176346153846 0.3887168894230769 0.5512747019230769 0.4237616105769231 0.5371325913461539
2 0.41946164423076926 0.19542865865384615 0.40226178125 0.1969575360576923 0.39645682932692305 0.19886863221153844 0.39323185336538463 0.20383748076923075 0.3880718966346154 0.2049841370192308 0.3861369110576923 0.21224630288461538 0.3938768485576923 0.21568627403846152 0.39645682932692305 0.22065512259615383 0.42419160576923076 0.22256621875 0.42741658173076924 0.20421969951923075 0.4244066057692307 0.19542865865384615 0.41946164423076926 0.19542865865384615
8 0.35324217307692307 0.62542521875 0.3491572067307693 0.6216030264423077 0.3326023389423077 0.6212208076923077 0.32722738221153846 0.6235141225961538 0.32142242788461534 0.6288651923076922 0.3130374951923077 0.6311585072115384 0.3130374951923077 0.6414784230769232 0.3203474375 0.640713985576923 0.32722738221153846 0.6491228076923077 0.35195218509615384 0.6491228076923077 0.35324217307692307 0.62542521875
7 0.4385964903846154 0.7007223942307692 0.43988648076923076 0.6433895192307693 0.43386652884615384 0.6353629182692307 0.3966718269230769 0.6498872451923077 0.3940918461538461 0.6563849711538462 0.37710698317307695 0.7362687764423076 0.38785689663461537 0.7458242548076923 0.40849673317307694 0.7496464471153845 0.41623667067307696 0.7507931057692308 0.42505159855769226 0.7018690504807693 0.4385964903846154 0.7007223942307692
13 0.42526659855769233 0.769139625 0.4385964903846154 0.7519397620192307 0.4428964567307692 0.73970875 0.4452614375 0.7141000649038461 0.43924148557692305 0.698429079326923 0.4289215697115385 0.6896380384615385 0.4188166490384615 0.6816114350961539 0.4095717235576923 0.682375875 0.40355177163461536 0.6938424495192308 0.3990368076923077 0.7072201201923077 0.3966718269230769 0.7106600937499999 0.39452184375 0.7213622283653846 0.3958118341346154 0.7385620913461538 0.40032679807692306 0.7553797355769232 0.4100017211538462 0.7679929663461539 0.42526659855769233 0.769139625
6 0.3240024086538461 0.9506937283653846 0.3622721009615385 0.9350227427884616 0.36055211538461535 0.9204984134615385 0.3227124182692308 0.9365516177884616 0.3031475745192308 0.944196002403846 0.27326281490384613 0.9545159182692308 0.27498280048076923 0.9652180552884615 0.29347265144230766 0.9610136442307693 0.3240024086538461 0.9506937283653846
7 0.4325765384615385 0.9870045480769231 0.4411764711538462 0.985475670673077 0.43386652884615384 0.9690402475961538 0.42333161298076927 0.9644536177884616 0.41860165144230765 0.9526048245192308 0.4151616778846154 0.9568092355769231 0.4151616778846154 0.9506937283653846 0.40634675 0.9522226033653846 0.4033367740384615 0.9487826322115385 0.40226178125 0.9648358365384616 0.3902218774038462 0.9728624399038461 0.38226694230769226 0.9896800817307692 0.38226694230769226 0.9973244663461538 0.42526659855769233 0.99961778125 0.42569659375 0.9954133701923078 0.4254815961538462 0.9923556177884615 0.4278465769230769 0.9892978629807693 0.4325765384615385 0.9870045480769231
8 0.4428964567307692 0.7420020649038462 0.4405314759615385 0.7515575432692307 0.44741142067307693 0.7962771850961539 0.4611713100961538 0.7882505817307692 0.4575163389423077 0.7557619543269231 0.45407636778846155 0.7404731875 0.4465514278846153 0.74085540625 0.4428964567307692 0.7420020649038462
2 0.4487014110576923 0.7148645024038461 0.4514963870192308 0.7293888317307692 0.45708634375 0.7515575432692307 0.4607413149038461 0.7500286658653846 0.45945132451923076 0.7431487211538462 0.4671912620192308 0.7332110240384615 0.4620313028846154 0.6991935168269231 0.4557963533653846 0.6881091610576924 0.45063639423076923 0.6598249423076923 0.4459064326923077 0.6644115745192308 0.4478414182692308 0.6774070264423078 0.4478414182692308 0.6873447235576923 0.4461214302884615 0.6991935168269231 0.4487014110576923 0.7148645024038461
7 0.48718610336538465 0.784046173076923 0.4917010673076923 0.7718151586538462 0.5003009975961539 0.7549975144230768 0.5028809759615385 0.7389443100961538 0.49621603125 0.7297710504807693 0.4938510480769231 0.7213622283653846 0.48976608173076924 0.7286243942307693 0.48310113461538456 0.7297710504807693 0.47428620673076927 0.7358865576923077 0.4639662884615384 0.7374154350961538 0.46009631971153847 0.7435309399038462 0.46095631249999997 0.7603485841346154 0.4637512908653846 0.77028628125 0.4637512908653846 0.7802239807692307 0.4712762307692308 0.7882505817307692 0.48718610336538465 0.784046173076923
7 0.5347007235576923 0.9617780841346154 0.5291107668269232 0.9373160576923076 0.5207258341346154 0.9357871802884615 0.513415891826923 0.9518403846153846 0.4987960096153846 0.9591025504807693 0.4955710360576923 0.9667469326923077 0.49084107211538464 0.9831823557692307 0.4914860673076923 0.9942667115384616 0.4966460264423077 0.9980889038461539 0.5142758846153846 0.9988533413461538 0.5205108365384615 0.9900623028846154 0.5319057451923077 0.9770668509615384 0.5347007235576923 0.9617780841346154
2 0.4596663221153846 0.6430073004807693 0.4585913317307692 0.6338340408653846 0.44741142067307693 0.6013454110576923 0.44160646634615386 0.6124297668269231 0.45085139423076925 0.6487405865384616 0.4547213629807692 0.6533272187500001 0.4607413149038461 0.6682337644230769 0.4637512908653846 0.6667048894230769 0.4596663221153846 0.6430073004807693
11 0.5224458197115385 0.35290295432692304 0.53126075 0.3467874471153846 0.5362057115384615 0.32996980528846154 0.533410733173077 0.3127699423076923 0.52739078125 0.307418875 0.5179308557692308 0.3058899975961538 0.5149208798076923 0.31047662740384613 0.5110509110576923 0.32156098317307696 0.509975920673077 0.33761418749999994 0.5153508774038461 0.34449413221153846 0.5224458197115385 0.35290295432692304
0 0.49901100721153846 0.3819516105769231 0.4970760240384615 0.3842449254807692 0.48439112500000003 0.38156939182692307 0.48052115625 0.39150709134615386 0.4906260745192308 0.4786530600961539 0.5267457860576923 0.46986201923076926 0.5368507043269231 0.4564843485576923 0.5162108701923077 0.3743072283653846 0.5162108701923077 0.3697205985576923 0.49901100721153846 0.3819516105769231
7 0.5226608197115384 0.9262317019230769 0.5196508437499999 0.9224095096153846 0.5175008605769231 0.9124718100961539 0.5121259038461539 0.9086496201923077 0.5052459591346155 0.9136184687500001 0.499871 0.9185873173076923 0.49643102884615387 0.9243206057692308 0.48847609134615383 0.9300538918269231 0.48718610336538465 0.9380804951923077 0.49363605048076925 0.9583381105769231 0.5035259711538461 0.9560447956730769 0.5127708990384615 0.9514581658653847 0.5211558317307692 0.9369338389423076 0.5226608197115384 0.9262317019230769
2 0.5181458557692308 0.6777892451923078 0.5237358100961539 0.6777892451923078 0.5280357764423077 0.6674693269230769 0.5344857235576923 0.6617360384615385 0.5344857235576923 0.6521805600961539 0.5413656682692308 0.6105186706730769 0.529540764423077 0.6044031658653846 0.5265307884615384 0.5925543701923077 0.5202958365384616 0.5940832475961538 0.5136308918269231 0.6162519591346154 0.5114809086538462 0.6384206706730768 0.5112659110576924 0.6579138485576923 0.5175008605769231 0.6682337644230769 0.5181458557692308 0.6777892451923078
7 0.4867561057692308 0.5329281802884616 0.49299105528846154 0.5302526466346154 0.4966460264423077 0.5375148100961538 0.5035259711538461 0.5344570576923077 0.506105951923077 0.5275771129807693 0.5125558990384615 0.5218438245192307 0.5110509110576923 0.5149638798076923 0.5084709326923077 0.49470626442307697 0.5013759879807692 0.4840041274038462 0.49471104326923077 0.4790352788461538 0.4901960793269231 0.4794174975961539 0.48439112500000003 0.4824752524038462 0.4800911586538461 0.48706188221153845 0.4792311658653846 0.5061728389423077 0.4828861370192307 0.5199327283653846 0.4826711394230769 0.5317815240384616 0.4824561394230769 0.53866146875 0.4863261105769231 0.5390436875 0.4867561057692308 0.5329281802884616
7 0.5069659447115384 0.8918319759615384 0.5035259711538461 0.88571646875 0.4985810120192308 0.8933608533653847 0.49191606490384615 0.8769254302884615 0.4858961129807692 0.8803654014423077 0.48912108653846154 0.8906853197115385 0.4811661514423077 0.8941252908653846 0.47794117548076925 0.8880097860576923 0.47579119471153847 0.8895386610576923 0.47428620673076927 0.8945075096153846 0.4788011706730769 0.9036807716346154 0.48159614663461536 0.9220272908653846 0.4889060889423077 0.9289072355769231 0.4981510144230769 0.9193517572115385 0.5078259375 0.9105607163461538 0.5069659447115384 0.8918319759615384
0 0.6176900576923077 0.6166341778846154 0.6121001033653847 0.6086075745192308 0.5832903341346154 0.6086075745192308 0.5723254206730769 0.5864388653846154 0.5759803918269231 0.553950235576923 0.5519005841346154 0.5573902067307692 0.5516855865384616 0.5612123990384615 0.5656604759615385 0.6628826971153846 0.5923202620192307 0.6567671899038461 0.6181200552884616 0.6468294927884616 0.6458548341346154 0.6353629182692307 0.6456398341346153 0.6319229447115385 0.6176900576923077 0.6166341778846154
7 0.6140350865384615 0.6086075745192308 0.6157550745192307 0.5940832475961538 0.6176900576923077 0.5826166730769231 0.6164000697115385 0.5795589182692308 0.6174750600961538 0.5719145360576923 0.6099501201923077 0.5612123990384615 0.6047901610576922 0.5596835216346154 0.5964052283653847 0.5524213581730769 0.5884502932692308 0.5489813870192308 0.5822153413461538 0.5432480985576923 0.5779153774038461 0.5463058509615385 0.5718954254807692 0.5749722884615385 0.5738304086538462 0.5898788365384615 0.580065360576923 0.6040209447115384 0.5845803221153847 0.6063142596153847 0.6078001370192307 0.6097542331730769 0.6140350865384615 0.6086075745192308
13 0.609520125 0.5600657427884616 0.6172600625 0.5363681538461539 0.6041451658653846 0.5206971682692307 0.6002751971153846 0.5241371394230769 0.5966202259615385 0.5336926201923077 0.5933952524038462 0.5443947572115385 0.5992002067307692 0.5543324543269231 0.609520125 0.5600657427884616
13 0.6826195384615384 0.7183044759615385 0.6716546274038462 0.7087489975961538 0.66025971875 0.7110423125 0.6495098028846154 0.7205977908653847 0.6432748533653846 0.7374154350961538 0.6430598557692307 0.7553797355769232 0.6473598221153847 0.7733440360576923 0.6600447187499999 0.7871039254807692 0.6757395937499999 0.7832817331730768 0.6871345024038462 0.7653174326923077 0.689499483173077 0.7431487211538462 0.6826195384615384 0.7183044759615385
4 0.546740625 0.9086496201923077 0.5596405240384615 0.9055918653846154 0.5684554519230769 0.899858579326923 0.5721104230769231 0.8880097860576923 0.5654454759615384 0.8830409350961539 0.5564155480769231 0.870045483173077 0.5555555552884616 0.8673699495192307 0.5512555889423078 0.8677521682692307 0.5529755769230769 0.8631655384615384 0.5473856201923077 0.8490234302884615 0.5390006875 0.8524634014423077 0.5359907115384616 0.8547567163461539 0.5351307187500001 0.8658410745192308 0.5353457163461539 0.8822764975961538 0.5377106971153846 0.8964186057692308 0.546740625 0.9086496201923077
7 0.6338149302884616 0.7851928293269231 0.6273649807692308 0.7771662259615385 0.6269349855769231 0.7592019254807691 0.6217750264423076 0.7634063365384616 0.6209150336538461 0.7549975144230768 0.6161850697115384 0.7458242548076923 0.6060801514423078 0.7458242548076923 0.5968352259615385 0.7565263918269232 0.5925352596153846 0.7649352139423077 0.5899552812500001 0.7924549927884615 0.5884502932692308 0.8150059254807692 0.5940402475961538 0.8295302524038461 0.6045751634615384 0.8337346634615385 0.6144650841346154 0.8257080600961538 0.625 0.8230325264423077 0.6297299615384616 0.8218858701923076 0.6353199182692308 0.8276191562499999 0.6372549014423078 0.8218858701923076 0.63682490625 0.8081259783653846 0.63682490625 0.7985705000000001 0.640694875 0.8077437596153847 0.6495098028846154 0.8023926923076924 0.6421998629807693 0.7924549927884615 0.6338149302884616 0.7851928293269231
3 0.49600103125 0.784428391826923 0.49191606490384615 0.8100370745192307 0.4970760240384615 0.8169170192307693 0.5015909879807693 0.8207392115384615 0.5211558317307692 0.8130948293269231 0.5245958028846154 0.7981882812500001 0.49600103125 0.784428391826923
7 0.568240454326923 0.7194511322115384 0.5562005504807692 0.7339754615384616 0.5480306153846154 0.7335932427884615 0.5387856899038461 0.7228911057692307 0.5310457524038461 0.7179222572115385 0.5256707956730768 0.7305354879807692 0.5325507403846154 0.7423842836538461 0.5325507403846154 0.7507931057692308 0.5385706923076923 0.8016282548076923 0.5493206057692308 0.8211214302884616 0.5723254206730769 0.8165348004807692 0.5777003774038462 0.7683751875 0.5697454423076923 0.7293888317307692 0.568240454326923 0.7194511322115384
2 0.6566047475961538 0.8945075096153846 0.6325249399038462 0.9927378365384616 0.63682490625 0.9977066850961538 0.66025971875 0.8990941418269232 0.6566047475961538 0.8945075096153846
2 0.6613347091346153 0.8669877307692307 0.6682146538461539 0.9969422475961539 0.6720846225961539 0.9973244663461538 0.6684296514423077 0.9227917283653846 0.6667096658653846 0.88571646875 0.6669246634615384 0.8662232932692308 0.6613347091346153 0.8669877307692307
2 0.6802545576923078 0.9984711225961539 0.6727296177884615 0.9017696754807693 0.6684296514423077 0.8983297019230769 0.6684296514423077 0.9032985504807692 0.669934639423077 0.9212628533653846 0.6733746129807692 0.9980889038461539 0.6802545576923078 0.9984711225961539
2 0.6490798076923077 0.7213622283653846 0.6550997596153846 0.7022512716346154 0.6503697980769231 0.6980468605769231 0.6488648100961538 0.7022512716346154 0.640909872596154 0.7305354879807692 0.6374698990384615 0.7557619543269231 0.6394048846153846 0.7664640913461539 0.6490798076923077 0.7213622283653846
6 0.7337891298076923 0.6636471346153846 0.7533539735576924 0.6433895192307693 0.6720846225961539 0.5898788365384615 0.6649896802884616 0.6154875216346153 0.7337891298076923 0.6636471346153846
13 0.7649638798076922 0.7144822836538461 0.7759287932692308 0.6919313533653846 0.7737788100961538 0.6697626418269231 0.765608875 0.6502694639423077 0.7522789807692308 0.6456828341346154 0.7415290673076923 0.6560027524038462 0.7331441346153846 0.6728203942307692 0.7316391466346153 0.7003401754807693 0.7389490889423077 0.7148645024038461 0.750129 0.7232733245192308 0.7649638798076922 0.7144822836538461
0 0.7006793942307692 0.8742498942307692 0.7036893701923077 0.8184458966346154 0.7112143100961539 0.7332110240384615 0.7103543173076924 0.7228911057692307 0.6849845192307692 0.7198333533653846 0.6473598221153847 0.7160111610576922 0.6434898509615384 0.7630241177884615 0.6411248701923077 0.8165348004807692 0.6391898870192307 0.8639299783653847 0.7006793942307692 0.8742498942307692
0 0.6688596490384615 0.8738676754807693 0.6793945649038461 0.9529870432692308 0.7520639831730769 0.9438137836538462 0.7389490889423077 0.7874861442307692 0.7069143437500001 0.7924549927884615 0.7028293774038462 0.8773076490384616 0.6688596490384615 0.8738676754807693
2 0.7733488125 0.99961778125 0.7436790504807692 0.9449604399038461 0.7350791201923077 0.9495470697115385 0.7666838677884615 0.9988533413461538 0.7733488125 0.99961778125
7 0.7335741322115384 0.7056912427884616 0.7277691778846154 0.698811298076923 0.7187392499999999 0.6972824206730769 0.7118593052884615 0.6969002019230769 0.7069143437500001 0.7125711875 0.7064843485576924 0.7190689134615386 0.7144392836538462 0.7355043389423077 0.7211042307692307 0.7469709134615384 0.7277691778846154 0.74085540625 0.7378740961538461 0.7328288052884615 0.7404540769230769 0.71295340625 0.73830409375 0.7060734615384615 0.7335741322115384 0.7056912427884616
9 0.7840987259615384 0.6957535456730769 0.7789387692307692 0.6926957908653846 0.7729188173076923 0.6991935168269231 0.7662538701923077 0.7144822836538461 0.7662538701923077 0.7278599543269231 0.7739938076923077 0.741237625 0.7862487091346153 0.7404731875 0.7942036466346154 0.7274777355769231 0.7914086682692307 0.7053090240384615 0.7840987259615384 0.6957535456730769
7 0.7823787403846154 0.37545388461538465 0.78130375 0.3918893100961538 0.7823787403846154 0.41138248557692303 0.8034485721153846 0.42476015865384614 0.8141984855769231 0.41864465144230767 0.8146284831730769 0.4064136370192308 0.8064585480769231 0.3903604326923077 0.7935586514423077 0.37468944711538466 0.7823787403846154 0.37545388461538465
7 0.7821637427884615 0.44463555288461537 0.7787237692307692 0.4469288701923077 0.7761437908653845 0.46909758173076926 0.7871087043269231 0.48667966105769234 0.8038785697115384 0.47712418269230766 0.7982886129807691 0.4633642932692308 0.8060285528846154 0.46068875961538464 0.8038785697115384 0.4316401033653846 0.8040935673076923 0.4274356923076923 0.7879686971153846 0.41444024038461535 0.7849587211538461 0.41864465144230767 0.7802287572115384 0.4373733894230769 0.7821637427884615 0.44463555288461537
0 0.7496990024038461 0.15873561778846154 0.8109735120192307 0.1449757283653846 0.8322583413461538 0.12433589423076923 0.8322583413461538 0.10331384134615385 0.7600189206730769 0.11936704567307693 0.7496990024038461 0.15873561778846154
12 0.8721566057692307 0.5356940024038461 0.87417115625 0.5464382740384616 0.8756101201923077 0.5451591947115385 0.87417115625 0.5252055480769231 0.8734516730769231 0.5170194375 0.8744589495192308 0.5072984302884616 0.8720127091346155 0.5034611899038461 0.8691347788461539 0.5034611899038461 0.867264125 0.5078100625 0.867983608173077 0.51471709375 0.870717639423077 0.5188101490384616 0.8721566057692307 0.5356940024038461
6 0.8417944471153846 0.5901828052884615 0.81934659375 0.566647735576923 0.8085543581730769 0.554880201923077 0.7976182259615385 0.5599965216346153 0.7899917115384615 0.58608975 0.8415066538461539 0.6518344567307692 0.8525866826923078 0.6344389711538461 0.8580547500000001 0.6109039014423077 0.8417944471153846 0.5901828052884615
9 0.8540256490384616 0.6881603245192308 0.8476942019230769 0.6751137091346154 0.8371897596153846 0.6735788149038461 0.8265414182692308 0.6858579807692308 0.8262536274038462 0.6940440937500001 0.8279803846153846 0.7076023389423077 0.8360385865384615 0.7168117139423077 0.8484136850961538 0.706834891826923 0.8540256490384616 0.6881603245192308
8 0.86035709375 0.7290908822115385 0.8674080216346154 0.7247420096153847 0.8702859519230769 0.7239745625 0.8717249158653846 0.7180907932692308 0.8669763317307692 0.7165558990384615 0.8609326802884615 0.7129744735576923 0.8540256490384616 0.7127186586538462 0.8494209615384616 0.7122070264423077 0.8449601682692307 0.7122070264423077 0.8402115865384616 0.7145093701923078 0.8384848269230769 0.7214164014423077 0.8413627572115385 0.7260210889423077 0.8487014783653847 0.7278118004807692 0.86035709375 0.7290908822115385
13 0.8285559711538462 0.7751377572115385 0.8107128052884616 0.7874169230769231 0.810856701923077 0.80916128125 0.8177637331730769 0.8265567692307693 0.8439528942307692 0.7996960913461538 0.8285559711538462 0.7751377572115385
8 0.8782002572115384 0.7835796850961538 0.9125915192307693 0.8697896682692308 0.9196424471153846 0.8644175336538461 0.8888485985576923 0.7817889735576924 0.8835244278846154 0.7730912283653846 0.8796392235576923 0.7746261249999999 0.8782002572115384 0.7835796850961538
13 0.8989213509615385 0.8787432283653847 0.8902875625 0.9112318557692307 0.8938849759615385 0.9217203100961538 0.8954678365384615 0.9449995649038462 0.9373417139423077 0.977232377403846 0.9406513341346153 0.9618834182692308 0.92439103125 0.9247901033653847 0.9143182764423077 0.9045806418269231 0.9134548966346153 0.8938363701923078 0.8989213509615385 0.8787432283653847
13 0.8678397115384615 0.8899991298076924 0.863810608173077 0.8956270817307692 0.8615082644230768 0.9081620649038461 0.8846756009615385 0.9710927956730769 0.897914076923077 0.9680230024038461 0.8928776995192307 0.9465344615384615 0.8794953269230769 0.9084178798076923 0.8720127091346155 0.8940921850961538 0.8678397115384615 0.8899991298076924
13 0.9304346826923078 0.8393475673076923 0.9413708149038461 0.8257893197115386 0.9382050937499999 0.8176032091346154 0.94280978125 0.8178590240384616 0.9446804350961538 0.812486889423077 0.937485610576923 0.8032775144230769 0.9222325817307693 0.8009751706730769 0.9069795552884615 0.8326963509615385 0.9074112451923076 0.8380684879807692 0.9138865865384616 0.8493243894230769 0.9150377572115385 0.8447197019230769 0.9210814110576924 0.8488127572115385 0.9265494783653847 0.8539290769230768 0.932880923076923 0.8516267331730769 0.9304346826923078 0.8393475673076923
6 0.9215131009615385 0.85060346875 0.9176278942307692 0.8572546850961539 0.9215131009615385 0.876952514423077 0.9274128557692307 0.8692780360576923 0.9402196442307692 0.9119993052884615 0.9382050937499999 0.9186505192307692 0.9557604639423077 0.939115798076923 0.9691428365384614 0.9194179663461538 0.9786400048076923 0.8943480024038462 0.9825252115384615 0.8731152764423077 0.9412269182692307 0.8293707427884616 0.9383489903846154 0.83218471875 0.93172975 0.8462545985576924 0.9338881971153847 0.8521383653846153 0.9272689591346153 0.8569988701923077 0.9215131009615385 0.85060346875
4 0.8734516730769231 0.7155326346153846 0.9052527980769232 0.6774160528846154 0.8986335600961539 0.6676950456730769 0.8894241826923076 0.6646252548076923 0.8687030889423077 0.6766486057692307 0.8520110961538462 0.6817649254807693 0.8546012331730769 0.7029976514423077 0.8734516730769231 0.7155326346153846
4 0.9451121250000001 0.5853223028846154 0.9333126129807692 0.5894153581730769 0.9292835096153845 0.5909502548076924 0.9282762355769231 0.6098806370192308 0.9364783341346155 0.6132062427884615 0.9501485 0.6083457403846154 0.9511557764423078 0.5968340216346154 0.9500046057692307 0.587113014423077 0.9451121250000001 0.5853223028846154
12 0.9107410240384616 0.5991499591346154 0.90738621875 0.5977374110576923 0.9043845528846154 0.6007194591346153 0.9041196995192308 0.6052710048076924 0.8965272475961539 0.6120198509615384 0.8967921009615385 0.6145310504807692 0.8978515120192309 0.6145310504807692 0.9052673966346153 0.6076252548076924 0.9078276418269231 0.609351701923077 0.9106527379807693 0.6049571057692308 0.9107410240384616 0.5991499591346154
6 0.8039581971153846 0.5275912692307693 0.8096437091346154 0.5458811634615385 0.8183073413461539 0.5405867211538461 0.8226391586538462 0.5261473293269231 0.8118096177884616 0.5191682908653846 0.8039581971153846 0.5275912692307693
10 0.8249404375 0.6445503341346155 0.8135694182692308 0.6457536153846154 0.816412173076923 0.6618776009615384 0.816412173076923 0.6712632067307692 0.8258880216346154 0.670300579326923 0.8249404375 0.6445503341346155
9 0.8392895817307693 0.8876134086538462 0.8264294999999999 0.8900199735576924 0.8238574831730769 0.9083098701923077 0.8262941298076923 0.9213053221153846 0.8369883052884616 0.9350227427884616 0.8505252331730768 0.9263591081730769 0.8532326177884616 0.9114384038461538 0.8482239543269231 0.8941111346153847 0.8392895817307693 0.8876134086538462
6 0.8943848822115386 0.3942675625 0.8888347403846153 0.39402690625 0.8830138629807693 0.4048564495192308 0.8771929831730769 0.4171299302884615 0.8765161370192308 0.42410896875 0.8907299110576923 0.4544316899038462 0.8970922668269231 0.45058118509615386 0.9057559014423078 0.4320506346153846 0.9015594543269232 0.4154453341346154 0.8957385745192308 0.39956200480769233 0.8943848822115386 0.3942675625
6 0.9030485168269231 0.97160253125 0.8513374495192308 0.9619762716346153 0.8495776490384616 0.9622169278846153 0.8482239543269231 0.9689553100961539 0.8483593245192308 0.9894111129807693 0.9030485168269231 0.9985560600961538 0.9030485168269231 0.97160253125
7 0.9501570288461539 0.7073616826923076 0.9505631370192307 0.71145284375 0.9688379903846154 0.7369624326923077 0.9957764783653846 0.7408129375 0.9883311682692307 0.697013451923077 0.9896848605769232 0.6719851754807693 0.9719514831730769 0.6767983052884615 0.9521875673076923 0.6746323966346155 0.9506985048076924 0.6909970408653846 0.9466374278846155 0.6967727956730769 0.9501570288461539 0.7073616826923076
10 0.9577377091346153 0.8195076177884615 0.9636939567307692 0.79736721875 0.9452837331730769 0.7927947427884615 0.9418995024038461 0.8043462572115385 0.9394628557692308 0.8204702427884616 0.9456898413461539 0.8286525649038462 0.9588206634615385 0.8368348846153846 0.9577377091346153 0.8195076177884615
6 0.9752003461538461 0.9073472427884616 0.9917153990384615 0.9968714663461539 0.9987546033653847 0.9961494951923077 0.9975362788461539 0.8517555889423077 0.9781784711538462 0.8671576057692308 0.9837286105769232 0.8726927067307693 0.9752003461538461 0.9073472427884616