10 0.5843311995192308 0.7692147043269231 0.5931495408653846 0.7694757740384616 0.6047526225961538 0.7676482884615384 0.6080014855769231 0.7639933173076923 0.6052167451923076 0.7608604855769231 0.5945419110576923 0.7569444447115384 0.5852594447115385 0.7569444447115384 0.5815464591346153 0.7645154543269231 0.5843311995192308 0.7692147043269231
8 0.5731922403846154 0.7535505432692309 0.5810823365384615 0.75433375 0.5885083076923077 0.7530284038461539 0.5908289254807693 0.7504177115384615 0.5852594447115385 0.7498955721153846 0.5810823365384615 0.7475459471153846 0.5708716225961539 0.7446741850961539 0.5569479254807692 0.7433688389423078 0.5430242259615384 0.7415413533653846 0.5337417620192307 0.7415413533653846 0.5328135144230769 0.7451963245192308 0.5332776394230769 0.7483291562500001 0.5407036105769231 0.7496345024038462 0.5499860769230769 0.7512009182692307 0.5643738966346153 0.7535505432692309 0.5731922403846154 0.7535505432692309
5 0.33618668269230767 0.8561848461538462 0.3313840144230769 0.8582506995192307 0.32799389663461537 0.8593630817307693 0.32686385817307695 0.8627002283653845 0.32968895673076926 0.8649249927884616 0.3356216634615385 0.8654017283653845 0.33759923076923076 0.8630180528846154 0.33985931009615383 0.8603165528846154 0.34155437019230767 0.8585685240384616 0.33816425000000006 0.8585685240384616 0.33618668269230767 0.8561848461538462
11 0.3505946826923077 0.8487159927884615 0.35709240865384617 0.8504640216346153 0.36217758653846155 0.8491927283653846 0.3666977427884615 0.8420416995192308 0.36359013461538464 0.8366386971153846 0.35426731009615386 0.8340961105769231 0.34833460576923075 0.8361619639423077 0.3472045649038461 0.8414060504807692 0.3505946826923077 0.8487159927884615
7 0.1963443221153846 0.8250381394230769 0.20368957932692308 0.833619375 0.21696753846153843 0.8450610216346154 0.22968048076923075 0.8541189927884615 0.23448314903846154 0.8544368173076923 0.23815577644230768 0.8485570817307693 0.24465350240384615 0.8455377572115383 0.2483261298076923 0.8391812860576924 0.24154589423076922 0.8339371971153846 0.23165805048076923 0.82376684375 0.2214876971153846 0.8132786682692307 0.21470746153846154 0.81025934375 0.21103483413461538 0.8123251971153846 0.2002994615384615 0.82106534375 0.1963443221153846 0.8250381394230769
8 0.6054185384615385 0.8526887860576923 0.6178489711538462 0.8437897283653846 0.6260417548076924 0.8398169326923076 0.6254767355769231 0.8366386971153846 0.6266067740384614 0.8345728461538461 0.6274543052884615 0.8298054927884616 0.6237816754807692 0.8298054927884616 0.6192615192307692 0.8255148750000001 0.6105037139423077 0.8269450793269232 0.5777325769230769 0.8453788461538461 0.5732124182692308 0.8533244350961537 0.5686922620192308 0.858409610576923 0.5749074783653846 0.861111110576923 0.5819702235576923 0.8588863461538462 0.5938356346153847 0.8582506995192307 0.6054185384615385 0.8526887860576923
9 0.44456662259615387 0.8436484735576923 0.455118485576923 0.8413055432692308 0.4601167379807692 0.8358387067307693 0.4590060144230769 0.8306842596153847 0.455118485576923 0.8250612283653846 0.4440112620192308 0.8231868846153846 0.43345940144230766 0.8258422043269231 0.42679506730769234 0.8314652379807692 0.4284611490384615 0.8381816370192308 0.43540316346153846 0.8428674951923077 0.44456662259615387 0.8436484735576923
8 0.38514297836538464 0.8269355721153846 0.38347689423076925 0.8291223076923077 0.38791978365384616 0.8333395817307692 0.3968055625 0.8423989110576924 0.40763510576923073 0.8513020432692309 0.41068959134615385 0.8519268245192309 0.42540666346153844 0.8425551057692308 0.40763510576923073 0.8277165480769231 0.38875282451923077 0.8231868846153846 0.38514297836538464 0.8269355721153846
8 0.5092662019230769 0.7858561995192308 0.5287038413461539 0.7899172788461539 0.5320360096153846 0.7908544519230769 0.5389780240384615 0.7881991298076922 0.540644108173077 0.7835132692307692 0.539255704326923 0.7807017548076923 0.5303699254807692 0.7802331682692307 0.5259270360576923 0.7766406754807692 0.5173189375 0.7753911129807692 0.5087108413461539 0.7753911129807692 0.5056563533653846 0.7796083870192307 0.5056563533653846 0.7828884879807692 0.5092662019230769 0.7858561995192308
8 0.4698110552884615 0.6871775024038461 0.46885550961538464 0.6891483197115384 0.46917402403846153 0.6920149639423077 0.4707666033653846 0.6952399375 0.47044808894230766 0.6982857475961539 0.47044808894230766 0.7015107211538462 0.47172215144230767 0.7040190336538461 0.47299621634615385 0.7068856778846153 0.47363324759615383 0.7093939927884616 0.476181375 0.7113648100961538 0.4873294350961539 0.7122606346153847 0.4850998221153846 0.7063481826923077 0.49051459375 0.7033023725961538 0.48828498317307695 0.7015107211538462 0.48828498317307695 0.6982857475961539 0.4847813076923077 0.6916566322115384 0.48287021153846155 0.6882524927884616 0.4812776322115385 0.6825192067307693 0.47713692307692307 0.6834150336538461 0.47554434375 0.6835941971153846 0.47299621634615385 0.6832358677884615 0.4707666033653846 0.6848483533653845 0.4698110552884615 0.6871775024038461
9 0.4663073798076923 0.7710268317307692 0.4682184759615385 0.764756048076923 0.4631222211538461 0.7559769519230769 0.44910751923076925 0.7536478052884615 0.45229267788461536 0.7636810576923078 0.45229267788461536 0.7746101370192308 0.4570704182692307 0.7731768149038462 0.4663073798076923 0.7710268317307692
9 0.44942603365384615 0.7733559807692308 0.45070009855769233 0.7642185528846154 0.44878900240384617 0.7543644639423076 0.43509281490384616 0.7577686033653847 0.43127062259615384 0.7642185528846154 0.4335002355769231 0.7694143437500001 0.4357298485576923 0.7721018221153847 0.44942603365384615 0.7733559807692308
13 0.4752258269230769 0.7463020288461538 0.47681840865384617 0.7477353509615384 0.47745543990384615 0.7500645 0.4752258269230769 0.7504228293269232 0.47681840865384617 0.7525728125 0.4720406682692308 0.7547227956730769 0.47586286057692306 0.7583061009615384 0.49242568990384616 0.7583061009615384 0.5022996850961539 0.7565144471153846 0.516951420673077 0.7522144831730769 0.5163143870192308 0.7398520817307692 0.5108996177884616 0.714231451923077 0.4542037740384615 0.7092148269230769 0.4513371298076923 0.7111856442307692 0.45866299759615387 0.7217563918269231 0.4678999615384616 0.7294604975961538 0.47745543990384615 0.7407479062500001 0.47458879567307694 0.7421812283653846 0.4752258269230769 0.7463020288461538
8 0.4048337980769231 0.7090356610576923 0.40196715384615384 0.7093939927884616 0.4013301225961538 0.7122606346153847 0.40387825 0.7133356274038462 0.40865599038461536 0.7174564278846154 0.4143892764423077 0.7196064110576923 0.42394475721153846 0.7201439062499999 0.4360483629807692 0.7246230360576923 0.4526111947115385 0.7265938533653846 0.4573889326923077 0.7246230360576923 0.45770744951923076 0.7221147235576922 0.4557963533653846 0.719248079326923 0.45324822596153846 0.7151272788461539 0.4503815817307692 0.7108273125 0.44560384134615383 0.7108273125 0.43700391105769226 0.7108273125 0.4309521081730769 0.7086773317307693 0.42394475721153846 0.7065273485576923 0.4124781826923077 0.7063481826923077 0.4048337980769231 0.7090356610576923
8 0.48318872596153845 0.7970057908653847 0.4914701418269231 0.8007682596153847 0.49592936538461535 0.7995141033653846 0.49975155769230767 0.7928849903846154 0.4987960096153846 0.7914516682692307 0.4940182692307692 0.7885850240384615 0.48573685576923076 0.7855392163461539 0.47904801923076923 0.7835683990384615 0.47172215144230767 0.7823142403846154 0.4669444134615385 0.7835683990384615 0.46375925240384613 0.7848225552884615 0.46726292788461543 0.7875100336538462 0.47299621634615385 0.7932433197115384 0.48318872596153845 0.7970057908653847
13 0.7147498365384616 0.6603027187499999 0.7258978966346153 0.660661048076923 0.7351348605769231 0.6590485600961539 0.7411866634615384 0.6542110985576923 0.7380015024038461 0.64973196875 0.7201646081730769 0.6474028197115385 0.7077424855769231 0.6511652908653847 0.705512875 0.6563610817307691 0.7147498365384616 0.6603027187499999
9 0.4105670865384615 0.6253654975961538 0.3955968341346154 0.627873810096154 0.3911376105769231 0.6384445600961539 0.3971894158653846 0.6439986802884616 0.40228567067307697 0.645073673076923 0.4092930216346154 0.6438195168269231 0.4175744375 0.6411320384615385 0.4217151442307693 0.6352195841346154 0.41566334134615385 0.6293071322115384 0.4105670865384615 0.6253654975961538
5 0.3029086875 0.6413112019230769 0.29367172596153845 0.6457903341346154 0.29653836778846154 0.652777778846154 0.30099759134615384 0.6545694302884615 0.30927900721153845 0.6536736033653846 0.3137382307692308 0.65224028125 0.32170112980769233 0.6454320024038461 0.32233816105769236 0.6438195168269231 0.3178789375 0.6413112019230769 0.31214565144230766 0.6416695336538462 0.3029086875 0.6413112019230769
0 0.40292270192307694 0.7980807812499999 0.3825376802884615 0.7927058245192308 0.3733007163461538 0.8079348701923077 0.3955968341346154 0.8147431490384616 0.40292270192307694 0.7980807812499999
0 0.3949598028846154 0.7961099639423076 0.39273019230769235 0.7900183461538461 0.36788594471153846 0.796826625 0.3726636850961539 0.8231639134615385 0.40228567067307697 0.8172514615384615 0.40069309134615383 0.8104431826923076 0.3949598028846154 0.7961099639423076
0 0.3694785264423077 0.8133098269230769 0.39050057932692306 0.8229847499999999 0.40961153846153847 0.8005890961538462 0.3885894831730769 0.78249340625 0.37202665384615385 0.7959307980769231 0.36788594471153846 0.8022015817307693 0.36215265865384616 0.8095473557692308 0.3694785264423077 0.8133098269230769
0 0.4048337980769231 0.7842850600961538 0.38922651682692305 0.7751476322115385 0.37393774999999996 0.79306415625 0.36183414182692303 0.8082931995192308 0.3697970408653846 0.8145639831730769 0.37234516826923075 0.82423890625 0.38635987259615384 0.8222680889423077 0.39050057932692306 0.82423890625 0.4105670865384615 0.7998724350961539 0.41566334134615385 0.7901975120192308 0.4048337980769231 0.7842850600961538
7 0.4051523149038462 0.8201181057692307 0.4121596658653846 0.8204764350961539 0.4226706923076923 0.8233430793269231 0.43063359134615387 0.8254930625000001 0.4389150072115384 0.8233430793269231 0.44464829567307695 0.8179681225961539 0.4449668100961538 0.8140264879807693 0.44942603365384615 0.8120556706730769 0.4497445504807692 0.8079348701923077 0.4526111947115385 0.8032765745192307 0.4513371298076923 0.795214139423077 0.4475149375 0.7937808173076923 0.44592235817307696 0.7912725024038461 0.4389150072115384 0.7893016850961538 0.43286320432692305 0.7914516682692307 0.4217151442307693 0.7971849567307692 0.4124781826923077 0.8023807475961539 0.4102485697115385 0.8097265216346153 0.4051523149038462 0.8201181057692307
4 0.6606021225961538 0.8167139663461539 0.662194701923077 0.8202972716346154 0.67748346875 0.8339138293269232 0.7125202259615384 0.8215514278846154 0.7306756370192308 0.81366815625 0.7239868004807692 0.8079348701923077 0.7032832620192307 0.7966474591346154 0.6628317331730769 0.8118765048076924 0.6606021225961538 0.8167139663461539
7 0.3506860841346154 0.7627852307692307 0.35355272596153847 0.7599185865384614 0.36183414182692303 0.7593810913461538 0.36693039903846153 0.7547227956730769 0.3831747115384615 0.7583061009615384 0.3869969038461539 0.7617102403846154 0.4048337980769231 0.7547227956730769 0.40387825 0.7531103076923077 0.40451528125 0.7439728822115386 0.3943227716346154 0.7387770889423078 0.3869969038461539 0.7291021682692308 0.38158213221153847 0.7301771586538461 0.359923045673077 0.7129772956730769 0.3232937091346154 0.7369854375 0.3255233221153846 0.7421812283653846 0.32584183653846155 0.7484520120192308 0.32201964663461535 0.7525728125 0.3204270673076923 0.7566936129807692 0.3306195769230769 0.7613519086538462 0.33858247596153845 0.7631435624999999 0.3506860841346154 0.7627852307692307
7 0.32201964663461535 0.73573128125 0.32456777403846154 0.7339396274038462 0.32201964663461535 0.7321479759615385 0.28284218269230765 0.7466603605769231 0.2790199903846154 0.7617102403846154 0.2825236658653846 0.7633227259615385 0.30927900721153845 0.7554394567307692 0.32106409855769236 0.7635018918269231 0.32838996634615386 0.7620685697115385 0.31915300240384614 0.7575894399038462 0.3226566778846154 0.7518561514423077 0.3252048052884616 0.7482728461538461 0.3242492572115384 0.7428978894230769 0.32201964663461535 0.73573128125
7 0.35578233894230765 0.6638860216346154 0.3443157644230769 0.6508069591346154 0.32106409855769236 0.6459695000000001 0.29972352884615383 0.6735609447115384 0.3382639615384615 0.687714997596154 0.35578233894230765 0.6638860216346154
7 0.20098357692307692 0.6404153774038461 0.19429474278846154 0.6250071658653845 0.17231713942307694 0.6298446274038461 0.17390971875 0.6565402475961538 0.18792442307692306 0.6658568389423076 0.19716138461538463 0.66531934375 0.2172278918269231 0.6753525961538462 0.22296118028846154 0.6592277259615386 0.21754640865384617 0.6459695000000001 0.18633184375 0.6405945408653846 0.20098357692307692 0.6404153774038461
7 0.19779841826923078 0.7088564951923076 0.19365770913461539 0.7099314879807692 0.2213685985576923 0.7145897836538461 0.2627756754807692 0.71888975 0.27679037740384616 0.6977482524038462 0.24748690865384615 0.6932691201923077 0.24780542548076923 0.6943441129807693 0.22901298317307692 0.7040190336538461 0.2258278221153846 0.7043773653846154 0.21531679567307693 0.7067065120192308 0.19779841826923078 0.7088564951923076
6 0.2328351754807692 0.7007940600961539 0.24143510576923077 0.6891483197115384 0.2404795576923077 0.6843108581730769 0.16530978846153846 0.6902233125 0.17327268750000002 0.7092148269230769 0.19302067788461535 0.708319 0.2328351754807692 0.7007940600961539
7 0.37202665384615385 0.7029440432692307 0.36724891346153843 0.7016898870192307 0.36087859375 0.6993607379807693 0.3532342115384616 0.7077815048076924 0.3729822019230769 0.7156647740384615 0.3860413557692307 0.7187105841346154 0.3949598028846154 0.7307146538461539 0.40578934615384615 0.7179939230769231 0.38890800000000003 0.6990024086538462 0.3831747115384615 0.6938066153846154 0.39145612740384617 0.6943441129807693 0.3854043245192308 0.6896858149038461 0.39687089903846157 0.677502579326923 0.40993005288461537 0.6624526995192308 0.40387825 0.6518819519230769 0.3924116754807692 0.6577944038461538 0.3879524519230769 0.6531361081730769 0.38285619711538466 0.6724859543269232 0.3707525889423077 0.6875358341346154 0.37202665384615385 0.7029440432692307
4 0.7163424182692307 0.5316620793269231 0.7163424182692307 0.5477869519230769 0.7395940841346154 0.5485036129807692 0.74978659375 0.545995298076923 0.7491495625 0.5413370024038462 0.751379173076923 0.5368578725961538 0.7472384663461539 0.5262871225961538 0.7440533076923077 0.5287954350961539 0.7255793798076924 0.5296912620192308 0.7163424182692307 0.5316620793269231
4 0.7144313221153846 0.5416953341346153 0.7036017788461538 0.5497577692307692 0.7214386730769231 0.5630159951923077 0.7440533076923077 0.5524452475961539 0.7405496322115385 0.5493994375 0.7166609326923077 0.5488619423076924 0.7144313221153846 0.5416953341346153
2 0.47427028125 0.6674693269230769 0.48159614663461536 0.6364737427884616 0.4879664663461538 0.6022531826923078 0.48191466346153844 0.6051198245192307 0.47395176442307696 0.6411320384615385 0.46471480048076924 0.6816233798076923 0.46726292788461543 0.6871775024038461 0.4666258966346154 0.6882524927884616 0.47172215144230767 0.6844900240384616 0.47427028125 0.6674693269230769
2 0.5166329038461538 0.5467119591346153 0.5812916466346154 0.6296654615384616 0.5879804807692308 0.6273363149038461 0.5236402548076924 0.544741141826923 0.5166329038461538 0.5467119591346153
2 0.5956248653846153 0.663169360576923 0.6010396370192308 0.6604818822115385 0.5752398413461539 0.6228571826923077 0.5287365096153847 0.5635534927884616 0.5268254158653846 0.5651659783653846 0.5956248653846153 0.663169360576923
2 0.6437207764423077 0.6036865048076924 0.59021009375 0.5778867091346154 0.5347883149038462 0.5519077524038462 0.5306476057692308 0.5549535600961538 0.5605881081730769 0.5694659447115384 0.6077284711538462 0.592040764423077 0.6405356153846153 0.6067323125 0.6437207764423077 0.6036865048076924
13 0.38030806971153847 0.5244954711538461 0.38349322836538463 0.537216201923077 0.39687089903846157 0.5425911586538461 0.4108856009615385 0.5418744975961538 0.4178929543269231 0.5316620793269231 0.4131152139423077 0.5214496610576923 0.40451528125 0.5146413822115384 0.38827096875 0.5158955384615385 0.38030806971153847 0.5244954711538461
9 0.38062658413461536 0.5579993701923077 0.39750793028846154 0.5569243774038461 0.4026041875 0.5440244807692308 0.3854043245192308 0.5399036802884616 0.37775993990384615 0.5450994735576923 0.3758488461538461 0.5536994038461539 0.38062658413461536 0.5579993701923077
0 0.5147218076923077 0.5511910913461538 0.48860349759615385 0.5639118221153846 0.4682184759615385 0.5477869519230769 0.4602555769230769 0.5406203413461539 0.4277669495192308 0.5513702548076923 0.4401890721153846 0.5771700504807693 0.4659888653846154 0.608882295673077 0.5373364423076923 0.5854116490384615 0.5147218076923077 0.5511910913461538
0 0.4669444134615385 0.48704993750000003 0.42394475721153846 0.5164330360576923 0.4516556466346154 0.5338120625 0.4889220144230769 0.5626576658653846 0.53415128125 0.532916235576923 0.5182254831730769 0.5189413485576924 0.5064403918269231 0.5149997139423077 0.49051459375 0.500129 0.4669444134615385 0.48704993750000003
13 0.5561288846153846 0.4958290336538462 0.561225139423077 0.48346663221153846 0.5516696610576923 0.47146256249999996 0.5280994783653846 0.46752092548076923 0.5089885216346154 0.4748667019230769 0.5038922644230769 0.4886624230769231 0.5118551634615385 0.4974415216346154 0.5233217403846153 0.5024581466346154 0.5366994110576923 0.5031748076923077 0.5472104375 0.5010248245192307 0.5561288846153846 0.4958290336538462
13 0.4889338125 0.4628095432692308 0.4801097403846154 0.449047 0.45243424038461544 0.4546873870192308 0.4460167331730769 0.47296224038461543 0.46165940624999996 0.48243809134615384 0.48091192788461534 0.47815139663461537 0.4889338125 0.4628095432692308
10 0.9421702403846154 0.4686755480769231 0.9433735240384615 0.4612302355769231 0.9108848942307692 0.4571691586538461 0.9072750456730769 0.4707060865384615 0.9421702403846154 0.4686755480769231
8 0.8471109182692308 0.46799869951923073 0.8491163894230769 0.4795050889423077 0.8800006418269231 0.4752183966346154 0.906472858173077 0.4702548557692308 0.9080772355769231 0.46326077644230773 0.9028630096153846 0.46326077644230773 0.8956433149038462 0.4619070817307692 0.8787973581730769 0.46506569951923077 0.8471109182692308 0.46799869951923073
2 0.7881500745192308 0.5027434831730769 0.7861446033653846 0.5074814086538462 0.7785238125 0.5147011033653845 0.7849413197115385 0.518310951923077 0.7965730504807692 0.5185365673076923 0.8049960288461538 0.5232744927884615 0.8394901298076923 0.5110912572115385 0.8575393677884615 0.5059021009615384 0.8635557812500001 0.49913363701923075 0.852325141826923 0.4837917836538462 0.7881500745192308 0.5027434831730769
2 0.9421702403846154 0.6067522211538462 0.9261264735576924 0.60088621875 0.92131334375 0.6002093701923077 0.9269286610576923 0.6117157596153846 0.9152969302884616 0.6187098413461538 0.9293352259615385 0.6290881514423077 0.9429724278846153 0.6263807668269231 0.9658347980769231 0.6178073774038462 0.9602194783653846 0.6146487620192308 0.9558074423076923 0.6069778365384615 0.9421702403846154 0.6067522211538462
7 0.8346769975961539 0.4869504014423077 0.8426988822115384 0.4837917836538462 0.8471109182692308 0.47792578125 0.8479131057692307 0.46664500721153845 0.8876214302884615 0.46235831250000003 0.8864181490384616 0.44363222836538463 0.850319673076923 0.43821745673076923 0.8390890336538461 0.4434066129807693 0.8302649639423076 0.43934553365384615 0.80579821875 0.4537849254807692 0.8013861826923077 0.46235831250000003 0.7901555432692308 0.4668706225961538 0.7937653918269232 0.4738647019230769 0.7973752403846154 0.4792794735576923 0.7909577331730768 0.4905602475961538 0.7953697692307693 0.49732871153846153 0.8346769975961539 0.4869504014423077
7 0.705925764423077 0.52237203125 0.7259804735576924 0.5194390288461539 0.7303925096153846 0.507932639423077 0.7223706274038462 0.49845679086538464 0.6690251009615384 0.5029691009615385 0.6718327596153847 0.5169572596153846 0.6802557379807692 0.5235001081730769 0.705925764423077 0.52237203125
13 0.7023159182692308 0.34774564903846156 0.6862721514423077 0.34661757211538463 0.6654152524038461 0.35203234375000003 0.6509758629807691 0.3673741971153846 0.6505747692307692 0.37775250961538465 0.6541846153846154 0.38474658894230773 0.6666185360576923 0.38632589663461536 0.6922885625 0.3788805865384616 0.6983049759615384 0.3725633533653846 0.7083323317307693 0.3590264230769231 0.7023159182692308 0.34774564903846156
8 0.6786513605769231 0.4070825216346154 0.6786513605769231 0.40414951923076925 0.6742393245192309 0.39692982451923076 0.6710305721153845 0.3903869759615385 0.6654152524038461 0.38655151201923077 0.6573933701923077 0.38745397355769234 0.6541846153846154 0.3910638221153846 0.6533824278846154 0.39602736298076924 0.6553878990384615 0.40234459615384616 0.6573933701923077 0.40956429086538465 0.66340978125 0.4118204471153846 0.6730360432692308 0.4118204471153846 0.6786513605769231 0.4070825216346154
4 0.9165002115384616 0.4147534471153846 0.8743853221153847 0.39489928605769226 0.8479131057692307 0.40505198076923077 0.8888247139423077 0.4217475264423077 0.8968465985576923 0.41904014182692306 0.9012586346153846 0.42016821875 0.9165002115384616 0.4147534471153846
7 0.7404198653846153 0.3583495769230769 0.75044721875 0.36782542788461536 0.7680953653846154 0.3680510432692307 0.7933642980769231 0.3870027427884616 0.7917599206730769 0.3912894375 0.8178310432692307 0.38384412740384616 0.8390890336538461 0.3754963533653846 0.8426988822115384 0.3680510432692307 0.8342759038461539 0.36150819471153844 0.822243079326923 0.3529348052884615 0.8053971225961539 0.34571511057692306 0.7897544495192308 0.3439101875 0.7889522620192307 0.33872103125 0.7596723870192308 0.33398310576923074 0.7323979807692308 0.33511118269230766 0.7299914158653846 0.34503826442307695 0.7155520264423078 0.3529348052884615 0.7251782860576923 0.3536116514423077 0.7404198653846153 0.3583495769230769
7 0.6581955576923076 0.41813768028846154 0.6638108774038461 0.41294852403846155 0.6545857091346154 0.40798498317307696 0.6517780504807693 0.3987347475961539 0.6405474134615384 0.3980579014423077 0.6245036466346154 0.40144213461538464 0.6192894206730769 0.4082105985576923 0.6152784783653846 0.4143022163461539 0.6160806682692308 0.42016821875 0.6228992692307693 0.42468052884615387 0.631322247596154 0.4249061442307692 0.6413496009615384 0.4258086057692308 0.6537835216346154 0.4244549134615384 0.6581955576923076 0.41813768028846154
7 0.45243424038461544 0.42558299038461533 0.45123095913461536 0.4328026850961538 0.46165940624999996 0.4364125336538462 0.48331849278846156 0.4224243725961539 0.4869283413461538 0.4100155216346154 0.4700823846153846 0.40166775 0.4656703485576923 0.3991859783653846 0.4632637836538462 0.41249729326923074 0.45243424038461544 0.42558299038461533
13 0.4432090745192308 0.4061800600961538 0.43679156730769225 0.4188145264423077 0.4464178269230769 0.42084506490384616 0.4544397115384615 0.4217475264423077 0.4612583125 0.4122716778846154 0.46366487740384615 0.40798498317307696 0.45484080528846155 0.4070825216346154 0.4432090745192308 0.4061800600961538
0 0.48933490625 0.39083820673076924 0.47970864423076925 0.40121651923076923 0.47609879807692307 0.40414951923076925 0.48371958653846153 0.4082105985576923 0.48291739903846154 0.42219875721153843 0.4620605 0.4359613028846154 0.4500276754807692 0.43347953125 0.4532364278846154 0.45265684855769234 0.47369223317307696 0.4488213846153846 0.4881316225961539 0.44092484375 0.49695569471153844 0.4249061442307692 0.48933490625 0.39083820673076924
7 0.6020423725961538 0.5104144110576923 0.6212948918269231 0.507932639423077 0.6281134927884615 0.49935925240384615 0.6285145865384615 0.4892065552884616 0.6156795745192307 0.47566962740384616 0.5936193942307693 0.4783770120192308 0.5960259591346154 0.4905602475961538 0.5972292403846153 0.505676485576923 0.6020423725961538 0.5104144110576923
7 0.7123432716346154 0.48965778605769233 0.7055246706730769 0.4795050889423077 0.6826623028846155 0.4783770120192308 0.6614043100961537 0.4864991706730769 0.6565911802884615 0.4874016322115385 0.6606021225961538 0.4925907884615385 0.6646130649038462 0.4980055600961538 0.6726349471153846 0.5009385600961539 0.6850688677884615 0.5000360985576923 0.6995082596153845 0.49913363701923075 0.7051235769230769 0.49642624999999996 0.7123432716346154 0.48965778605769233
7 0.6934918461538462 0.47409031730769235 0.6950962235576923 0.4677730841346154 0.704722483173077 0.4531080793269231 0.6862721514423077 0.44837015384615386 0.6670196298076922 0.4504006923076923 0.6766458894230769 0.45694354086538463 0.6742393245192309 0.469803625 0.6674207235576923 0.4713829326923077 0.6517780504807693 0.48356616826923077 0.6513769567307693 0.48514547596153845 0.6646130649038462 0.481986860576923 0.6694261947115384 0.4828893221153846 0.6838655865384615 0.47702331971153844 0.6934918461538462 0.47409031730769235
7 0.5868007932692307 0.4641632379807692 0.5956248653846153 0.4540105408653846 0.5775756274038462 0.44227853605769235 0.5811854735576923 0.42829037499999995 0.5511034110576923 0.43460761057692304 0.5418782427884615 0.45085192307692307 0.5378673028846154 0.4619070817307692 0.5515045048076923 0.4702548557692308 0.5635373293269231 0.4815356298076923 0.57557015625 0.4828893221153846 0.5807843798076923 0.47747455048076926 0.5884051682692307 0.46890116346153843 0.5868007932692307 0.4641632379807692
7 0.6409485072115384 0.5293661105769231 0.6180861394230769 0.5248538004807692 0.6080587836538461 0.5219208004807693 0.5980314302884615 0.5244025697115384 0.5976303365384615 0.5280124182692307 0.5936193942307693 0.5322991129807693 0.590009545673077 0.5368114206730769 0.6008390889423076 0.5417749615384616 0.6144762908653847 0.5401956538461539 0.6220970817307693 0.5372626514423077 0.6253058341346154 0.5334271899038462 0.6353331899038461 0.5332015745192308 0.6409485072115384 0.5293661105769231
0 0.4508298629807692 0.3299220264423077 0.47369223317307696 0.34300772596153845 0.4748955144230769 0.34661757211538463 0.4849228701923077 0.34661757211538463 0.5049775793269231 0.32879394951923074 0.49294475240384616 0.31029348076923075 0.48051083413461537 0.3010432451923077 0.4428079807692308 0.3136777115384615 0.4508298629807692 0.3299220264423077
11 0.42636311778846153 0.30510432451923075 0.42315436538461537 0.31480579086538457 0.42917077884615384 0.31773879086538465 0.4412036033653846 0.3166107139423077 0.4460167331730769 0.30984225 0.4476211105769231 0.30239693990384614 0.43799485096153845 0.30172009134615385 0.42636311778846153 0.30510432451923075
0 0.5968281466346154 0.2622373846153846 0.5743668725961538 0.27690238942307693 0.6092620673076923 0.31029348076923075 0.6457616370192307 0.28953685576923077 0.6116686322115384 0.2622373846153846 0.5968281466346154 0.2622373846153846
8 0.9189067788461538 0.2581763052884615 0.9060717644230769 0.25298714903846153 0.8888247139423077 0.26313984615384617 0.876791889423077 0.27622554326923077 0.8703743822115384 0.2793841610576923 0.8751875120192308 0.28479893028846154 0.8755886057692308 0.2877319326923077 0.877995170673077 0.289085625 0.8872203365384616 0.286152625 0.8976487860576923 0.2773536201923077 0.9048684807692309 0.27013392548076925 0.9152969302884616 0.262463 0.9189067788461538 0.2581763052884615
8 0.9193078725961539 0.23403544951923075 0.9277308509615385 0.2326817548076923 0.9321428846153845 0.22771821634615386 0.9257253798076923 0.22681575240384613 0.9189067788461538 0.2216265985576923 0.9012586346153846 0.21937044230769231 0.8763907932692308 0.21756551923076922 0.8667645336538462 0.21711428846153843 0.8587426490384615 0.2195960576923077 0.8531273317307692 0.22591329086538461 0.8535284254807693 0.22907190865384616 0.8703743822115384 0.23177929326923077 0.8800006418269231 0.23358421875000002 0.9016597283653845 0.23606598798076922 0.9193078725961539 0.23403544951923075
8 0.9734555865384615 0.20019312740384618 0.9598183846153846 0.19658327884615384 0.9433735240384615 0.19297343028846156 0.9297363197115385 0.19432712500000002 0.923318814903846 0.19500397115384616 0.9193078725961539 0.20086997355769232 0.9265275673076924 0.20290051201923076 0.9425713341346154 0.20560789903846155 0.9598183846153846 0.20921774519230768 0.965433701923077 0.2085408990384615 0.9702468341346153 0.20470543749999998 0.9750599639423078 0.20425420432692307 0.9734555865384615 0.20019312740384618
8 0.9754610576923077 0.21395567067307694 0.9554063485576924 0.21982167307692307 0.9397636754807692 0.22591329086538461 0.9321428846153845 0.22929752403846154 0.9301374158653846 0.2326817548076923 0.9241210024038462 0.2338098341346154 0.9277308509615385 0.23877337259615386 0.9373571105769231 0.23674283413461536 0.9538019711538461 0.2324561394230769 0.9694446442307693 0.22704136778846154 0.97907090625 0.22072413461538462 0.9754610576923077 0.21395567067307694
8 0.8828083004807692 0.21711428846153843 0.8920334663461538 0.2182423653846154 0.9084783293269231 0.2195960576923077 0.9201100600961538 0.22004728846153845 0.9301374158653846 0.21869359615384615 0.9341483557692307 0.21215074759615385 0.9273297548076923 0.2060591298076923 0.92131334375 0.20741282211538462 0.9056706706730769 0.20696159134615386 0.8924345625 0.20673597596153848 0.8852148653846155 0.20808966826923078 0.8812039254807692 0.21012020913461538 0.8771929831730769 0.21102267067307692 0.878396264423077 0.21260197836538464 0.8832093942307692 0.21395567067307694 0.8828083004807692 0.21711428846153843
2 0.9132914591346153 0.17875965625 0.9144947427884615 0.1855281201923077 0.9237199086538461 0.18800989182692307 0.9313406971153846 0.18800989182692307 0.9469833701923077 0.17402173076923078 0.9566096298076924 0.1600335721153846 0.9570107259615385 0.15416756971153844 0.9618238557692307 0.14897841346153845 0.9674391730769231 0.1363439471153846 0.9602194783653846 0.13476463701923078 0.9550052548076924 0.13950256249999998 0.9453789927884616 0.14762472115384614 0.9317417908653846 0.15574687740384616 0.9217144374999999 0.1697350360576923 0.9132914591346153 0.17875965625
2 0.7709030240384614 0.2651703846153846 0.7692986466346153 0.2622373846153846 0.7568647259615384 0.2622373846153846 0.7376122067307692 0.26471915384615385 0.7255793798076924 0.265396 0.7147498365384616 0.26742653846153847 0.7127443653846155 0.27171323317307694 0.7199640625 0.2782560817307692 0.7356067355769231 0.27712800480769234 0.7508483149038461 0.27284131009615387 0.7648866105769231 0.26990831009615385 0.7709030240384614 0.26832900240384616 0.7709030240384614 0.2651703846153846
2 0.7745128701923077 0.23561475721153846 0.7813314735576923 0.23764529567307693 0.7873478846153846 0.2329073701923077 0.7933642980769231 0.22613890625 0.8001828990384615 0.21530936298076925 0.7997818052884615 0.21079705528846154 0.7885511682692308 0.20651036057692307 0.7813314735576923 0.21034582451923076 0.7701008341346154 0.22388275240384617 0.7648866105769231 0.2329073701923077 0.7640844230769231 0.23719406490384615 0.762881139423077 0.24396252884615383 0.7596723870192308 0.25118222596153844 0.7584691033653846 0.25321276442307694 0.7644855168269231 0.2552433028846154 0.7733095889423077 0.24734676201923078 0.7761172475961539 0.2421576057692308 0.7745128701923077 0.23561475721153846
3 0.6954973173076924 0.25952999759615386 0.7083323317307693 0.2660728461538462 0.7115410841346154 0.26787777163461535 0.72036515625 0.26449353846153845 0.7215684375 0.26110930528846155 0.7087334254807692 0.25772507451923077 0.7003104471153846 0.24509060817307693 0.6854699615384615 0.2496029158653846 0.6954973173076924 0.25952999759615386
2 0.9028630096153846 0.1803389639423077 0.9092805168269231 0.1823695048076923 0.9120881754807691 0.17853404086538463 0.9257253798076923 0.16454588221153846 0.934950545673077 0.1512345673076923 0.9417691466346153 0.14536856490384614 0.9469833701923077 0.13882571634615384 0.9465822764423077 0.12889863461538462 0.9413680528846153 0.12889863461538462 0.9337472620192308 0.13702079326923078 0.9329450745192307 0.14424048798076924 0.9305385096153846 0.14807595192307693 0.9261264735576924 0.14762472115384614 0.9185056826923077 0.14762472115384614 0.9124892716346154 0.1548444158653846 0.9052695745192308 0.16364341826923076 0.9032641057692307 0.17086311538461538 0.9000553509615384 0.1774059639423077 0.9028630096153846 0.1803389639423077
2 0.9197089663461538 0.10678831971153846 0.8996542572115385 0.10904447355769231 0.8976487860576923 0.1327340985576923 0.9036651995192307 0.14266118028846153 0.9044673870192308 0.15845426201923077 0.9100827067307692 0.15687495432692306 0.9165002115384616 0.14085625480769232 0.9205111538461538 0.13431340625000002 0.9197089663461538 0.10678831971153846
2 0.9481866538461539 0.05264060336538461 0.9329450745192307 0.06685437980769231 0.9361538269230769 0.06888491826923077 0.9425713341346154 0.06775684134615384 0.9509943125 0.06324453125 0.9610216658653846 0.060085913461538465 0.9718512091346153 0.05489675721153846 0.9886971658653846 0.04790267788461538 0.9979223317307693 0.03707313461538461 0.9971201442307692 0.019926358173076923 0.9903015432692308 0.025115514423076926 0.9778676225961539 0.028725362980769227 0.9590161971153847 0.04248790625 0.9481866538461539 0.05264060336538461
2 0.8130179134615385 0.12258140144230768 0.8009850865384615 0.12686809615384614 0.8082047836538462 0.1363439471153846 0.8166277596153846 0.1485271826923077 0.823045266826923 0.15078333653846154 0.8302649639423076 0.15281387740384617 0.8346769975961539 0.15010649038461538 0.8370835649038462 0.13950256249999998 0.8254518317307693 0.12077647836538462 0.8130179134615385 0.12258140144230768
2 0.7745128701923077 0.11468486057692308 0.7656887980769231 0.1300267139423077 0.7688975528846154 0.13205725240384616 0.7829358485576924 0.12325824759615384 0.7945675793269231 0.11942278605769231 0.8106113485576922 0.09798931490384614 0.8182321370192308 0.08580607932692308 0.7985785216346154 0.08197061538461538 0.7757161538461539 0.10949570432692307 0.7745128701923077 0.11468486057692308
7 0.7099367067307691 0.05782975961538461 0.7356067355769231 0.05264060336538461 0.8298638677884616 0.039554906249999994 0.8374846586538461 0.002102735576923077 0.7636833293269232 0.0016515048076923078 0.7227717211538462 0.017218973557692308 0.6991071634615385 0.05376868028846154 0.7099367067307691 0.05782975961538461
8 0.5314497956730769 0.19387589423076923 0.5366640192307692 0.19500397115384616 0.5462902788461539 0.19635766346153846 0.5527077860576923 0.1931990480769231 0.5523066923076922 0.18620496634615383 0.546691375 0.18304635096153848 0.5338563605769231 0.18507688942307693 0.5306476057692308 0.1877842764423077 0.5314497956730769 0.19387589423076923
7 0.4861261514423077 0.12664248076923076 0.49294475240384616 0.12325824759615384 0.49535131730769233 0.11378239903846153 0.49454912980769233 0.10205039423076924 0.4724889495192308 0.11017255048076922 0.46687363221153844 0.12528878846153846 0.47369223317307696 0.1327340985576923 0.4861261514423077 0.12664248076923076
7 0.47208785576923074 0.13183163701923076 0.46607144230769226 0.12641686538461538 0.4580495600961539 0.12641686538461538 0.4480222043269231 0.13183163701923076 0.43478609615384617 0.13499025240384616 0.43117625 0.13521586778846154 0.4363904735576923 0.13995379326923077 0.4436101682692308 0.1419843341346154 0.4528353341346154 0.14220994951923077 0.4648681610576923 0.13995379326923077 0.4700823846153846 0.13702079326923078 0.47208785576923074 0.13183163701923076
7 0.3838471346153846 0.02443866826923077 0.3621880480769231 0.037524365384615385 0.36740227403846154 0.04135982932692307 0.36539680288461535 0.04519529326923077 0.36780336778846157 0.052189372596153846 0.37381978125 0.05782975961538461 0.38063838221153845 0.057378528846153846 0.39146792548076925 0.05940906730769231 0.39387449038461536 0.05715291346153846 0.3926712067307693 0.04519529326923077 0.3838471346153846 0.02443866826923077
8 0.48051083413461537 0.22094975 0.5017688245192308 0.21124828605769233 0.504576485576923 0.20786405288461537 0.5069830504807692 0.2026748966346154 0.5053786730769231 0.19816258653846155 0.4913403774038461 0.2060591298076923 0.4724889495192308 0.21576059374999998 0.47690098557692306 0.22275467548076922 0.48051083413461537 0.22094975
8 0.6686240072115385 0.2297487548076923 0.6894809038461538 0.23313298798076923 0.6983049759615384 0.23019998557692306 0.7083323317307693 0.2297487548076923 0.7103378004807692 0.22230344471153846 0.7007115408653846 0.22072413461538462 0.6906841874999999 0.21508374759615384 0.6690251009615384 0.21756551923076922 0.6686240072115385 0.2297487548076923
13 0.38063838221153845 0.6726319399038462 0.38264385336538465 0.6660890913461538 0.3814405697115385 0.6590950120192307 0.36740227403846154 0.6516496995192308 0.3605836730769231 0.652777778846154 0.3545672596153846 0.6581925504807693 0.3601825769230769 0.6647353990384615 0.3565727307692308 0.6717294783653845 0.344941 0.6825590216346153 0.3561716370192308 0.6854920216346153 0.35416616586538463 0.6904555625 0.35938038942307693 0.6933885649038461 0.36579789663461537 0.6929373341346154 0.37261649759615384 0.6859432524038461 0.38063838221153845 0.6726319399038462
7 0.2739473293269231 0.66157678125 0.2663265384615384 0.6545827019230769 0.2530904302884615 0.6502960072115385 0.23985432211538463 0.6509728533653847 0.23103025 0.6455580817307692 0.2210028966346154 0.6471373918269231 0.2250138389423077 0.6550339326923077 0.22340946153846156 0.6667659375 0.22621712019230772 0.6782723269230769 0.2506838653846154 0.6782723269230769 0.2679309158653846 0.68233340625 0.27835936538461536 0.6836870985576924 0.2739473293269231 0.66157678125
13 0.2538926177884615 0.5225976466346154 0.2546948076923077 0.5194390288461539 0.2434641706730769 0.5192134134615385 0.23143134375000002 0.5304941875 0.2522882427884615 0.5395188076923076 0.26271668990384617 0.5352321129807692 0.2554969951923077 0.5293661105769231 0.2502827716346154 0.5264331105769231 0.2538926177884615 0.5225976466346154
6 0.3156611225961538 0.5099631802884615 0.3052326754807692 0.5365858052884616 0.3052326754807692 0.5465128870192307 0.31766659375 0.5512508125 0.3305016081730769 0.5537325817307692 0.33852349278846156 0.5429030384615385 0.3397267740384615 0.5158291826923077 0.33932568028846155 0.5115424879807692 0.32488629086538456 0.5097375649038461 0.3156611225961538 0.5099631802884615
9 0.3529628822115385 0.5756172836538462 0.3597814831730769 0.5708793581730769 0.3573749182692308 0.5652389711538461 0.34895193990384615 0.5591473533653846 0.3333092668269231 0.5605010456730769 0.3317048918269231 0.5681719735576923 0.3421333389423077 0.5740379759615385 0.3529628822115385 0.5756172836538462
7 0.6646130649038462 0.5449335793269231 0.6662174423076923 0.5589217379807693 0.6858710552884616 0.5528301201923077 0.705925764423077 0.5458360408653846 0.7147498365384616 0.5359089591346154 0.703920295673077 0.5273355721153846 0.6866732451923077 0.5316222644230769 0.6690251009615384 0.5408725 0.6646130649038462 0.5449335793269231
7 0.6164817620192308 0.6830102524038462 0.5932183004807693 0.6622536274038461 0.5527077860576923 0.6760161730769231 0.5743668725961538 0.6994801826923077 0.5884051682692307 0.7015107211538462 0.6132730096153846 0.6879737932692307 0.6164817620192308 0.6830102524038462
8 0.54789465625 0.04406721634615385 0.54789465625 0.03842682932692308 0.51781259375 0.04158544471153846 0.5154060264423077 0.04948198798076923 0.5174114975961538 0.05015883413461538 0.5218235336538461 0.049707603365384614 0.54789465625 0.04406721634615385
10 0.9979223317307693 0.17199119230769233 0.9907026370192308 0.17289365384615385 0.979472 0.18710743028846155 0.9782687163461539 0.1904916610576923 0.9862906009615385 0.19161973798076926 0.994312485576923 0.19139412259615385 0.9971201442307692 0.18868673798076924 0.9991256153846154 0.1844000432692308 0.9979223317307693 0.17199119230769233
8 0.6794535504807692 0.20222366586538462 0.6834644903846154 0.20132120432692308 0.6882776225961538 0.1992906658653846 0.6850688677884615 0.19500397115384616 0.6810579254807692 0.18597935096153848 0.6690251009615384 0.17447296153846154 0.6638108774038461 0.16883257451923078 0.6565911802884615 0.16905818990384616 0.6509758629807691 0.17108873076923076 0.6509758629807691 0.17560103846153846 0.6654152524038461 0.19274781490384615 0.6690251009615384 0.19658327884615384 0.6754426081730769 0.19816258653846155 0.6794535504807692 0.20222366586538462
6 0.6670196298076922 0.024664283653846153 0.6602010288461538 0.016316512019230768 0.6381408485576923 0.02488989903846154 0.6413496009615384 0.036621903846153846 0.6670196298076922 0.024664283653846153
7 0.8543306129807693 0.20335174278846152 0.777721625 0.1904916610576923 0.7644855168269231 0.22726698317307692 0.8001828990384615 0.23561475721153846 0.8250507379807692 0.2421576057692308 0.8579404615384616 0.20470543749999998 0.8543306129807693 0.20335174278846152
0 0.19773943269230768 0.4032470576923077 0.21378319951923078 0.40956429086538465 0.22260727163461538 0.4032470576923077 0.22060180288461537 0.3982835168269231 0.22421164903846155 0.39489928605769226 0.2165908605769231 0.39061259134615384 0.19773943269230768 0.4032470576923077
7 0.34534209374999997 0.7141451875 0.32769394951923075 0.7003826442307692 0.32488629086538456 0.6940654110576923 0.30322720432692307 0.6956447187499999 0.2980129783653846 0.7107609567307692 0.28999109615384616 0.722718576923077 0.2964086033653846 0.7306151177884614 0.2911943774038461 0.7360298894230769 0.28918890625 0.7391885072115384 0.2976118846153846 0.7398653533653847 0.32448519471153847 0.7292614254807692 0.34534209374999997 0.7213648822115384 0.34534209374999997 0.7141451875
7 0.5222246298076922 0.3551909615384616 0.5302465120192308 0.3529348052884615 0.5386694903846154 0.35045303605769235 0.5410760552884615 0.3472944182692308 0.5474935624999999 0.3454894951923077 0.5370651129807692 0.3382698004807692 0.5314497956730769 0.32879394951923074 0.5290432307692308 0.32337917788461534 0.5294443245192307 0.32947079567307697 0.5262355697115384 0.3342087211538462 0.5154060264423077 0.3362392596153846 0.5105928966346154 0.34142841586538464 0.5069830504807692 0.3443614182692307 0.5093896153846154 0.3509042668269231 0.5117961802884615 0.35722149999999997 0.5146038389423077 0.3556421923076923 0.5222246298076922 0.3551909615384616
6 0.43197843750000003 0.46641939182692305 0.41874232932692307 0.46844993028846155 0.41433029326923076 0.4702548557692308 0.38946245432692306 0.5131217956730769 0.40470403365384616 0.5133474110576923 0.43077515384615384 0.4718341634615385 0.43197843750000003 0.46641939182692305
7 0.2506838653846154 0.6169049158653847 0.23945322836538463 0.6049472956730769 0.21458538942307692 0.6243502283653846 0.2270193076923077 0.6405945408653846 0.2506838653846154 0.6169049158653847
4 0.28878781249999996 0.5835138245192307 0.287985625 0.587123673076923 0.2948042259615385 0.5880261346153847 0.30844142788461537 0.587123673076923 0.3200731586538461 0.5859955961538461 0.33090270192307697 0.5839650576923077 0.3357158317307692 0.5738123605769231 0.3088425216346154 0.5778734399038462 0.3008206394230769 0.5803552091346154 0.28878781249999996 0.5835138245192307
4 0.5214224399038462 0.8025864567307692 0.5222246298076922 0.7906288365384615 0.5150049326923077 0.7885982956730769 0.5077852379807692 0.7899519879807693 0.506180860576923 0.8025864567307692 0.5113950865384616 0.8140928461538461 0.5146038389423077 0.8231174639423077 0.5174114975961538 0.8274041586538462 0.5370651129807692 0.8204100793269231 0.5278399471153846 0.8102573822115384 0.5214224399038462 0.8025864567307692
8 0.348927875 0.5880847956730769 0.35201429567307696 0.5865314326923077 0.3547758293269231 0.5841557019230769 0.3499025336538461 0.5778508774038461 0.34795321634615384 0.5791301177884616 0.34486679567307693 0.5808662283653846 0.34243014903846153 0.5818713461538462 0.3412930480769231 0.5841557019230769 0.3399935024038462 0.5873538004807692 0.33804418509615386 0.5893640360576924 0.34096816105769234 0.5913742692307692 0.34226770673076923 0.5907346490384615 0.34502924038461535 0.5893640360576924 0.348927875 0.5880847956730769
8 0.35769980528846157 0.6497624278846155 0.3541260552884615 0.6308479543269231 0.35038986298076924 0.6100146201923077 0.34145549038461537 0.6103801177884616 0.34746588701923076 0.6528691514423077 0.3508771923076923 0.6578947379807693 0.35607537259615385 0.6577119879807692 0.35769980528846157 0.6497624278846155
4 0.25449425961538463 0.577535014423077 0.25990903125 0.5836266322115384 0.2657248966346154 0.5839650576923077 0.27575225240384615 0.5755044759615384 0.26953529326923076 0.5700897043269231 0.25449425961538463 0.577535014423077
7 0.28557906009615386 0.6323595769230769 0.2548953533653846 0.6332620384615384 0.24326362259615383 0.6328108076923077 0.2434641706730769 0.6386768100961538 0.24767565865384616 0.6390152331730768 0.2478762067307692 0.6428506971153846 0.2540931658653846 0.6451068509615384 0.29520531971153846 0.6433019278846154 0.30483158173076924 0.6394664639423078 0.30503212740384616 0.6261551514423077 0.28557906009615386 0.6323595769230769
7 0.27555170432692305 0.652777778846154 0.2940020384615385 0.6681196298076924 0.29841407451923074 0.6674427836538462 0.29781243269230767 0.6526649711538461 0.2911943774038461 0.6506344302884616 0.28999109615384616 0.6440915817307692 0.2639199735576923 0.6456708894230769 0.2699363870192308 0.6519881225961538 0.27555170432692305 0.652777778846154
7 0.30021899759615384 0.6738728245192308 0.30342775 0.6647353990384615 0.2992162620192308 0.6646225913461539 0.29781243269230767 0.6682324374999999 0.29420258413461536 0.668570860576923 0.28858726682692304 0.6759033653846154 0.28878781249999996 0.6791747884615386 0.2940020384615385 0.6815437524038461 0.2962080552884615 0.6859432524038461 0.2931998485576923 0.6883122163461538 0.29580696153846153 0.6923732932692308 0.30463103365384614 0.6939526033653846 0.3182682355769231 0.6819949831730768 0.30021899759615384 0.6738728245192308
8 0.7681506874999999 0.27026618269230773 0.7539602524038462 0.2721566850961538 0.7326745985576923 0.28370975240384616 0.7229653533653846 0.2925320961538462 0.7375292211538462 0.2992538822115385 0.7662835240384616 0.2801388052884616 0.7681506874999999 0.27026618269230773
10 0.8327545120192308 0.3009343293269231 0.8208046730769231 0.30471533173076926 0.8204312403846153 0.3076561129807692 0.8241655649038461 0.3114371177884615 0.8252858629807692 0.3135376754807692 0.837235701923077 0.30954661538461536 0.8450777860576923 0.3061857235576923 0.8461980841346153 0.29988404807692304 0.83611540625 0.29652315625000003 0.8327545120192308 0.3009343293269231
8 0.7961581274038461 0.32362035336538464 0.8092282644230769 0.33979464903846157 0.8271530240384616 0.32278012980769233 0.8211781057692308 0.3160583461538462 0.7961581274038461 0.32362035336538464
8 0.7924238004807692 0.34357565384615385 0.8058673725961539 0.34483598798076925 0.8096016971153847 0.3412650408653847 0.7969049903846154 0.3280315240384616 0.7868223125 0.33895442548076926 0.7924238004807692 0.34357565384615385
4 0.45726986298076927 0.17062906490384616 0.4530190144230769 0.16601765384615386 0.4439100528846154 0.1689211346153846 0.4515008533653846 0.1878791610576923 0.45818075721153845 0.18907471153846153 0.4636461346153846 0.1841217139423077 0.45726986298076927 0.17062906490384616
7 0.9342758076923077 0.41110564663461535 0.9397411826923077 0.4155462644230769 0.9497610408653846 0.4131551610576923 0.9801242451923078 0.4268186033653846 0.9986458004807692 0.4312592235576923 0.9980385360576923 0.39334317067307695 0.9871077836538462 0.3935139639423077 0.9625135865384615 0.39556348076923076 0.9406520793269231 0.40427392548076924 0.9342758076923077 0.41110564663461535
7 0.9983421682692307 0.38719462259615384 0.9983421682692307 0.38087528125000003 0.9883223125 0.37865497115384616 0.9761770288461539 0.3672118389423077 0.9691934927884615 0.36840738942307694 0.9664608052884615 0.37318959375 0.9679789639423078 0.37523911057692305 0.9722298125000001 0.38036290144230767 0.9810351418269231 0.38446193269230766 0.990447735576923 0.387707 0.9983421682692307 0.38719462259615384
7 0.29983150000000003 0.39662008173076924 0.29184700721153845 0.38934111298076923 0.2750520360576923 0.3944518774038462 0.27395072836538464 0.40142110096153844 0.2673428701923077 0.4035893052884615 0.2756026923076923 0.40931955528846153 0.2805585841346154 0.4082354543269231 0.28771709615384616 0.41009391346153845 0.2973535528846154 0.4082354543269231 0.29983150000000003 0.39662008173076924
7 0.29129635096153844 0.4805605120192308 0.30781599278846156 0.4842774302884615 0.3204810528846154 0.4783923076923077 0.31442385096153846 0.4678610360576923 0.3025847740384615 0.4618210432692308 0.28441316826923074 0.4703389831730769 0.29129635096153844 0.4805605120192308